4307 11278
339.713 3.80314 1
72.5191 4.42085 1
158.049 4.9461 2
294.845 6.92994 1
31.7639 7.72156 1
72.6833 7.67199 1
348.305 8.51215 1
83.843 8.97967 3
316.355 8.68191 2
346.405 8.40618 3
298.209 9.37533 1
154.815 10.0455 1
159.008 10.2302 1
163.429 10.7004 6
329.458 10.9554 2
55.5763 11.4253 5
128.067 11.4266 5
166.815 12.0845 4
353.389 11.8761 1
22.5079 13.0844 4
34.327 13.4347 7
166.441 14.7696 2
306.181 14.3223 4
25.2877 15.6915 7
353.473 16.148 2
160.716 16.8755 1
10.0678 17.1274 2
306.659 18.3379 7
328.139 17.606 1
329.14 20.344 2
345.139 20.7899 6
305.865 21.0686 1
351.16 20.6449 3
353.51 20.7904 1
344.23 21.6413 2
304.969 23.3345 7
321.568 24.4503 10
231.137 25.4728 9
351.159 26.286 4
224.091 26.198 4
324.286 26.3899 1
239.865 26.9332 2
209.793 27.4462 11
29.2478 29.9452 1
324.478 29.9488 6
307.179 32.0227 6
323.464 34.7725 8
256.933 34.9391 5
148.666 35.1775 12
307.103 35.7024 13
264.009 38.1935 5
322.639 38.0642 12
341.445 38.8473 1
267.99 40.1236 13
308.172 40.183 4
318.903 40.392 3
271.358 41.6966 1
308.351 43.2295 3
277.674 44.63 4
282.023 46.55 8
218.532 47.446 9
285.664 48.0656 10
207.998 48.6139 5
193.742 48.5423 5
201.799 49.1148 2
213.226 49.6074 4
172.706 50.7411 5
214.646 52.2676 3
155.209 52.177 8
296.268 52.8232 2
190.852 53.5509 13
226.905 53.0825 3
212.377 54.5073 7
299.927 54.2583 5
182.842 54.7288 3
353.253 54.8933 1
123.216 54.8527 12
120.125 55.6081 2
303.827 56 6
111.552 55.6353 3
97.1433 56.9889 4
115.382 56.6068 15
200.896 57.4533 16
333.005 56.9937 4
131.855 56.4948 18
159.149 57.4553 15
83.0592 58.2233 5
89.5826 58.6362 4
147.686 59.3026 13
167.446 59.5436 2
155.496 59.0003 4
172.689 59.7899 10
103.73 59.3102 12
225.027 60.93 1
203.265 62.2888 2
113.559 62.8149 1
78.9125 63.3778 3
119.813 63.5245 9
2.73316 65.505 1
54.9121 66.5329 8
203.455 66.2359 2
215.3 65.7012 3
224.625 66.393 17
140.191 68.0122 5
331.065 67.9016 1
335.101 69.9015 7
54.6549 72.1803 16
95.3548 72.5604 5
139.298 72.3626 8
340.189 71.7144 9
79.3927 72.4417 5
164.884 72.5137 4
138.742 73.2697 1
227.342 73.2464 2
131.477 73.7293 1
148.428 73.8866 2
120.239 74.3105 1
209.2 74.0525 7
196.987 74.679 3
109.214 74.7228 8
188.916 75.662 3
180.883 76.0611 2
133.187 76.9145 4
170.472 76.5503 3
95.6719 77.6783 2
163.124 77.4832 2
153.981 78.2278 2
79.4421 78.5403 1
90.1733 78.6515 21
100.752 82.0679 4
93.5725 82.6161 1
84.542 83.1548 3
353.34 93.5968 2
56.4278 96.2083 1
243.286 97.5672 4
257.261 99.9166 4
262.343 100.493 3
176.977 102.01 15
156.622 102.05 20
186.615 102.934 26
277.812 103.179 8
187.755 102.063 12
353.42 105.178 2
304.755 107.591 5
56.2889 108.632 1
353.383 108.808 1
151.544 111.199 19
322.87 110.195 3
56.4827 111.192 2
134.043 111.932 1
334.08 111.738 4
340.71 111.629 8
353.411 112.418 1
142.525 115.191 2
147.164 116.662 23
142.25 117.539 7
132.436 118.594 5
157.399 117.284 11
174.185 118.987 9
162.779 119.71 12
169.672 119.43 9
172.231 119.326 9
152.915 121.305 2
149.846 121.065 6
146.015 122.805 11
142.108 122.791 26
158.1 124.232 3
179.109 124.54 5
121.757 125.958 8
159.881 124.869 7
148.075 126.764 13
353.424 127.776 2
154.243 128.196 2
126.654 128.469 11
132.629 129.781 18
130.832 131.404 1
10.9502 131.985 4
353.416 133.41 1
133.638 135.664 11
172.413 136.395 11
166.341 136.956 15
57.0358 137.953 1
185.381 137.015 18
13.405 138.35 1
169.493 139.968 3
145.344 139.883 5
174.371 140.714 1
186.195 141.018 4
57.1507 141.862 2
13.4815 143.326 5
134.656 143.641 5
130.365 145.392 3
122.085 147.226 2
353.327 150.381 1
57.6511 152.574 2
353.395 154.968 1
340.3 158.679 3
332.276 159.77 5
324.91 161.051 7
318.847 162.088 4
300.826 164.813 15
296.78 165.342 2
290.127 166.495 7
286.326 167.278 1
276.399 168.767 8
57.8903 168.831 5
50.4202 169.799 6
268.226 170.258 23
57.849 173.108 3
184.635 172.788 21
208.623 175.128 3
198.148 175.553 2
58.1005 176.208 1
58.1543 181.704 1
120.471 185.291 12
191.326 185.86 1
171.215 188.699 15
58.5019 190.917 1
59.388 203.335 3
59.3477 206.99 4
328.049 211.85 1
59.2005 219.054 1
59.4736 222.412 1
272.508 238.66 1
58.8916 242.489 13
259.6 244.547 6
59.9845 246.815 5
250.169 248.908 13
60.368 254.117 5
74.2676 259.608 2
60.8857 274.289 2
61.0791 276.555 1
61.0301 278.844 1
61.5399 283.388 1
5.07434 2.60137 1
36.3618 2.21311 1
58.4677 2.11514 1
75.1297 2.32096 3
96.9188 2.22641 1
102.066 2.16249 1
106.534 2.15337 1
113.063 2.30606 1
153.74 2.53155 1
161.446 2.23961 1
333.033 2.21369 1
352.238 2.21981 2
49.5868 2.8699 1
53.8719 2.8419 1
80.6798 3.24438 1
84.0601 4.35872 1
34.0128 5.01494 2
57.8786 5.12958 1
137.735 5.72414 1
25.364 6.64742 1
79.2198 6.66348 1
289.649 6.35312 1
37.3864 6.74412 1
57.8387 8.34882 1
5.21713 9.62145 1
295.589 10.3688 1
348.419 10.8936 1
24.3797 11.2138 1
77.3909 11.5219 1
151.305 12.3191 2
11.9063 13.2827 4
331.784 12.6248 6
29.0608 13.7983 3
4.87323 13.6692 1
56.2669 14.5897 4
300.955 14.14 1
127.84 15.4792 9
142.9 16.0482 1
34.3031 16.9227 4
348.044 17.1269 3
4.47218 18.1243 1
26.3289 18.0329 6
10.3142 19.4144 3
139.897 20.6431 5
311.368 22.3937 10
4.78912 22.3688 1
334.86 23.4348 9
346.872 23.1572 1
343.069 24.6655 5
306.589 27.4464 7
236.912 29.3799 5
225.784 29.2082 3
310.711 29.6292 10
214.487 29.9949 1
40.5968 31.3552 3
158.493 31.9387 13
4.86013 32.2268 1
184.426 32.7055 2
327.355 32.7956 11
332.685 34.6007 1
310.482 35.1369 13
251.175 35.7247 1
140.235 36.8596 1
151.228 37.1361 1
128.755 37.5285 5
330.538 38.031 1
4.88282 38.3826 1
119.891 38.5949 2
114.118 40.0109 1
305.615 39.6838 1
49.1291 40.6156 4
337.679 41.6722 10
42.2025 41.4849 2
107.931 41.8309 2
35.8307 43.2822 4
320.283 43.464 23
18.2584 44.2706 4
331.781 43.787 1
11.6644 44.315 2
83.9354 44.4031 4
74.3369 46.1564 5
340.481 46.2709 6
309.066 46.1289 4
321.996 47.3679 8
328.645 47.8025 7
56.7458 48.5203 1
223.269 50.6182 48
218.278 50.868 17
55.7992 50.3208 1
208.998 50.8531 12
201.902 51.75 8
193.904 52.4721 14
185.824 52.9972 16
229.578 52.9295 1
220.62 53.8909 13
39.2217 54.2292 4
208.422 54.0529 3
51.9478 55.2198 4
155.321 55.0624 19
151.432 56.0031 21
225.584 55.7497 17
14.2108 56.7658 2
125.047 57.9421 16
178.16 57.3713 1
338.781 58.0573 4
301.411 57.7636 1
119.932 58.2448 9
154.635 58.5273 8
333.194 59.6787 7
31.7769 59.2926 1
62.3387 59.5524 2
138.143 59.6818 2
205.425 59.6601 2
20.382 59.8471 3
98.3518 60.4912 25
125.586 60.6086 4
220.98 61.4803 8
342.409 60.2043 1
88.1955 61.0962 8
188.532 60.611 4
209.657 60.9657 1
82.8957 61.5003 17
109.685 61.4972 3
150.929 62.1873 5
155.065 62.9322 29
170.149 62.3689 9
174.952 62.5078 15
4.79869 63.5181 1
85.5818 63.9974 7
111.273 64.4668 8
160.301 64.7726 5
172.75 65.378 8
153.717 66.5612 6
4.78298 67.1668 1
221.368 66.7212 3
323.847 67.5603 1
86.2269 67.8543 35
15.7518 68.8603 3
20.2887 68.7204 1
90.066 69.5399 8
154.409 69.904 7
210.109 69.3947 2
224.412 69.8659 40
126.648 70.6185 1
206.466 71.1531 16
84.7502 71.1907 3
194.574 71.2714 32
186.29 72.6428 23
4.77682 72.6245 1
230.305 72.9378 1
167.925 73.6681 29
159.9 73.4433 22
151.144 74.9492 27
58.9362 75.6803 4
126.515 74.1218 3
192.264 76.2074 9
123.25 77.0625 15
196.56 77.3797 7
106.37 77.6714 12
189.613 77.6082 5
102.243 78.1691 1
139.644 78.2323 1
172.818 78.033 6
180.475 78.1167 3
98.5177 78.648 17
113.786 79.1703 1
143.434 79.7271 6
82.4338 79.5566 29
163.214 79.7923 3
139.622 81.5412 5
124.443 82.915 7
97.3163 83.107 6
100.767 84.019 1
93.4939 84.7307 2
84.3587 85.2312 4
242.764 86.6 17
344.309 94.2788 11
147.256 96.0936 5
350.876 95.7435 1
80.262 97.524 1
71.2104 98.169 5
246.587 102.481 10
315.974 103.83 5
5.02714 103.957 1
126.244 104.764 6
168.049 104.547 1
192.619 105.051 15
134.726 105.346 1
185.435 105.582 1
63.6499 106.591 8
278.999 106.568 1
283.85 107.29 3
155.401 108.78 17
59.4867 108.998 17
142.44 109.731 17
146.297 111.519 2
346.867 111.982 4
151.495 115.997 6
59.4886 117.231 8
155.015 120.444 11
158.854 119.71 8
178.61 119.706 15
131.843 121.157 10
167.574 123.097 17
162.746 122.451 9
182.255 122.575 7
149.77 124.261 8
175.262 124.171 3
145.189 125.812 9
136.272 125.942 24
153.524 125.841 1
131.427 128.808 7
146.545 129.751 3
348.333 129.933 7
4.58345 130.574 1
170.54 131.342 4
163.782 131.827 10
135.091 132.2 11
129.377 132.836 8
352.081 133.337 1
169.533 134.634 4
176.711 135.314 17
5.009 135.211 1
182.29 137.125 20
134.537 138.625 14
174.31 138.534 4
184.176 140.015 1
347.894 140.158 2
188.092 143.641 47
138.876 144.811 1
174.365 144.776 27
192.797 146.228 1
134.054 146.579 1
184.105 147.045 10
163.193 147.435 7
125.378 147.889 9
130.952 148.017 1
151.776 147.652 2
14.0041 151.52 1
350.69 152.387 3
8.61207 153.02 1
348.134 155.734 3
315.096 157.619 3
306.688 158.503 4
297.765 159.748 5
302.631 159.808 2
193.178 160.308 2
294.836 160.595 1
341.878 161.972 5
128.628 164.268 8
324.604 164.588 7
245.696 164.954 8
317.464 165.286 1
314.334 165.586 2
306.964 166.628 1
272.451 172.376 1
37.4095 172.489 1
49.7437 173.612 7
128.705 173.326 2
267.794 173.321 2
254.058 174.96 2
64.8793 175.799 5
189.43 175.566 13
144.608 176.13 1
246.477 176.377 7
236.881 177.498 5
210.28 178.126 6
216.444 177.471 3
64.9101 178.353 5
199.519 178.461 12
204.981 178.214 5
129.143 180.085 2
173.913 180.878 24
110.028 180.872 1
114.986 180.956 1
96.3651 181.254 1
143.618 182.939 4
177.195 183.542 5
182.555 190.842 4
347.051 199.563 1
180.758 201.98 3
158.11 205.291 6
62.2453 205.707 16
62.0083 211.773 9
332.32 212.883 1
328.529 215.452 5
61.8494 216.441 20
322.083 218.369 4
318.341 219.496 1
305.548 219.997 1
62.3975 220.597 4
40.164 225.041 7
43.9247 225.181 6
48.1451 225.303 6
5.21991 225.686 1
44.5542 228.91 2
272.76 233.725 2
284.048 235.565 3
267.047 237.079 1
280.835 237.858 1
261.635 239.523 1
259.124 240.559 1
267.694 243.426 2
77.6505 244.33 4
260.816 247.84 8
67.4457 247.714 12
62.8956 249.709 11
253.067 250.479 1
79.8546 253.602 1
241.773 254.149 3
345.109 253.912 2
232.984 254.15 2
121.304 255.116 3
173.165 255.095 3
145.632 255.515 7
151.663 255.151 1
160.788 255.855 4
167.31 255.817 6
219.999 257.871 3
337.897 259.489 2
79.1442 260.252 5
329.831 260.814 1
326.085 263.543 1
73.9671 264.532 7
74.9529 267.449 3
262.179 268.593 3
316.75 271.378 1
5.07051 274.339 1
64.1662 274.839 4
35.444 275.484 2
64.3743 284.468 2
113.185 17.6403 2
156.076 19.2215 3
304.155 31.4585 5
162.9 35.0367 5
338.175 37.2938 6
341.238 41.8591 8
69.6303 48.0454 13
172.392 54.4172 23
211.072 57.0446 2
218.903 58.3017 9
197.721 61.4955 1
138.955 61.6538 10
128.733 63.1769 12
190.772 64.433 18
103.059 66.0903 1
82.4023 67.0826 15
198.84 69.5188 2
219.135 69.608 11
128.051 70.5762 1
182.246 70.8779 2
147.229 71.6091 7
178.204 71.8986 28
102.406 72.7749 2
155.438 73.4199 2
184.573 76.6966 5
85.9258 77.5495 11
349.513 86.3309 3
126.746 97.7044 17
137.774 100.776 10
64.0749 101.439 1
121.529 104.484 10
268.086 105.075 2
174.006 104.909 1
112.2 108.714 3
106.19 109.345 4
71.0089 110.356 3
77.3941 110.363 1
64.5567 112.005 18
124.119 113.222 14
131.254 115.874 29
189.726 117.974 5
138.174 120.963 14
125.887 134.973 6
165.421 142.419 11
159.527 142.975 7
181.343 143.221 24
124.937 155.285 39
134.872 155.628 3
324.911 158.077 1
290.664 170.173 2
285.113 171.28 1
277.707 173.14 4
268.554 174.825 4
263.64 174.935 1
258.717 176.524 4
251.378 178.301 7
195.116 181.853 12
61.5733 181.737 22
188.764 182.463 3
82.2612 184.545 2
65.7472 185.374 13
132.128 187.671 6
330.25 209.127 2
339.81 209.78 2
313.523 217.226 16
286.224 227.943 17
280.91 230.851 1
345.5 248.926 4
69.1175 255.146 6
115.182 255.595 2
96.8574 255.966 6
81.278 257.386 1
235.582 257.099 5
209.514 258.334 5
215.209 257.763 5
230.119 257.856 2
334.254 257.897 10
56.097 276.091 3
352.826 4.64544 1
71.5957 7.52014 1
296.904 7.44512 1
50.3029 9.47128 1
129.46 10.7726 1
352.135 12.5183 1
164.809 15.5807 1
305.259 18.6779 3
345.335 21.5038 1
304.977 22.8125 1
233.648 26.1475 3
219.73 26.4406 3
210.96 27.3533 4
244.137 29.1711 8
353.694 30.2517 1
324.208 31.1253 1
171.211 30.6913 12
160.732 32.1343 4
251.623 32.4402 1
335.188 31.0194 11
117.803 36.517 1
323.216 37.6214 1
110.648 38.1088 7
299.863 40.5527 5
353.086 41.6921 1
206.593 47.3511 5
213.848 48.3945 5
198.219 49.9797 10
292.679 51.3878 4
51.4663 51.3691 5
86.5484 57.8824 5
193.08 60.4566 12
176.137 63.2218 3
165.058 70.9237 4
79.0461 71.3662 1
139.79 70.7502 3
195.815 72.2276 3
56.0248 73.6997 2
109.497 73.8456 5
160.503 74.2069 2
353.221 82.171 1
154.054 88.3214 5
340.846 103.621 4
74.0874 106.92 1
118.609 109.833 12
140.395 117.336 6
352.956 119.315 1
164.252 119.273 5
157.994 128.711 5
167.189 129.261 10
140.296 131.035 11
152.102 130.838 1
353.037 135.84 1
133.535 136.875 2
13.3198 144.496 1
353.107 148.978 1
352.979 158.174 1
184.364 158.65 2
184.188 167.11 7
254.194 172.713 2
183.384 177.6 11
184.043 186.923 8
153.687 189.053 22
120.768 193.992 2
59.4249 223.589 3
59.5164 230.325 2
59.0773 236.474 3
59.7141 244.804 2
86.2402 250.814 2
60.3829 255.223 2
353.069 265.084 1
61.2073 280.212 1
54.3074 4.86467 1
76.1599 4.95484 1
114.968 4.89368 1
133.259 4.57269 1
163.846 4.77363 1
243.036 4.64037 1
283.438 4.58016 1
315.816 4.8917 1
333.647 4.83585 1
147.832 6.12128 1
139.441 6.35175 1
26.5378 7.61345 1
60.6343 8.24909 1
39.6528 9.70253 2
6.79564 12.1171 1
14.0193 13.3698 1
80.7524 13.2969 1
153.274 13.9774 1
131.137 14.9632 1
322.281 15.0602 1
58.2019 16.1733 1
38.9942 16.5932 2
114.81 17.9214 2
348.957 17.983 1
31.2785 18.3901 1
162.569 19.9618 7
13.342 21.2249 1
132.959 20.765 4
141.817 21.2771 1
322.857 23.0663 1
313.461 24.6962 2
6.09759 24.4485 1
344.606 26.3165 4
236.734 30.6633 1
6.49184 31.7681 1
328.939 32.849 2
312.422 35.9772 2
322.285 43.2683 2
36.8644 45.3172 6
341.474 47.779 1
6.86851 48.5352 1
70.8728 48.2502 2
330.666 48.7568 2
322.584 48.9723 1
220.355 51.628 10
204.969 52.8834 17
194.602 53.0613 5
172.866 56.2105 15
186.91 56.3726 5
153.018 56.5105 4
227.318 57.2205 5
138.33 57.3182 22
212.089 59.4141 9
220.882 57.5504 31
15.0204 59.1866 2
107.971 59.8885 18
122.824 59.0319 30
199.962 58.9497 6
337.79 60.1786 5
98.622 62.0348 4
84.1272 62.5212 5
171.309 62.3323 1
181.079 62.217 2
152.508 63.0343 4
6.55419 65.2744 1
115.495 65.2925 5
128.624 65.1837 5
139.184 64.4578 2
164.154 65.8961 7
224.384 64.6487 6
26.1918 69.0851 1
83.4063 69.6311 4
200.617 66.525 1
219.569 70.1752 2
16.6636 70.5109 1
94.0355 70.7975 8
104.855 71.1302 11
138.835 75.7996 26
224.753 76.862 1
146.398 78.7169 9
184.352 78.4375 2
192.542 77.8082 3
108.828 78.4624 13
157.982 78.7533 3
167.941 80.734 6
87.5526 83.9564 7
104.291 83.8677 3
97.5084 85.0019 1
242.399 87.7075 2
255.79 91.9905 1
150.604 92.8467 1
345.587 95.3612 2
128.472 98.6901 4
146.093 100.059 5
67.1709 102.369 1
137.648 103.812 4
194.77 105.569 9
157.283 108.816 1
61.7371 111.908 13
125.643 111.755 12
130.725 117.156 8
150.317 120.133 2
157.504 122.085 2
176.621 122.384 5
132.591 122.228 1
167.974 123.72 2
172.966 123.309 18
184.056 125.657 4
172.142 132.587 1
7.14323 136.915 1
127.101 137.009 17
176.113 137.389 9
138.724 139.257 6
18.0139 141.825 1
188.159 145.635 27
134.042 149.189 1
164.338 149.875 1
155.724 150.664 5
182.804 153.739 3
11.4483 154.236 1
124.64 155.422 2
130.693 164.361 5
131.88 174.402 5
50.5824 174.893 1
189.371 176.66 3
68.0809 176.475 2
251.58 179.368 3
131.721 178.828 1
173.497 181.315 1
196.849 181.702 4
63.2027 184.737 13
144.843 183.791 2
132.363 186.365 1
125.351 190.99 6
159.656 193.325 5
195.661 194.376 1
181.952 203.9 1
340.344 204.756 5
158.342 207.255 1
185.908 210.948 1
341.198 211.495 1
322.228 213.864 6
330.152 216.782 1
315.348 217.159 10
321.96 220.774 4
7.34974 226.616 1
283.907 238.278 9
277.84 243.227 4
70.7912 248.146 2
65.3989 255.06 8
252.19 254.683 2
83.4259 256.603 2
129.477 257.461 1
145.675 258.402 5
184.78 257.978 1
344.557 257.702 1
324.759 273.46 1
7.19496 274.874 1
38.2586 275.943 3
66.3202 281.793 1
148.825 6.7885 1
312.326 15.5514 3
305.638 32.2907 9
313.258 46.2031 2
175.581 96.3072 3
99.6287 100.233 1
69.0359 103.74 6
116.18 110.223 7
159.797 123.67 6
134.093 126.137 3
165.337 151.276 2
340.659 157.467 1
44.7639 167.585 24
178.503 193.473 4
276.208 235.687 14
72.6072 248.522 2
196.668 258.728 1
109.049 17.8772 1
304.01 20.7461 1
340.723 23.8036 1
47.7094 36.8872 1
18.3277 39.7764 1
298.056 38.9887 4
32.1429 41.8748 1
71.2715 42.9072 3
339.343 70.6579 1
77.5595 72.8605 2
55.9593 75.8286 4
253.189 84.744 3
345.211 89.2615 4
55.468 92.1738 2
188.684 102.441 1
339.888 102.76 1
128.152 111.661 1
148.728 114.656 5
185.793 135.386 5
55.9206 159.973 5
254.887 160.433 1
118.101 166.045 3
183.547 173.329 5
118.744 187.951 2
182.688 187.52 6
57.3517 221.54 4
59.0166 234.978 1
250.102 250.363 1
60.2536 270.063 1
119.154 10.2285 1
248.59 9.37204 2
286.229 9.68245 1
335.444 9.80787 1
30.6138 10.67 1
9.43759 14.1626 1
88.1575 15.7222 1
44.8227 17.4723 1
135.389 16.6402 3
20.8196 21.2913 1
34.3831 22.8415 1
318.274 32.6987 2
332.153 33.5964 1
247.497 39.154 1
328.369 42.2803 3
314.484 45.6092 1
41.9378 48.0025 1
11.5662 51.24 1
75.6335 51.3529 1
221.64 54.9326 3
190.723 58.024 20
141.107 58.9367 4
175.154 59.4124 3
110.055 62.7378 1
230.993 63.0753 1
325.853 74.3311 1
216.514 79.9481 1
150.555 83.3808 4
162.322 83.3453 5
119.257 86.134 1
95.2562 88.7263 9
158.888 96.6567 2
78.5771 103.515 3
201.178 107.782 1
162.222 112.176 1
113.609 113.19 2
66.0201 116.26 1
193.466 122.298 1
172.457 126.254 2
10.4366 141.047 1
22.5337 145.86 1
188.726 147.483 3
201.362 155.256 3
126.728 157.891 4
156.892 160.082 1
65.9413 162.672 1
136.616 165.931 1
192.371 173.777 11
124.298 175.021 3
137.964 176.47 8
254.327 181.355 2
202.961 184.977 1
67.7354 188.907 1
129.814 194.547 3
169.439 213.426 1
345.717 215.421 1
68.3305 236.417 1
274.007 237.737 4
83.5305 249.031 2
344.822 251.69 1
256.219 257.446 1
70.7353 260.335 5
347.308 262.245 1
331.574 273.809 1
341.993 56.2429 1
178.917 83.3361 1
128.932 104.28 8
159.396 161.899 1
158.623 21.035 3
107.847 34.8019 1
34.4708 39.5322 1
74.4147 39.4281 1
259.641 82.0287 1
132.547 89.069 1
54.9404 128.104 1
186.857 133.836 2
112.096 163.778 1
178.076 174.368 1
55.0023 193.682 2
185.25 45.7858 1
295.353 48.6588 1
48.9058 52.3372 1
251.786 51.6996 2
18.8976 56.3097 2
77.6581 59.089 1
154.524 66.1729 1
46.1748 78.9188 1
203.131 82.6046 2
331.584 87.2932 1
72.4312 87.7089 1
132.377 106.515 3
216.137 115.974 1
171.136 117.942 1
260.583 118.286 1
108.875 122.571 1
73.4585 126.602 1
333.375 131.787 1
188.462 151.189 3
125.755 172.816 1
154.402 174.225 3
262.533 189.91 1
212.465 193.979 1
74.9786 198.365 1
142.584 200.855 2
188.493 224.717 1
264.83 262.9 1
253.967 55.7721 1
50.4292 97.7757 1
169.69 178.125 1
53.8811 204.435 1
263.727 69.1006 1
86.5549 77.1206 1
88.1748 142.72 1
266.169 138.36 2
89.9934 218.396 1
224.809 216.57 1
184.56 102.078 3
272.26 81.777 1
109.458 155.499 2
161.477 16.0898 1
315.77 20.9803 7
148.188 63.8872 1
79.4342 64.2172 1
157.697 68.6805 3
120.149 73.2307 1
79.4229 77.438 1
152.598 104.815 1
129.429 109.991 5
138.681 116.634 7
179.163 124.041 1
190.477 192.217 9
58.9771 212.99 2
142.81 17.3717 1
307.71 22.5282 1
344.325 25.3361 1
119.503 40.0042 3
287.106 40.0139 3
304.812 40.343 4
208.824 55.6738 3
136.117 57.1151 4
106.527 61.848 9
206.308 69.06 4
186.068 70.7974 3
123.347 74.5618 5
206.237 76.9217 9
98.155 77.2894 2
178.499 78.9703 4
139.824 80.2997 1
151.464 80.0258 1
267.69 92.3322 8
175.657 93.1152 3
280.855 95.576 4
98.3861 96.2734 3
283.468 96.6797 1
289.301 96.993 3
348.343 101.46 1
59.0719 101.251 2
97.6884 109.264 1
160.422 122.203 3
173.512 122.109 3
140.265 126.287 7
156.789 127.182 3
183.444 147.822 2
192.831 151.454 4
239.116 166.095 5
216.312 179.084 3
100.906 182.065 2
92.3784 182.483 1
160.138 182.971 1
193.341 193.332 3
267.125 244.686 1
131.168 255.456 2
136.582 255.616 3
184.494 255.742 2
335.414 30.4596 3
281.6 37.4949 3
17.8965 45.2374 1
34.3934 56.9254 3
209.694 56.6928 1
222.849 63.5616 11
103.182 67.167 1
172.981 67.0404 2
104.346 81.9463 2
185.061 93.3453 1
112.85 96.9113 3
183.259 108.453 12
189.773 112.99 5
232.22 166.855 1
65.1693 176.521 1
236.794 178.421 2
204.351 179.359 1
187.874 179.665 3
107.09 183.541 4
115.184 183.427 1
67.0595 184.204 1
124.131 190.733 8
77.9101 246.121 1
76.0994 254.898 1
89.4962 255.421 2
127.62 256.014 2
144.987 256.69 3
173.16 256.186 1
195.328 256.747 3
202.612 256.396 1
221.302 256.887 5
321.697 23.2518 1
30.9743 42.4627 3
222.124 46.9072 6
190.69 51.9842 1
338.939 61.2516 1
56.0134 75.0133 1
155.153 86.9998 1
165.156 86.7024 1
140.639 88.0989 1
56.1756 89.7901 1
223.636 97.3014 3
232.154 96.83 2
202.958 98.3033 2
124.366 113.935 6
179.171 128.295 2
132.735 136.223 1
126.935 147.226 11
120.06 165.561 7
203.167 175.88 3
244.371 35.4499 1
36.7084 46.9304 1
70.7044 49.318 2
331.331 50.0929 1
323.045 50.9154 3
218.856 53.12 1
205.567 53.4593 1
157.622 56.9205 4
172.698 56.7565 2
193.33 56.952 8
152.18 57.6179 2
212.486 60.9557 3
108.098 61.9543 4
200.489 61.0874 4
98.9734 63.0876 2
83.2021 64.5754 2
117.769 67.2774 5
128.835 66.6815 2
138.851 66.6892 6
27.0328 71.6455 2
338.22 77.2482 1
146.673 79.855 1
191.464 79.8365 4
223.55 78.431 3
117.221 80.946 9
88.026 85.0273 5
104.131 85.3757 2
152.564 93.8234 1
129.889 99.4591 8
157.396 109.942 6
151.496 119.161 6
141.341 121.719 6
176.794 123.296 2
167.879 125.03 2
163.66 134.479 7
176.879 139.396 3
155.649 154.438 3
165.822 153.696 4
182.643 156.436 5
125.003 157.256 8
189.174 162.377 3
69.3856 176.091 6
189.435 176.847 2
204.644 181.263 3
196.873 182.714 1
63.4018 185.183 1
159.863 194.64 1
157.919 209.24 1
164.761 209.441 1
339.033 213.479 1
323.4 212.846 2
71.7999 247.758 3
252.882 255.501 2
27.5295 72.6802 1
96.9432 88.836 2
156.379 96.2788 1
123.375 102.159 2
181.576 110.093 3
128.347 143.63 2
155.623 156.124 2
182.476 157.203 1
70.8658 176.405 2
117.288 185.224 9
179.672 195.518 9
55.453 77.7615 1
216.93 82.6068 1
252.767 83.4313 1
133.911 88.183 1
149.616 85.76 1
160.14 85.9566 1
121.16 89.7775 1
147.689 114.207 2
254.872 158.836 1
58.081 217.325 1
221.854 56.3839 1
191.871 60.1706 3
140.486 61.9502 1
231.825 64.436 1
86.501 69.9627 2
200.564 80.0487 1
65.121 87.9075 1
93.5968 89.3892 2
242.07 93.0008 1
127.922 105.515 8
202.331 110.922 3
253.797 110.696 2
162.519 113.933 2
113.449 116.373 1
65.8573 119.797 1
189.17 149.103 3
65.9635 160.528 2
126.542 160.642 2
159.565 165.094 3
124.659 172.098 4
137.7 174.626 7
255.144 184.084 1
202.744 187.85 2
67.5903 192.15 1
164.548 197.602 1
50.8211 75.6103 3
131.827 88.1581 2
177.081 176.826 1
169.917 123.674 2
216.403 124.607 1
261.497 128.489 1
191.361 155.999 1
334.406 18.4818 2
335.054 23.6508 1
309.864 17.6109 6
327.204 35.9941 5
235.146 25.612 2
222.146 47.4659 1
271.097 102.022 1
267.494 101.498 5
204.748 48.6206 2
197.549 51.1708 1
170.395 30.9737 7
132.774 17.0407 7
151.507 120.774 6
267.074 240.883 2
122.929 115.031 2
138.516 131.142 5
33.2222 29.3889 2
139.714 141.43 3
131.35 133.381 4
59.1386 79.65 1
59.3228 88.2607 2
124.369 193.468 9
129.346 197.724 5
59.799 136.618 5
60.2176 144.507 3
61.2621 176.748 4
16.9036 136.186 1
16.9473 139.289 3
61.6592 193.032 5
13.323 147.99 4
63.4204 258.72 4
344.88 20.5297 1
333.217 36.9826 3
323.131 29.044 4
305.825 17.7348 1
309.947 51.89 3
294.679 44.2623 2
282.716 38.5343 2
280.44 36.9688 1
264.436 29.3264 5
258.083 24.8115 5
249.261 20.2753 5
239.18 16.8885 8
297.729 96.3759 2
299.892 100.673 1
262.902 90.4831 3
188.234 21.2069 4
324.056 156.629 1
221.691 57.4443 3
180.473 20.7086 1
247.129 87.6533 3
164.049 14.3363 5
171.569 21.3387 2
222.189 75.2541 1
201.489 56.282 2
217.133 74.0844 1
243.781 105.902 4
149.356 17.9052 1
204.631 74.7705 2
291.061 160.537 1
128.997 13.8202 2
175.467 61.2614 2
272.29 163.579 1
174.612 76.9192 6
151.641 55.0881 1
110.207 22.0951 1
166.371 78.285 2
311.429 223.63 1
137.822 56.0873 1
157.824 77.0783 4
181.668 105.844 3
147.641 72.9922 1
149.433 78.7509 2
233.564 166.004 1
247.57 184.095 3
329.583 266.004 2
226.53 166.242 2
135.195 80.0697 3
219.838 165.716 4
230.461 177.54 1
226.367 177.63 2
149.577 102.151 10
121.124 80.4419 2
54.0509 14.4621 2
274.396 240.297 1
141.691 112.717 2
70.1649 46.2088 1
104.915 81.0103 3
143.336 120.221 1
140.231 120.121 5
30.1265 14.659 2
78.8687 65.2483 1
118.403 109.111 7
140.128 132.655 2
88.4562 82.373 2
80.6752 83.4703 2
56.3776 61.3759 8
36.3017 42.7767 3
128.918 135.809 4
148.902 165.906 13
161.336 182.935 4
174.949 202.924 2
222.705 254.901 3
212.528 245.902 1
169.191 204.165 1
120.029 158.569 2
214.379 255.597 2
25.7059 67.9971 3
195.479 255.308 1
144.589 204.916 2
115.947 181.345 1
167.234 246.486 1
90.2864 253.979 2
75.9613 264.194 11
300.288 37.6987 1
308.877 54.0388 1
341.896 99.5577 1
269.865 31.5806 8
212.603 57.502 8
193.175 59.2143 3
278.597 162.467 1
193.653 104.246 1
252.041 176.812 1
146.888 98.8686 3
156.037 107.207 3
104.417 68.2072 2
277.124 243.592 3
183.157 151.326 3
183.508 167.09 3
196.046 179.461 2
30.2167 15.8806 1
124.211 153.577 2
215.475 246.213 1
65.509 100.089 2
209.848 256.252 2
60.9287 110.001 4
119.396 183.999 5
107.808 181.83 1
66.6012 174.02 3
62.7648 182.151 2
43.0939 163.627 3
102.845 245.97 1
59.1217 228.7 2
68.3676 247.156 2
69.9693 254.25 1
65.027 253.285 2
335.915 25.6644 2
337.177 61.3104 2
268.581 101.88 1
190.736 49.937 13
200.689 69.0179 4
222.348 98.2327 1
202.161 99.0277 1
133.363 34.6116 2
114.934 20.6413 3
145.564 55.8422 8
165.268 87.8174 1
174.814 102.164 4
107.944 38.3413 6
164.314 102.168 4
231.905 174.573 1
138.121 89.9556 5
184.031 137.689 1
194.677 146.477 2
93.8801 58.6821 4
195.531 161.09 6
126.102 130.102 8
131.722 137.455 9
60.3904 76.3721 2
170.933 189.019 1
81.4136 106.463 3
60.0461 102.051 2
118.468 167.53 1
60.5464 124.898 3
61.3554 172.363 4
62.411 195.194 2
63.4905 244.606 3
329.635 31.0895 3
321.247 31.0647 3
313.277 26.2033 1
321.575 49.9751 2
332.163 117.437 1
235.168 31.5325 1
224.477 71.183 1
241.832 89.3947 3
219.989 78.7121 8
190.1 79.0671 4
183.124 78.9027 3
164.219 64.5448 4
316.461 216.097 5
320.889 221.454 1
174.356 79.4622 7
197.083 105.049 7
164.04 81.6716 2
156.254 80.5282 10
145.587 80.7989 4
246.552 187.397 1
175.326 122.075 6
116.138 66.1842 9
130.594 79.9285 3
158.279 108.721 2
147.13 101.255 1
283.104 239.828 1
131.653 96.1372 4
138.2 102.325 1
161.768 134.428 2
197.921 181.686 2
181.181 168.977 6
95.3937 85.4413 3
133.809 127.749 3
155.257 152.206 1
189.961 187.247 9
86.6742 85.6357 2
176.335 193.641 1
37.8475 57.357 1
53.7451 74.2574 7
163.151 183.685 1
125.328 154.468 1
174.69 206.246 1
140.313 172.562 8
68.4151 101.823 2
222.873 258.125 2
117.076 163.372 3
65.5036 112.73 2
157.194 208.343 1
123.409 202.016 1
54.9028 173.181 4
57.3988 205.76 1
57.2373 231.623 5
58.1114 244.998 1
68.1237 256.397 2
121.491 31.0877 1
173.98 96.7666 2
176.099 140.002 1
50.3934 44.7134 1
134.117 161.661 6
53.7667 90.527 1
66.45 186.446 3
57.0672 206.726 1
69.2159 257.588 3
252.254 85.102 1
252.551 160.871 1
171.805 86.9898 1
138.58 78.1024 1
199.115 161.386 4
145.275 115.783 1
66.9879 43.0139 10
125.997 111.691 2
179.369 186.713 1
129.128 146.465 1
63.837 95.0323 4
137.381 180.002 5
113.743 167.29 1
65.2363 167.731 5
67.2485 240.779 7
219.762 55.9678 5
205.681 54.8426 10
238.902 93.0806 1
189.934 59.5786 1
210.846 81.6106 1
153.862 61.2115 1
255.24 182.825 1
123.157 62.0939 13
145.34 84.6392 1
160.397 97.8475 3
107.479 64.0607 2
128.897 86.1252 1
186.733 147.827 2
117.925 87.1485 6
128.109 102.831 4
74.792 52.608 1
203.47 186.563 1
175.465 165.424 1
129.57 121.543 1
89.2759 90.1512 2
111.453 115.878 1
77.2811 103.592 5
137.153 164.773 1
160.444 197.73 1
66.936 118.279 1
51.7944 129.009 1
111.825 189.625 1
129.004 214.558 1
52.0197 157.174 2
68.8798 190.763 1
196.51 82.5922 2
173.604 168.218 1
139.768 170.158 2
208.015 159.255 1
167.704 179.93 1
261.657 127.05 1
213.631 121.171 1
240.625 174.518 2
164.538 124.051 5
185.176 153.357 2
190.89 183.682 6
123.475 170.688 1
328.54 111.217 1
314.046 109.179 6
313.235 218.791 2
311.079 25.6593 2
298.79 106.689 1
248.851 98.8744 7
243.693 29.0741 3
218.839 26.5511 1
195.149 182.251 5
192.631 28.743 1
183.339 29.7035 2
171.451 125.005 7
171.439 143.44 3
170.818 125.425 2
133.295 188.913 7
131.551 128.928 1
130.803 138.232 1
125.14 195.343 7
123.741 99.5016 10
76.1237 9.16768 1
63.8629 254.782 2
63.3667 246.577 4
62.3099 201.202 1
60.4619 141.236 1
58.4217 9.51656 1
344.944 131.371 2
342.27 45.8652 1
340.738 96.5443 1
339.659 37.5766 3
336.602 115.029 2
333.755 43.5451 1
322.324 13.6838 3
319.859 17.3821 2
318.792 56.8963 1
312.778 21.8581 1
307.656 101.208 2
299.525 46.9284 1
291.611 42.8503 1
259.437 24.6089 1
247.04 101.317 1
243.705 86.2855 1
215.189 73.4758 5
214.093 57.2497 1
214.648 69.1757 1
207.419 30.4795 2
207.369 70.6023 1
184.313 105.526 2
178.583 140.237 5
167.658 56.2589 3
167.372 78.675 1
165.499 14.2253 1
164.856 139.696 1
161.144 19.043 4
159.342 105.345 1
157.421 147.385 1
153.955 12.3396 1
148.571 15.5642 1
148.105 77.3673 1
146.164 37.7928 1
143.003 92.8943 9
140.422 112.124 2
139.795 56.6186 3
138.604 75.6421 6
136.419 138.063 4
135.612 36.8486 1
132.815 114.778 4
129.693 63.2914 1
124.178 76.6504 2
120.679 175.525 2
111.067 58.5267 15
104.777 80.1317 1
102.945 24.8244 7
99.1245 21.9584 1
94.5508 62.0896 4
64.1326 181.752 4
61.3214 108.781 1
60.1983 55.8027 6
53.2171 225.519 1
46.5137 54.1673 1
46.1992 165.673 2
44.5094 164.118 1
40.0306 228.799 1
31.0927 45.5165 1
18.5679 33.3937 2
17.8319 274.702 2
15.4939 56.9012 1
340.549 111.212 1
338.02 58.8143 2
302.734 168.782 6
281.446 232.091 1
221.371 257.915 1
185.432 130.8 1
168.417 108.334 7
156.815 107.812 2
149.2 120.855 2
126.983 123.82 20
126 183.464 2
107.232 184.726 1
93.0974 43.8575 1
71.7965 46.525 5
68.4599 110.369 1
54.7185 41.3447 1
37.5938 42.5179 2
37.3578 168.743 9
19.5047 45.0073 1
335.489 60.829 1
320.861 44.006 4
319.33 52.8021 1
298.999 165.571 3
283.831 47.5616 2
267.084 170.64 1
266.89 40.0032 1
252.408 172.68 4
249.533 31.8967 3
230.825 26.1142 2
226.513 56.9769 1
211.734 48.5363 4
188.459 50.6659 2
173.711 102.266 1
168.859 188.932 4
154.536 115.795 14
151.749 189.337 5
147.2 35.3104 1
132.234 181.634 5
130.156 56.2067 2
121.648 54.7871 4
114.142 56.3489 1
106.956 38.723 2
102.199 58.3112 2
92.0529 58.4943 6
85.163 57.7525 1
78.9512 250.818 1
69.5931 249.863 2
67.6854 179.019 1
65.7685 106.851 2
35.6025 50.559 4
29.039 42.8429 1
24.4717 15.9773 1
326.962 71.3175 2
320.748 31.0193 1
320.2 48.8447 5
319.229 20.7358 1
314.948 26.3628 1
296.974 36.0372 1
267.434 93.9421 1
256.797 25.3776 3
249.653 22.6141 1
245.896 186.291 2
242.86 108.726 1
226.364 180.055 1
222.294 71.1554 8
221.118 50.8183 3
215.678 75.0048 4
206.421 181.834 4
183.866 133.097 3
183.341 258.024 1
180.536 108.378 2
181.916 159.089 5
181.466 185.906 2
174.821 78.4158 1
173.181 61.9419 2
173.165 93.8077 5
161.765 143.218 6
158.175 79.9725 2
156.987 207.281 1
155.874 56.1912 1
149.136 111.987 1
146.516 126.965 4
146.294 166.168 1
134.958 126.767 3
132.661 150.32 2
129.88 20.9576 1
130.764 77.5409 3
126.065 126.626 2
120.026 142.895 1
85.8099 61.1658 7
76.2266 71.1289 1
73.812 47.6197 2
57.112 221.637 1
57.278 244.219 1
54.3231 115.562 1
54.8243 173.87 2
35.7852 168.744 1
274.346 236.358 11
253.243 29.7134 2
252.056 256.507 1
210.398 258.491 1
188.92 57.7878 6
177.526 194.728 2
164.836 152.402 1
160.616 108.297 3
121.084 41.4979 3
51.1583 44.0639 1
250.451 160.273 3
250.021 84.9122 1
226.688 64.6009 2
157.35 86.3787 1
151.085 189.226 2
133.989 162.82 3
134.766 177.706 1
126.8 34.3035 1
127.454 144.725 3
126.803 196.684 6
123.769 110.46 6
103.59 38.4691 2
65.9918 42.4433 1
65.5533 240.323 2
62.3689 94.6061 2
63.4193 167.056 2
271.609 237.679 3
253.158 180.961 1
239.996 92.3738 3
218.079 54.4986 10
210.833 79.6345 3
206.637 184.197 2
191.875 172.577 4
187.653 58.6583 2
174.383 169.222 1
171.74 111.981 1
169.967 58.8708 1
166.123 126.867 3
154.072 146.394 1
152.3 60.0476 6
142.871 84.4098 1
129.179 119.747 1
121.771 175.797 1
117.096 203.594 1
108.906 113.063 1
109.535 188.236 1
108.865 163.662 1
103.691 62.9673 1
79.4109 176.681 2
71.3762 188.37 1
69.0448 74.7304 1
176.772 197.921 1
126.265 86.5082 2
253.844 155.308 1
249.566 81.9792 3
204.659 158.772 1
204.436 191.778 1
123.228 108.763 4
96.3041 163.664 1
257.204 188.284 1
235.79 172.071 2
235.078 95.4041 1
178.14 150.941 2
164.813 201.191 2
159.795 171.798 1
336.378 162.662 1
331.261 163.483 1
315.264 166.257 1
349.241 87.7015 1
323.401 64.7003 1
291.993 51.0312 1
66.8474 249.005 1
124.441 184.847 1
176.19 131.876 1
62.5742 238.431 3
135.218 147.72 3
173.83 107.468 2
147.028 134.488 3
131.608 149.713 3
143.99 135.442 2
164.082 91.7042 2
59.5265 103.048 1
64.9333 28.7713 1
25.2177 33.0787 1
330.505 261.934 1
335.521 252.108 1
329.028 257.002 1
324.552 260.374 1
315.738 267.716 1
338.117 201.09 1
329.074 204.953 1
324.594 207.277 1
321.287 208.757 2
318.726 210.084 1
277.451 228.262 2
264.734 234.785 2
340.412 95.2323 1
345.247 85.2697 1
341.483 76.1396 1
345.262 53.3515 2
338.936 59.7741 3
190.668 189.68 7
315.053 64.0805 3
183.295 191.665 1
184.35 185.358 4
179.566 188.368 3
313.555 22.6042 3
177.568 143.936 3
268.561 43.6121 1
177.919 128.972 3
226.523 70.3607 1
154.138 129.765 8
218.9 63.4481 4
54.6143 226.252 2
224.935 50.8828 7
48.9556 226.151 2
138.995 134.859 1
214.62 58.2024 1
209.914 51.4431 1
133.677 115.456 1
148.71 96.8599 1
174.507 70.3787 1
186.92 53.801 1
152.402 75.0379 1
148.302 72.2245 1
118.545 102.012 1
125.619 94.189 1
141.205 57.6462 4
130.134 64.2846 1
104.037 79.3234 2
108.933 71.123 3
136.712 33.4107 4
152.968 17.7555 1
60.7106 102.862 1
88.5216 73.7433 3
89.6522 62.4749 11
13.3558 135.799 1
64.6753 47.7632 1
20.5229 30.8631 2
323.412 214.05 2
277.79 235.87 1
271.421 230.54 5
341.899 157.752 1
258.208 237.039 4
337.944 115.888 3
342.592 46.9313 2
181.918 197.546 1
189.522 144.12 1
236.313 96.6794 3
125.515 170.084 2
184.619 109.467 5
193.866 98.8932 1
176.515 94.1877 1
144.93 121.928 4
173.788 55.6272 3
159.04 56.3802 2
82.4503 105.837 1
73.2059 106.396 1
54.4995 43.6221 1
20.0033 46.5689 1
328.6 216.784 1
266.471 247.908 2
260.388 250.656 1
250.663 255.92 7
339.889 162.988 1
267.347 175.527 1
324.174 114.879 1
248.734 179.666 12
336.439 60.4095 1
203.78 180.912 3
273.457 107.022 2
329.313 49.2205 1
194.173 160.463 1
96.017 257.252 1
246.553 102.726 2
311.366 37.7699 1
318.466 22.4181 3
68.2775 248.924 2
63.4845 253.059 4
130.526 180.471 2
62.6833 242.357 1
188.962 115.43 1
158.147 143.343 1
223.738 76.766 1
148.773 144.61 3
249.575 31.4333 1
131.681 150.061 1
231.978 30.277 4
61.2715 194.968 3
206.959 32.6633 2
148.185 92.7528 1
60.6237 170.769 1
135.092 75.2091 3
98.3003 110.362 1
89.1935 111.014 1
78.2321 111.655 1
120.755 58.9694 2
112.518 65.103 1
60.0681 110.699 1
91.1277 45.5392 1
113.697 20.4857 1
34.1259 49.4418 2
269.566 229.525 1
249.035 248.035 1
256.626 235.603 2
324.116 159.457 1
332.635 150.125 2
324.761 150.718 1
299.804 163.362 1
189.105 184.954 9
181.659 184.726 3
331.607 30.8685 2
301.672 59.4443 3
169.474 187.766 1
153.775 187.86 1
297.294 31.5026 1
138.267 187.396 3
183.477 135.246 2
147.634 166.199 2
58.5056 255.731 1
164.176 143.779 3
182.648 109.9 1
57.5912 232.695 1
186.722 101.45 1
169.323 117.321 1
223.365 50.8918 2
211.93 46.8873 2
148.757 109.877 3
120.218 138.992 2
197.014 47.4309 2
56.3231 185.91 1
180.331 57.495 1
124.307 111.68 3
165.27 57.0453 2
138.024 65.34 2
129.263 73.7957 1
35.9724 167.524 1
162.428 30.4383 1
129.756 54.9254 4
147.352 33.3884 1
114.483 54.2164 1
54.5959 113.678 1
101.62 56.4683 1
85.4425 69.6136 4
108.86 36.7227 2
76.5834 68.1786 3
54.23 88.5834 1
69.6607 41.3565 2
62.1134 48.7115 1
27.1871 62.0719 4
29.7776 41.8852 1
310.796 151.65 1
251.925 158.39 1
181.404 195.993 8
165.159 125.003 1
125.226 89.0536 1
40.0189 35.3828 1
197.977 183.038 2
248.237 104.657 2
196.087 157.685 1
247.055 81.1863 1
77.0232 247.971 1
188.483 121.267 1
132.638 176.71 3
63.662 236.465 1
225.635 63.296 4
156.912 111.509 2
62.9023 186.073 1
156.068 82.5091 1
61.3606 163.422 3
136.291 58.0482 1
60.1021 90.6605 1
270.212 236.194 2
251.614 155.789 1
178.686 197.265 1
283.667 86.8773 1
191.535 171.404 1
175.721 167.101 2
112.197 187.473 2
213.765 79.456 2
122.049 173.137 2
176.735 112.058 2
181.373 97.8462 3
109.347 160.698 1
145.87 83.178 1
109.736 111.473 1
129.921 84.1925 1
69.7638 66.5429 2
249.023 111.474 1
200.252 151.176 1
127.893 195.892 2
135.679 174.744 6
231.985 168.103 1
188.093 164.144 1
161.039 167.573 1
119.826 131.058 2
116.907 36.0318 1
167.144 61.2694 2
79.4435 75.9901 1
95.5451 75.7692 2
165.874 118.509 2
156.897 128.019 1
56.8908 130.478 2
122.05 141.621 1
57.6886 154.908 1
184.688 157.332 1
305.453 42.0224 1
35.2523 45.6729 3
210.489 58.342 1
189.091 63.2831 1
173.201 69.0261 8
205.792 68.2351 1
217.841 68.1176 1
185.756 69.7411 2
108.603 71.8044 1
112.736 71.8694 5
126.568 72.7174 1
122.812 73.997 1
186.987 78.2332 2
168.896 79.7847 2
152.002 80.8929 1
113.066 83.254 5
99.775 84.1742 4
348.773 85.4017 3
247.7 88.7984 1
347.32 102.489 2
150.891 117.764 2
126.616 118.863 6
139.554 127.434 2
134.098 140.224 3
166.657 149.773 1
134.502 158.489 2
177.884 157.005 2
348.646 157.372 2
128.988 178.4 1
209.933 179.769 1
180.697 203.055 1
168.576 205.681 1
144.181 206.194 1
164.33 206.561 2
183.599 210.846 4
308.601 233.289 2
277.726 241.822 1
267.307 246.385 1
190.498 65.9641 4
198.826 68.1827 1
103.126 70.5096 4
64.4048 103.637 4
121.489 102.497 2
339.563 110.683 4
166.848 124.536 2
186.073 144.607 8
166.495 150.766 1
183.543 153.976 1
188.465 161.394 1
276.991 234.405 1
63.2544 252.029 1
338.36 44.0547 1
206.67 46.0678 1
123.516 51.7879 1
104.101 57.0913 1
182.297 64.7269 3
119.471 69.6066 1
126.984 90.6792 3
164.453 136.566 2
120.51 186.912 1
36.8804 48.0002 1
70.3476 50.9999 1
331.678 52.031 1
218.895 55.5821 2
172.675 58.3029 2
186.908 57.6628 1
49.3668 61.5101 1
134.723 63.0455 2
212.633 63.598 2
98.0913 64.5987 7
200.698 64.7952 1
129.007 70.2723 2
191.588 80.0873 2
222.71 80.4487 2
147.128 81.126 3
115.654 85.2796 3
87.8071 86.5491 1
103.231 87.2001 2
195.621 107.489 2
116.655 112.429 1
61.4934 115.216 1
127.605 120.901 4
177.09 124.683 1
190.352 127.219 4
137.652 139.606 1
127.097 142.226 2
176.386 143.927 1
195.683 154.558 3
124.822 158.244 2
154.772 159.676 1
165.984 157.64 1
131.159 167.141 2
189.322 178.836 1
252.01 180.871 1
196.866 184.453 1
63.3304 187.429 2
130.022 208.894 1
158.205 212.654 1
165.936 213.353 1
185.104 211.73 1
64.1756 237.558 1
174.885 80.8292 3
183.766 83.2399 2
187.429 99.5424 3
178.323 145.192 1
167.054 160.115 1
155.613 162.486 3
161.044 196.851 1
166.658 214.605 1
251.706 80.8545 1
77.2667 88.9269 2
55.7635 127.089 1
186.044 132.835 1
127.579 106.727 3
203.382 116.305 1
253.919 116.582 1
162.372 117.327 5
182.045 118.38 2
65.6907 126.037 1
177.033 146.98 3
189.823 152.773 2
125.757 168.387 2
168.831 170.295 1
255.969 189.358 1
128.774 192.596 1
202.292 193.062 1
67.5198 197.572 1
148.028 199.863 1
342.633 42.9856 2
327.545 43.489 2
261.027 36.3283 2
218.904 65.7794 6
86.5081 40.8241 1
77.7893 41.8211 1
73.114 42.5184 1
135.377 110.856 3
160.592 129.446 1
170.333 138.243 3
130.51 109.662 2
150.832 130.744 1
95.6162 178.386 1
79.9379 250.327 1
64.0504 269.075 1
322.998 30.5958 2
303.987 41.4653 1
193.636 21.0169 1
170.086 21.5495 6
261.878 91.5178 1
206.2 51.2137 10
160.904 19.6572 1
149.113 19.4524 1
221.259 75.8437 2
234.772 87.6329 1
204.146 75.8067 1
121.503 28.2726 1
206.889 90.3028 1
203.694 90.6768 2
174.652 77.0942 1
165.493 79.0616 2
123.588 58.1134 1
148.895 79.7156 2
118.551 63.8306 1
107.63 59.4022 1
136.106 80.8726 2
319.362 219.41 4
120.554 81.6538 2
158.089 120.618 1
247.423 185.212 1
343.602 255.497 1
219.29 166.812 2
166.867 133.308 7
96.3312 83.637 2
143.052 121.192 2
148.263 125.31 5
87.4815 83.5223 1
80.0882 84.5282 2
144.152 130.599 4
93.1756 97.5982 2
282.965 236.63 2
118.811 118.152 1
273.204 241.557 1
27.4476 68.4146 1
23.9984 68.0249 3
130.012 156.751 1
178.95 202.893 1
82.6259 255.477 1
328.59 31.2563 2
305.409 30.4041 1
254.968 27.8378 1
208.166 19.9483 1
231.654 89.1746 1
224.343 90.4461 1
218.481 90.1868 1
197.119 92.0934 1
118.554 65.8186 5
256.518 167.882 1
93.7271 69.0374 3
226.746 167.78 1
284.368 229.309 1
196.017 180.728 2
140.533 172.286 1
75.8794 256.131 2
305.351 35.7959 1
223.989 46.7305 3
218.777 61.1176 1
225.215 65.4453 2
139.995 76.9428 2
175.096 101.466 1
190.058 115.48 1
136.788 111.092 2
140.328 113.49 1
60.792 77.7294 1
60.6768 99.3952 1
117.476 167.118 1
61.2104 134.178 2
61.514 143.312 1
62.2281 171.699 1
64.2684 241.804 2
321.603 51.4507 1
217.932 80.2502 2
153.426 57.6777 1
136.763 59.1008 3
197.516 106.443 2
154.6 82.7743 2
143.814 81.3701 6
245.244 169.284 1
319.307 223.427 1
252.722 179.966 1
115.389 82.7919 4
84.4692 64.4536 2
175.832 142.723 5
181.465 145.309 2
76.0795 76.8043 1
84.4861 87.8887 2
128.547 118.682 2
115.611 112.555 1
36.2087 59.2218 1
165.09 156.609 1
153.947 156.792 1
250.468 246.982 2
64.5998 114.564 1
54.0267 125.509 1
126.269 189.022 4
155.933 211.181 1
116.296 186.075 2
57.4459 246.471 1
84.9652 66.3367 2
128.032 101.44 4
48.8733 46.7035 1
192.132 175.616 11
52.5234 93.6441 1
52.9899 156.78 2
300.83 55.167 1
194.388 86.1689 1
253.156 159.192 1
201.337 160.085 2
133.906 133.557 1
137.995 181.048 1
112.333 167.03 1
236.727 94.0936 1
254.83 116.026 1
208.154 113.857 1
122.832 65.0782 5
105.852 67.5456 2
159.425 116.489 2
255.647 186.453 1
187.114 148.852 1
128.052 124.567 2
191.886 176.918 2
109.622 120.802 1
150.366 151.116 1
173.209 169.644 2
202.627 190.348 1
125.715 161.597 1
67.471 122.708 1
158.381 198.968 1
109.685 193.607 1
69.0821 194.713 1
147.563 174.654 1
213.75 130.71 1
310.284 16.1967 2
312.664 162.922 2
259.907 36.2964 2
226.335 73.3375 1
178.754 53.2499 3
134.78 34.1184 2
124.902 80.2321 1
129.361 165.808 3
332.333 45.0449 1
319.961 13.0048 2
318.631 18.7387 1
319.742 47.0404 3
333.662 115.021 1
298.36 47.3121 1
334.695 155.347 1
335.418 162.238 1
290.613 43.3027 1
285.449 39.8203 1
322.928 156.677 1
295.881 97.2489 1
308.034 222.843 1
266.448 173.994 4
213.717 53.5472 1
204.622 30.7447 3
206.959 51.0482 1
202.306 73.9975 5
249.574 252.334 1
240.407 254.176 1
224.315 254.616 1
147.12 15.6473 4
145.027 37.9617 1
214.355 254.541 1
171.577 131.473 1
189.231 193.656 3
165.106 121.885 2
162.025 131.588 1
157.2 119.658 3
168.181 154.005 3
181.392 194.14 4
161.079 147.318 1
122.326 38.1996 2
161.6 174.867 2
110.805 28.4533 1
117.292 63.0122 11
109.704 58.5205 1
99.1233 42.842 1
127.761 140.782 2
85.7645 60.8767 3
77.9042 64.3511 1
78.2083 70.4327 1
85.8248 96.7781 1
51.4415 14.5793 1
29.761 16.787 1
95.3239 245.202 2
72.6181 172.26 2
53.1966 275.563 2
195.652 104.295 1
233.9 256.715 1
182.231 130.516 4
212.926 255.324 1
157.568 107.09 2
151.556 143.639 1
110.239 77.6118 3
52.9032 41.2152 2
68.7736 172.805 2
86.5556 245.226 1
70.431 246.604 1
36.8009 168.737 1
279.968 103.777 4
200.132 49.2138 4
195.694 145.974 1
165.605 75.9802 1
172.132 102.561 1
129.619 34.9444 3
144.598 117.387 5
167.604 189.308 1
116.724 55.9513 2
105.634 39.3808 2
132.253 163.457 3
134.693 181.798 3
135.118 188.912 1
65.9032 43.6599 5
61.5461 68.0235 1
70.6333 107.021 1
61.3203 97.0599 2
294.76 37.1964 1
233.393 31.6924 1
240.511 89.0935 1
212.894 76.851 1
244.486 187.173 1
198.664 77.6597 2
189.104 56.3918 1
224.525 180.472 1
198.956 104.904 2
155.584 21.6979 1
175.111 108.068 4
182.085 132.299 3
154.058 56.533 4
171.343 123.919 2
173.356 140.097 1
178.697 159.393 2
188.828 188.711 1
156.26 93.0707 2
160.305 134.569 4
143.015 100.803 4
169.546 182.535 1
129.818 81.5253 2
114.217 82.9806 1
155.392 208.003 1
146.331 184.082 1
138.315 173.655 1
144.997 194.276 1
113.912 110.878 1
126.143 153.563 3
100.26 85.0512 1
118.398 146.088 1
123.724 172.778 1
126.321 185.909 2
114.218 162.935 1
114.619 185.25 5
72.101 101.059 2
67.1116 112.536 3
52.0417 74.4059 2
73.7522 175.322 2
53.3938 173.868 1
55.3839 220.801 2
55.6169 231.533 2
55.9479 243.979 2
40.8087 226.261 1
242.12 168.648 1
262.547 250.462 2
179.109 196.041 2
136.783 159.519 5
47.3955 45.1893 1
68.7451 186.448 1
78.9619 248.267 1
70.7882 257.78 1
202.93 162.147 1
168.795 87.0489 2
141.748 116.109 1
101.224 39.5205 3
131.306 144.368 1
136.401 177.846 2
255.757 110.992 1
234.284 93.415 1
216.229 55.2875 2
269.971 238.765 1
195.181 82.0257 1
210.927 108.42 1
208.422 185.486 2
163.858 97.7202 2
182.202 147.527 2
164.955 113.273 3
175.752 198.01 1
150.559 148.004 1
123.221 86.4602 4
125.085 122.052 3
140.461 197.335 1
104.498 115.253 1
119.897 176.328 1
83.3876 103.631 1
116.621 210.049 1
103.136 189.459 1
82.6646 176.94 5
163.154 166.174 1
173.369 199.25 1
184.573 86.9702 1
194.77 178.009 1
173.82 152.094 2
321.174 110.081 1
222.317 67.0707 1
141.942 145.763 2
140.506 123.294 1
33.5717 51.1502 1
38.6591 15.1775 1
339.005 248.253 1
332.434 203.049 1
308.975 215.193 1
333.177 62.9313 1
337.513 24.8748 1
331.405 22.983 1
322.749 33.1878 2
323.13 13.2509 1
304.682 16.669 1
303.056 22.9128 2
189.136 195.189 3
183.018 185.42 4
181.099 191.342 3
213.671 68.3537 1
184.655 132.019 3
173.536 131.652 3
166.265 147.433 2
196.91 49.5384 1
146.998 125.943 1
150.867 110.079 1
166.51 55.3677 1
156.927 75.7247 4
148.182 100.351 1
118.898 175.041 4
127.535 135.005 1
118.709 155.249 1
136.155 33.3754 1
54.6068 275.841 1
131.208 19.3131 2
106.546 68.9779 6
87.6626 81.1381 3
98.1054 21.9402 1
45.0827 165.678 3
63.5139 47.6254 1
33.4352 12.3148 1
134.962 38.1582 2
53.4516 42.2477 2
29.829 18.929 2
275.237 174.39 1
227.246 25.2229 1
167.283 188.118 1
151.701 188.362 1
165.726 128.495 2
171.195 101.323 2
133.741 187.91 1
133.913 174.267 1
131.992 162.185 2
152.799 87.1348 1
72.0478 249.506 1
41.8457 225.841 1
67.4293 105.948 2
60.3935 95.5402 1
320.383 213.811 1
317.215 47.9016 1
318.126 29.1653 1
247.089 247.868 1
188.758 184.416 1
221.717 70.0089 3
217.085 75.9323 5
178.865 185.261 2
181.75 134.194 8
184.992 101.175 1
192.457 72.032 3
178.45 108.427 3
145.345 165.78 1
146.766 110.221 2
117.722 195.967 1
144.184 99.25 2
130.891 142.256 6
117.742 139.916 1
113.578 109.223 3
127.197 53.5868 4
54.9047 244.304 1
106.516 36.9163 1
53.7656 185.779 1
52.33 113.785 1
49.0077 44.0218 1
295.933 163.137 2
305.682 54.293 2
245.47 247.996 1
222.862 181.02 1
148.764 258.899 2
205.47 33.608 2
136.058 128.079 1
127.326 32.0788 1
249.356 157.581 2
249.672 83.7793 3
202.076 183.838 1
199.652 159.208 1
188.373 172.927 2
134.48 176.553 1
152.65 84.2546 1
81.1453 249.208 1
65.6325 238.079 1
80.7037 176.914 1
64.4613 187.504 1
63.4623 164.912 1
81.9513 75.8262 2
244.851 93.3649 2
174.294 197.061 1
215.289 53.988 3
207.26 80.1802 4
181.229 146.318 1
168.454 166.082 1
169.208 111.826 1
183.918 57.6091 3
170.912 96.9393 1
106.071 188.235 1
102.099 160.862 1
126.001 85.261 2
105.154 112.319 1
206.762 189.861 1
178.35 81.3058 3
335.637 263.129 1
333.292 214.027 2
323.053 219.264 2
319.017 221.075 1
263.375 176.301 1
246.587 178.433 1
308.839 61.1905 1
189.758 134.911 2
129.547 150.951 2
227.431 75.9796 4
233.568 29.9732 2
137.246 93.9403 1
222.525 30.5862 2
215.445 31.0612 1
106.328 63.5908 4
314.924 266.477 1
334.518 250.9 1
320.275 207.82 1
276.008 227.789 1
336.013 151.014 1
333.207 151.446 1
326.614 152.083 1
320.304 153.261 1
311.129 154.147 1
343.793 129.014 1
305.352 154.7 1
344.426 82.8672 2
285.83 104.208 2
334.313 55.8374 1
140.479 179.387 13
141.364 173.25 1
177.083 142.954 2
171.638 133.979 5
299.888 30.2992 1
173.487 118.003 1
126.894 133.941 2
218.383 62.1412 1
213.965 58.9699 1
47.6779 167.859 4
164.647 68.4434 1
124.941 92.5305 1
156.456 64.8493 1
153.783 51.179 1
141.827 58.3958 1
112.566 69.7391 1
78.972 94.0983 1
292.958 156.024 1
188.153 196.591 3
341.685 77.4989 1
338.439 69.5984 2
336.785 24.1702 1
165.394 134.956 4
140.365 129.463 2
66.7514 178.005 1
96.9434 91.775 1
67.2282 94.6132 2
50.6872 49.6802 1
213.522 257.981 2
160.154 258.201 1
151.483 258.151 2
80.3362 256.613 4
325.242 69.8509 1
194.245 159.075 2
313.282 64.5214 1
130.834 183.784 2
327.24 30.5053 1
259.706 41.0582 1
226.614 58.0244 2
155.361 110.014 1
60.3338 167.027 2
240.443 31.3686 6
173.494 76.1798 3
60.2202 149.576 1
59.0464 94.1792 1
34.9159 47.1467 3
255.213 232.036 1
331.06 147.88 1
322.726 148.34 1
234.998 159.014 1
319.152 97.7525 1
166.789 185.675 1
289.456 90.5638 1
181.118 168.342 1
152.99 186.373 1
56.4639 220.325 1
185.73 99.6604 1
220.134 69.0958 2
119.112 133.781 1
147.954 107.977 1
210.197 45.0502 1
115.294 108.554 2
195.848 44.9162 1
185.391 46.8045 1
163.97 54.1984 2
143.496 53.1401 1
128.14 50.8782 1
75.2871 64.7953 1
68.2526 39.1041 1
315.176 47.2735 1
180.536 110.967 1
216.29 78.1592 1
202.245 78.2869 1
159.061 82.9029 2
133.274 83.2809 1
120.627 86.9465 2
90.1754 88.2402 1
80.6738 89.3178 1
199.351 183.215 1
276.053 110.118 1
124.88 192.185 2
299.485 61.3666 1
63.508 230.687 2
62.0098 158.32 3
60.3854 85.91 1
176.094 196.596 2
190.557 167.883 1
172.689 165.337 1
278.882 82.0033 1
243.585 91.4561 1
252.019 76.9228 1
106.875 156.472 1
180.835 96.7212 1
128.055 81.4615 3
250.82 118.016 1
324.016 32.6399 1
218.328 45.8434 1
83.0819 56.4583 1
120.252 66.3294 2
182.894 69.046 1
142.821 86.4917 1
231.213 95.7453 2
57.1406 140.56 2
122.008 140.294 1
197.271 173.999 2
59.3415 205.144 5
305.736 43.9455 3
339.918 48.2932 1
343.587 49.0465 2
193.504 54.6474 4
150.613 57.6197 2
201.676 59.7946 3
210.482 60.1362 1
142.477 60.868 6
133.301 63.1928 1
82.0059 64.0855 5
127.034 66.1433 2
205.796 66.6684 1
185.685 68.0588 1
168.076 70.1924 1
150.802 71.3958 1
112.838 72.4582 1
122.841 72.9425 1
98.087 74.4418 1
187.077 79.3163 1
195.494 78.7322 1
178.792 79.7859 1
124.382 83.9871 3
99.0843 85.5619 5
83.6097 86.8199 1
64.2869 102.565 2
346.452 104.539 1
131.007 124.417 3
133.771 123.925 1
138.99 128.356 5
16.5016 142.965 1
173.586 142.679 1
156.025 153.208 1
163.353 152.834 1
349.124 158.708 1
341.522 163.707 1
187.647 178.022 2
126.179 201.85 1
174.65 207.479 1
144.258 208.15 1
61.6047 213.712 3
74.0862 256.653 1
127.283 67.4851 1
155.755 123.406 5
183.132 155.128 2
152.071 156.378 1
183.744 209.111 1
174.793 208.647 1
178.125 70.4139 2
78.748 73.7605 1
119.49 71.8358 2
248.568 81.722 2
133.925 87.0117 2
339.114 100.697 1
143.549 112.695 1
122.103 136.678 1
119.721 164.231 1
45.683 171.461 1
184.463 171.125 1
120.406 188.594 3
59.6354 232.143 1
206.391 57.9613 2
157.114 60.5943 6
186.89 59.8243 1
108.59 64.0791 1
123.571 64.1269 1
143.299 64.1053 3
228.57 62.6043 1
134.223 65.653 4
99.0953 68.2462 2
212.859 66.7927 2
118.283 83.0267 1
87.4273 87.5231 1
94.8756 86.9565 2
60.7034 89.6761 1
124.369 105.456 2
249.54 109.006 2
196.264 110.321 2
157.621 112.94 2
116.348 115.441 1
61.3461 118.76 2
177.002 127.316 1
176.79 144.95 1
125.275 160.576 6
62.1004 162.197 1
155.734 163.898 1
167.491 164.335 2
131.505 171.715 1
252.362 183.167 1
196.796 186.981 1
63.2361 190.243 2
118.316 189.138 1
183.835 216.057 1
167.55 219.17 1
110.349 67.4428 6
144.895 132.214 1
182.515 175.743 1
139.493 179.422 2
161.762 123.367 1
203.567 126.243 2
254.242 127.084 1
65.6808 134.489 1
129.73 136.72 2
190.531 158.601 1
237.444 96.0899 1
140.905 75.2159 10
58.9183 66.6409 1
158.124 115.832 1
150.485 129.554 1
240.95 172.941 3
116.193 177.202 1
63.2525 248.36 1
343.292 27.2122 1
303.879 42.6446 2
204.096 77.2709 2
191.227 77.9127 1
341.212 156.051 2
134.973 58.5569 2
165.33 80.577 2
146.688 75.6028 4
156.136 79.8661 2
148.846 81.1379 2
138.425 82.0074 1
112.492 74.0192 3
89.377 63.6877 2
108.971 84.0891 2
86.5548 84.4572 2
79.9987 85.954 2
166.558 133.89 2
247.632 187.035 1
65.0947 101.471 2
170.27 155.843 2
342.895 256.987 1
163.745 207.808 1
190.383 117.026 1
37.8489 72.2996 1
127.283 117.959 1
126.725 140.483 2
297.817 40.4868 1
199.787 47.0556 2
226.865 63.1664 1
199.309 83.4391 1
179.631 85.4235 2
171.111 85.2376 1
61.3 98.2083 2
189.036 197.151 3
138.423 180.041 1
123.959 176.422 2
62.8435 170.144 1
63.6418 212.814 1
211.18 77.2407 2
186.33 81.546 2
135.779 60.9094 2
170.277 81.6159 3
128.016 83.6885 2
157.192 97.2691 2
156.181 112.897 2
83.0411 88.8572 3
52.6141 75.7777 1
115.294 115.978 1
252.906 182.183 1
180.327 163.108 2
317.36 226.852 1
64.2175 117.72 1
197.645 185.631 1
133.003 164.512 1
116.283 188.268 2
172.14 216.978 1
66.3349 190.179 1
53.2699 154.623 1
53.6749 181.842 1
55.9261 211.992 1
158.818 84.7809 1
201.839 157.357 1
176.118 177.526 3
65.9855 166.114 2
255.73 125.664 1
207.516 121.717 1
188.154 150.177 2
108.58 129.088 1
67.9483 129.788 1
123.976 168.84 4
258.359 135.532 1
209.343 47.7175 4
177.981 51.7547 2
145.857 54.7488 2
125.781 54.2664 2
112.751 54.9232 2
148.873 131.208 1
87.8899 57.4129 1
150.823 138.592 1
266.397 93.6134 2
177.262 22.1376 1
181.865 77.9094 2
165.157 61.9143 2
158.283 59.8959 5
152.995 55.3672 1
119.396 28.6077 1
110.286 27.5471 1
145.181 78.5245 1
183.908 129.676 2
206.383 167.961 1
177.829 141.176 1
161.322 132.891 1
111.361 76.4138 2
167.37 153.39 1
170.162 157.9 2
143.961 131.193 1
94.8279 84.2772 1
157.548 206.412 1
35.29 55.9615 2
67.3654 99.9039 1
217.622 90.7561 1
107.858 22.3527 2
50.9182 42.184 3
135.064 157.053 2
125.325 152.623 1
55.6982 171.517 2
180.786 51.4573 1
166.459 75.1812 1
178.707 187.683 1
62.197 66.3766 1
63.0876 168.671 3
237.998 91.8079 1
139.42 83.1606 3
159.152 110.839 2
127.22 84.6482 1
161.409 125.853 1
150.403 126.177 1
111.083 85.2839 1
71.8147 50.2508 1
98.1557 88.3788 2
128.173 153.237 1
123.158 174.361 2
66.5862 114.842 1
111.397 186.774 3
51.9478 155.021 1
68.9057 187.862 1
52.4328 174.85 1
179.578 198.002 1
166.163 178.805 2
211.089 114.604 1
183.616 148.822 1
191.875 178.01 1
164.781 171.243 2
124.08 125.836 1
102.379 123.506 1
127.48 159.361 1
98.0033 195.546 1
312.156 29.6075 1
312.112 33.9218 1
226.739 55.7116 2
224.464 63.3158 1
184.766 29.5679 1
168.924 12.0432 1
122.342 105.957 5
130.825 166.098 1
78.8158 24.3705 2
72.1462 260.082 1
303.988 17.71 1
312.198 165.967 2
319.085 270.55 2
242.237 106.329 1
247.757 176.214 1
245.531 184.025 1
225.557 254.579 1
178.729 106 1
204.717 254.789 1
182.16 167.038 2
156.967 67.1089 7
162.547 142.513 1
160.393 131.679 2
109.563 29.5591 2
129.858 140.853 4
148.721 255.634 1
126.032 177.142 1
74.6337 12.0069 1
129.788 255.174 1
86.6019 72.4543 3
76.8775 64.2266 2
62.1983 50.3836 1
107.589 254.481 2
40.2642 41.7551 2
66.0106 181.968 2
57.0313 228.813 3
40.2016 275.075 1
231.468 256.998 1
177.618 106.4 1
211.576 255.403 1
159.869 106.834 2
74.2987 245.475 1
269.282 26.2038 1
226.265 65.6302 1
183.605 103.397 2
170.571 102.442 1
174.687 188.54 2
103.322 39.6018 2
129.097 144.728 1
135.898 181.073 1
76.4091 106.864 1
90.8811 179.191 2
69.5745 266.528 1
229.628 31.8556 2
238.834 89.5509 2
256.348 177.756 1
239.36 167.813 1
242.764 187.201 1
209.211 77.289 1
202.574 59.3395 1
203.938 104.626 3
184.814 144.653 6
179.873 132.427 2
164.928 108.285 1
174.255 160.157 1
175.529 170.532 2
155.803 134.955 2
152.813 143.295 3
128.014 82.2883 1
152.45 208.233 1
134.754 194.251 2
110.545 110.872 1
116.041 145.897 1
110.358 162.288 1
79.2483 47.0464 1
109.452 185.303 2
76.6813 100.722 2
104.377 257.418 2
69.637 112.506 1
78.3389 175.311 1
82.9381 247.52 1
73.0118 257.006 2
264.303 250.245 1
238.254 168.735 1
255.632 85.7594 1
182.195 49.8748 1
160.099 188.913 1
142.017 175.534 2
96.9353 39.9687 2
229.856 93.8869 1
219.492 72.3557 1
216.482 108.14 1
211.043 185.284 1
196.176 173.611 1
162.271 97.7972 1
175.087 146.979 5
170.276 198.558 1
148.697 148.275 2
166.306 199.912 1
180.245 86.9984 1
312.068 30.7121 2
183.138 140.82 1
168.484 13.013 1
125.44 99.9488 1
129.678 16.6863 3
65.5278 269.307 1
115.382 13.1733 1
82.5718 11.7991 1
60.1041 103.955 1
40.3437 15.0467 1
329.89 62.267 1
330.348 23.759 1
321.824 29.0808 1
316.058 24.8993 1
313.355 13.6941 1
303.137 16.4096 1
284.266 39.2577 2
248.317 102.1 2
250.722 21.0742 1
186.251 195.432 12
179.869 192.167 2
184.386 127.941 1
167.655 136.734 1
58.0476 230.379 1
47.422 226.041 1
56.0553 168.42 1
110.497 256.116 1
57.2698 56.7787 2
312.044 167.929 1
301.159 170.157 1
284.962 173.232 1
200.863 181.974 1
150.5 144.987 2
136.626 188.619 3
134.337 180.319 1
69.2838 264.31 1
67.1658 257.126 1
65.032 186.185 1
84.1458 78.863 1
271.923 236.932 1
244.211 248.443 2
217.97 76.5204 4
188.344 72.279 2
159.488 135.562 2
144.672 110.57 2
130.446 142.586 1
116.066 196.977 1
127.615 99.265 1
115.275 139.68 1
130.195 32.7234 1
110.915 109.717 1
102.006 63.1428 1
242.188 248.595 2
172.67 109.331 3
107.69 258.074 1
86.4893 249.407 1
203.715 159.488 2
189.68 173.293 4
202.159 107.143 2
140.269 185.654 1
137.858 178.593 2
238.247 170.208 1
169.768 197.579 1
162.09 166.077 1
166.091 112.426 1
166.252 97.4042 2
115.236 175.86 1
182.053 81.4765 3
285.742 237.214 1
271.459 246.214 1
253.646 254.448 1
222.185 103.215 1
174.275 75.1579 1
129.055 15.6691 1
59.2505 15.5493 1
275.265 226.875 1
330.45 70.6751 1
303.327 58.9562 3
140.079 188.059 1
170.761 134.686 1
177.922 123.29 3
149.138 127.927 1
181.346 53.3442 1
132.421 53.2724 2
81.5374 57.1292 1
184.62 194.623 2
173.743 125.827 4
196.785 158.993 1
283.081 45.656 1
266.937 38.6256 1
228.169 78.1742 2
133.175 183.777 1
202.173 75.5245 2
156.933 113.936 2
63.8985 219.614 1
132.742 117.43 2
61.6305 91.8464 1
275.14 48.374 1
151.103 185.583 1
221.158 69.175 1
179.094 110.728 1
183.315 98.5528 4
189.964 82.2115 3
191.743 69.6527 1
145.703 106.441 1
116.512 132.316 1
175.913 50.1905 1
123.954 107.028 3
136.586 83.6344 2
161.154 52.1117 1
284.499 88.5039 1
205.658 79.1736 3
110.721 88.6245 2
250.147 181.665 1
274.331 110.23 1
205.125 184.003 1
249.446 106.043 1
199.583 154.692 1
242.561 76.0745 1
199.111 108.591 2
127.289 194.626 1
228.599 168.863 1
191.645 167.099 2
245.599 92.0477 1
222.028 93.0244 1
107.746 188.759 1
96.7858 155.541 1
131.264 103.631 1
125.816 78.8282 1
102.25 85.8016 1
164.257 115.909 1
16.6599 144.719 1
112.837 83.7922 1
128.371 39.684 1
43.8658 44.0988 1
343.025 242.257 1
214.115 240.08 1
201.086 240.038 1
191.558 240.124 1
267.438 157.748 1
178.33 186.241 1
227.012 161.309 1
209.518 161.428 1
320.725 99.2629 1
292.472 92.527 3
105.234 165.717 1
179.135 122.498 2
191.157 116.077 2
151.46 126.814 3
237.781 81.2794 1
299.718 27.2723 1
214.022 60.7361 2
194.481 55.9948 4
200.824 46.2681 1
143.38 72.4181 1
129.683 65.6947 1
153.729 49.768 1
102.935 56.5902 1
84.5166 55.5202 1
167.396 172.535 3
139.644 176.847 1
306.322 45.388 1
181.3 84.7397 3
286.036 33.8988 1
174.425 56.9717 1
101.424 88.9152 3
82.4289 53.4481 1
62.6708 234.711 2
194.139 156.77 2
188.788 125.64 2
322.418 41.3583 2
311.604 42.7258 2
60.5564 162.359 1
226.837 60.7802 1
91.3968 46.7766 1
190.897 169.306 1
152 181.85 1
180.543 165.685 2
56.0088 217.861 1
288.728 87.1646 1
115.148 159.46 1
155.923 133.037 3
181.813 113.213 1
127.592 139.229 5
248.729 79.4826 1
232.995 77.0947 2
185.578 98.4678 2
118.688 127.628 2
203.048 76.9537 1
147.067 103.586 2
193.25 80.1775 4
184.83 80.9451 1
176.338 81.1009 1
166.186 81.9162 1
158.305 81.0644 2
132.363 80.2021 3
120.511 85.6746 2
97.4598 86.6614 2
89.4297 86.9324 2
164.286 173.371 1
199.382 184.846 1
123.012 185.901 2
197.118 109.607 1
61.2149 149.197 1
189.322 157.97 6
170.709 164.782 1
136.734 170.821 1
106.092 150.79 1
205.523 45.2662 1
218.33 44.4429 1
186.911 47.0272 1
25.7434 60.006 2
214.782 62.2004 1
182.792 66.4435 1
120.233 68.6922 1
344.964 86.7315 1
125.448 145.828 1
57.6604 156.796 1
58.4306 189.753 1
59.6408 226.787 2
344.334 51.9018 1
185.707 56.7014 1
170.468 57.7624 1
150.713 59.2424 2
210.786 62.36 1
142.983 62.5595 3
133.363 64.6865 1
127.142 69.2267 1
190.794 69.0136 1
173.364 72.2563 1
187.312 81.3364 3
195.454 80.1467 7
207.283 79.2053 4
86.4627 82.6376 1
152.554 82.2862 1
113.518 84.5953 1
124.479 85.1372 2
99.5033 86.8861 3
346.633 106.966 1
60.3403 163.421 2
61.1402 186.084 1
190.628 204.132 1
139.506 211.339 1
144.545 211.614 1
178.101 211.362 1
152.348 211.893 1
174.299 212.573 1
338.834 55.7983 1
173.604 74.2006 1
186.699 98.3523 1
193.43 153.312 2
153.776 160.467 1
61.4189 187.24 1
139.674 212.75 1
165.374 82.9476 2
131.262 85.361 1
79.5222 88.7077 2
119.251 161.515 2
60.8639 87.9417 1
143.48 103.315 2
196.905 115.601 2
249.687 114.947 1
116.351 120.229 1
183.804 120.344 2
196.023 152.517 1
124.72 166.318 1
156.216 168.82 1
252.743 187.772 1
196.609 191.569 1
57.2345 33.7251 2
165.68 67.2848 1
53.5298 34.495 1
343.952 147.533 1
59.3514 77.821 1
141.769 111.683 1
149.993 112.903 2
125.847 132.283 2
339.4 51.1041 1
223.07 62.1888 1
190.62 67.7494 2
134.411 59.9722 1
68.1249 49.6799 1
118.77 68.3444 1
108.835 86.2942 6
85.3838 85.4216 1
23.2624 71.6663 1
126.675 118.872 1
132.863 128.376 1
62.2108 114.133 1
174.304 210.177 1
339.32 54.2099 1
33.4249 60.4963 1
190.158 121.757 3
62.0146 116.525 1
170.094 159.837 2
199.259 79.9615 2
76.0443 89.4021 2
197.315 157.353 1
63.9945 211.805 1
183.513 119.225 2
115.148 121.491 1
64.0682 123.299 1
253.201 185.897 1
168.062 168.683 1
156.232 167.722 1
124.587 163.17 2
196.811 189.726 1
53.9699 151.86 1
116.44 192.253 1
66.4523 194.872 1
65.1832 129.042 1
53.7695 183.666 1
218.705 59.982 2
126.949 52.2721 1
172.954 85.2814 1
113.337 52.9683 1
52.5219 35.2545 1
164.631 117.189 1
43.3361 35.562 1
136.211 109.413 1
188.729 79.5386 2
180.883 80.0497 2
162.929 81.5068 1
154.351 81.5699 1
111.869 75.4019 1
116.805 78.9797 2
148.914 103.746 1
89.2471 65.3402 5
59.5821 48.7972 2
93.4883 86.5684 2
84.6145 86.3903 2
128.382 117.086 1
78.337 87.0917 1
162.814 182.675 1
38.4612 181.4 1
115.891 80.2411 1
172.118 209.994 1
206.964 83.0586 1
194.701 84.1246 1
178.767 183.391 1
185.57 200.533 2
141.273 83.632 1
157.387 98.8012 2
112.385 85.5693 1
112.567 119.867 1
110.88 190.532 1
54.1703 211.831 1
142.838 172.253 1
120.877 135.417 2
225.868 45.8753 1
210.755 46.9135 1
179.445 50.9014 1
118.57 55.738 3
124.031 62.9832 1
105.322 57.4867 1
140 110.829 3
95.0223 57.767 1
181.419 187.103 1
83.8684 74.2059 1
133.932 173.244 1
66.3435 267.567 1
320.172 38.0841 1
190.175 55.424 3
198.702 76.5036 2
171.719 78.9431 1
160.899 80.9513 2
147.81 69.3965 1
262.973 246.509 1
159.988 133.608 2
151.524 123.618 2
114.981 80.9423 1
102.134 84.0206 5
163.286 181.685 1
132.29 140.43 2
133.032 147.87 1
38.5345 43.5265 2
69.2928 99.9862 1
54.8615 178.612 1
319.104 38.8874 1
278.118 234.252 1
137.452 155.348 1
127.886 151.221 1
178.689 133.834 1
142.775 111.682 1
175.417 186.784 1
136.07 84.8862 1
169.047 163.538 1
127.562 119.731 1
135.561 141.221 2
110.041 115.617 1
129.884 152.753 1
138.04 160.636 2
68.1534 116.12 1
70.3847 189.122 1
185.939 84.891 1
160.864 179.862 1
114.365 178.751 1
228.481 55.2659 1
212.302 27.2828 1
215.968 48.1798 1
133.851 170.828 1
84.5709 72.8138 1
318.176 46.5193 4
302.209 18.1798 1
310.017 166.641 2
238.044 17.6519 1
304.967 223.485 1
258.793 91.794 1
265.126 174.598 1
213.493 74.682 1
242.479 165.483 1
244.55 184.57 1
200.774 103.431 1
203.16 178.989 4
144.83 18.8916 1
155.109 67.3044 2
179.931 183.943 3
140.941 66.8091 1
106.292 23.1804 1
148.88 182.761 2
120.051 121.858 1
130.728 191.82 2
95.7677 96.9516 1
75.3873 65.8926 1
75.4569 72.0612 1
58.242 55.6396 1
74.3466 172.943 1
76.5029 245.302 1
71.7153 254.366 2
301.246 160.111 1
253.854 176.501 1
161.519 106.891 1
199.271 248.445 1
167.392 152.25 1
142.824 99.5132 1
165.478 247.834 2
76.042 45.9524 1
67.5932 111.387 1
70.9143 255.111 1
189.576 29.6224 1
243.756 251.259 2
180.509 138.326 1
136.472 162.062 2
235.079 91.5362 1
198.657 54.034 2
215.001 104.96 1
236.089 169.097 1
209.647 182.074 2
196.471 171.825 1
183.514 144.856 1
164.37 109.475 2
160.755 156.859 1
138.113 95.1875 1
148.067 136.582 2
118.081 42.2629 2
113.74 67.3122 1
139.253 195.411 2
106.474 111.633 1
113.307 148.478 1
120.472 173.676 3
106.85 163.486 1
83.7055 101.144 1
232.888 92.5239 1
235.454 169.943 1
224.134 247.946 3
194.89 172.797 1
153.253 157.96 2
182.214 86.7495 1
198.985 174.487 1
160.972 116.101 1
163.387 200.63 1
324.538 218.855 1
315.063 8.16084 2
314.393 162.574 1
250.301 98.9664 2
210.369 48.6308 1
167.081 119.788 2
139.68 137.77 2
77.8925 9.22206 2
67.5481 269.349 1
62.782 109.588 1
36.7602 51.3371 1
305.848 101.344 1
237.524 11.4516 1
217.054 75.2226 1
214.453 72.3437 2
180.579 131.61 2
180.816 167.375 1
181.26 172.628 1
180.898 177.469 2
178.619 107.373 1
176.753 105.047 1
176.964 191.427 1
162.046 13.7217 1
146.366 121.179 1
134.148 37.1927 1
116.36 61.4013 1
108.909 254.294 2
105.657 25.2967 3
107.381 30.4539 3
75.1592 63.0797 1
54.3184 133.851 1
55.5932 167.205 1
45.5898 10.0594 1
218.052 103.288 1
212.069 258.064 2
176.515 107.136 1
155.582 255.46 5
138.544 63.5706 1
132.384 37.6199 3
55.3498 56.0657 1
258.99 100.604 1
167.124 31.3433 1
148.612 189.178 1
126.357 110.231 3
86.8564 178.898 2
85.5522 80.0739 4
70.2028 265.282 1
65.1732 95.1195 1
270.334 237.441 1
253.987 178.204 1
236.175 109.189 1
212.15 180.75 1
208.624 104.218 1
171.458 170.644 1
160.224 93.2861 3
157.02 46.4334 1
155.791 144.034 2
149.084 257.912 1
138.995 110.825 1
126.19 40.888 1
122.342 20.1526 1
112.117 141.385 1
104.01 161.229 1
103.797 185.066 2
99.7914 25.8428 1
86.0778 46.4928 1
238.855 249.051 1
204.098 258.648 1
175.287 194.988 1
155.059 135.643 1
123.446 41.8405 2
121.113 84.5484 2
121.728 156.014 1
163.888 112.65 3
167.109 146.808 1
293.978 170.372 1
265.077 100.81 1
246.552 98.2394 1
197.338 161.367 1
228.644 60.38 1
175.12 139.121 1
196.021 32.5505 1
165.52 106.952 2
154.185 124.023 1
139.797 122.2 1
268.176 229.783 1
255.112 22.9208 1
242.442 31.4402 2
179.131 177.972 1
183.133 127.687 1
132.277 141.856 1
145.186 99.0459 1
125.599 127.977 1
142.622 53.9458 1
146.286 34.2852 1
128.226 54.5748 1
127.574 18.3594 1
56.2816 230.378 1
99.2966 56.6231 2
266.413 169.793 3
249.372 102.627 1
226.007 96.534 1
182.286 193.756 2
163.322 74.4977 2
137.256 130.321 3
132.351 32.7728 1
53.779 56.7446 1
203.518 33.2749 1
157.128 116.086 1
97.9649 257.133 1
139.049 58.4504 1
66.7629 238.687 1
106.7 58.5997 1
64.3803 165.583 1
84.2431 77.3949 3
63.2946 92.7727 1
253.018 157.427 1
251.995 103.78 2
248.015 36.3448 1
186.625 184.11 1
183.107 143.911 1
181.541 69.5644 1
144.652 186.332 1
158.13 135.132 2
156.55 72.0789 1
137.28 126.922 2
138.599 107.747 1
107.959 185.934 2
104.105 152.01 1
107.702 108.545 1
80.148 103.203 1
211.976 94.6323 1
167.982 96.5578 1
170.913 109.48 1
211.877 183.556 1
205.276 156.497 1
180.301 80.8817 1
132.278 197.548 2
199.004 169.703 1
162.602 197.016 1
163.587 96.2149 1
159.703 196.602 1
313.33 37.8166 1
90.7933 257.52 1
78.8134 256.875 1
133.328 179.785 1
89.7114 83.3399 1
273.325 225.878 1
238.642 160.86 1
320.528 27.463 1
195.04 48.1479 1
149.656 108.417 2
186.468 49.6286 3
179.878 52.4798 1
130.631 52.7341 1
54.5781 107.145 1
78.6193 56.2364 1
230.002 79.4657 1
166.415 135.384 1
135.185 118.353 5
198.583 157.198 1
134.326 183.234 1
177.592 80.2482 4
66.3065 235.662 1
63.9868 163.206 1
73.4111 50.2536 1
281.811 229.302 1
282.666 87.828 1
193.519 170.691 1
179.958 98.0047 1
112.351 186.129 1
187.889 67.3367 1
155.216 97.4796 2
174.244 64.8807 2
140.484 102.553 1
135.475 82.2591 2
122.951 84.6597 1
150.369 64.6987 1
252.51 184.364 1
252.549 108.372 1
223.68 167.872 1
189.37 160.959 2
171.329 95.5269 2
131.736 177.635 1
170.071 60.2449 3
174.803 125.895 1
144.807 112.115 1
197.837 44.754 1
187.512 49.3311 2
165.883 52.0301 1
111.383 69.0622 6
132.785 49.1419 1
128.239 52.7413 1
89.5354 76.3582 2
100.641 55.4989 1
76.8546 60.4476 1
167.104 144.716 3
295.439 37.9341 1
155.385 65.1699 1
177.237 43.0472 1
91.8781 87.138 1
142.044 44.3352 1
86.5751 71.1802 1
195.768 156.708 1
165.932 144.015 1
63.6766 208.458 1
194.524 107.36 2
200.824 73.3572 1
61 86.7504 1
179.108 112.758 1
154.792 130.315 2
132.25 79.1721 2
76.3092 82.4049 1
158.283 170.861 1
252.087 111.459 1
59.8929 146.68 2
16.6666 145.886 1
310.883 44.5561 1
155.053 71.8512 2
200.525 51.4382 1
342.877 123.081 2
156.285 125.013 1
131.982 130.945 1
323.131 52.3292 1
218.875 68.3536 2
177.436 68.7247 4
158.259 70.3287 1
194.722 57.0366 1
134.821 72.8424 1
200.665 43.6966 1
129.836 67.3053 1
169.213 45.9191 1
184.478 112.849 1
194.511 64.5589 3
176.828 67.2579 3
105.882 86.811 1
129.362 52.8013 1
194.613 153.357 1
60.6115 155.756 1
59.6299 130.933 1
59.5751 84.6639 1
115.034 155.824 1
161.853 128.955 1
42.244 164.864 1
142.674 104.309 1
130.568 78.2189 1
119.479 81.5612 1
138.351 122.816 1
60.6371 132.706 2
214.657 64.5862 1
56.3101 94.3383 1
125.496 144.373 1
57.6376 158.241 1
211.526 66.4368 1
88.3361 67.2875 2
98.1452 67.7459 1
193.508 109.263 1
347.987 132.83 1
124.101 159.913 1
154.087 162.971 1
129.272 170.713 1
195.237 185.648 4
61.2019 188.389 2
190.586 207.233 1
182.691 215.116 1
142.935 129.671 1
143.96 108.926 2
156.967 176.169 1
183.947 174.464 3
184.096 124.479 1
197.151 128.227 1
250.159 125.486 1
61.3733 131.408 1
196.257 148.695 1
198.141 136.722 1
250.946 131.578 2
344.171 145.928 1
132.566 131.787 1
186.143 58.4049 1
133.906 62.3918 1
142.95 66.6463 1
118.11 77.2776 1
154.05 112.751 2
177.541 126.361 1
183.926 214.231 1
58.2579 209.179 1
61.6316 123.433 1
196.922 155.47 1
154.659 176.942 1
199.427 124.888 1
153.137 123.977 1
64.084 132.678 1
252.769 132.712 1
198.918 46.3879 1
141.655 73.0979 1
131.055 107.721 2
103.858 72.7627 1
154.613 111.445 2
179.581 145.272 1
143.237 67.9472 1
157.278 162.361 1
64.829 166.554 1
124.126 165.101 2
152.901 72.3 1
137.382 107.989 1
181.769 180.059 2
210.034 76.4668 3
316.995 214.657 1
127.034 152.748 1
141.967 81.5742 4
193.546 81.9608 1
152.263 117.834 1
169.863 170.043 1
227.627 44.5406 1
58.0312 34.3549 1
132.837 123.449 1
179.65 181.615 2
53.1195 179.807 1
173.534 186.479 2
223.072 71.8255 1
157.235 100.247 1
130.258 101.788 1
159.758 147.733 1
105.448 121.244 1
127.704 155.527 1
228.398 65.0683 1
212.968 46.5179 1
202.971 48.3955 1
255.092 171.7 1
135.087 54.4068 1
167.019 118.158 1
171.843 128.686 1
81.091 105.195 1
302.995 224.47 1
153.722 80.2557 1
146.113 103.243 1
186.889 189.284 2
132.751 95.2974 1
114.593 64.0978 1
134.166 122.494 1
141.814 151.761 1
119.613 148.413 1
193.602 85.3196 1
217.487 60.1381 1
165.079 97.5074 1
161.141 113.075 1
132.655 98.0422 2
144.247 128.213 1
135.825 149.939 1
133.869 54.6713 1
130.697 140.689 4
104.623 39.1478 1
96.0667 57.6003 1
84.912 250.426 1
72.9286 265.094 3
69.995 270.313 1
252.926 175.551 2
240.552 183.898 1
210.421 75.2639 1
206.587 178.809 2
178.344 116.106 1
179.545 131.084 1
148.972 91.5226 1
154.505 132.657 1
125.186 38.3272 1
154.629 205.727 1
103.852 23.8589 1
118.872 145.193 1
94.7212 97.0472 1
81.0194 44.9187 2
77.2324 97.91 1
104.872 255.458 1
79.1421 172.9 1
73.7479 254.448 1
207.472 179.377 1
256.365 84.8932 1
263.11 171.496 1
239.76 251.556 2
187.037 88.0622 1
181.736 102.444 1
163.427 32.4027 1
162.893 188.961 1
99.1109 40.0136 1
209.579 53.2559 3
232.474 169.029 1
189.95 35.1414 2
214.145 181.728 3
154.112 48.1512 1
146.338 94.0478 2
149.96 136.716 2
142.893 195.489 1
118.101 174.292 1
200.27 172.067 1
169.01 196.894 1
296.866 106.56 1
202.337 181.872 1
190.538 28.8782 1
164.304 19.1763 1
160.182 102.314 3
126.903 55.2186 1
75.8511 47.0451 1
264.845 91.8959 1
250.284 102.028 1
241.133 106.465 1
235.297 30.1396 1
219.202 64.8004 1
187.94 190.162 1
177.887 131.589 1
178.677 172.153 1
178.422 177.01 1
172.17 105.278 1
169.291 122.161 1
162.531 136.706 1
160.062 13.3217 1
160.712 91.4796 4
134.286 191.07 1
124.768 18.4225 4
118.862 141.647 3
73.4024 63.2471 2
74.5261 253.594 1
170.026 107.458 2
130.364 38.2118 1
102.39 38.6751 1
87.6143 45.2661 1
266.154 249.195 1
258.199 18.5341 1
207.837 182.219 1
184.307 252.178 1
143.55 179.611 1
125.931 252.028 1
236.942 248.81 1
224.142 32.1831 1
213.252 51.9745 1
199.239 258.164 1
173.251 194.457 1
166.386 170.615 1
159.253 134.57 2
159.851 160.05 2
155.284 46.6059 2
120.829 65.1193 1
169.178 195.22 1
301.544 107.387 1
220.505 103.726 1
201.137 162.215 1
160.041 118.441 1
138.941 189.055 1
127.379 190.84 1
101.991 61.4502 1
87.7021 79.6465 1
83.436 81.3156 2
300.013 48.1798 1
267.73 31.2447 1
174.309 149.925 1
164.283 75.1148 1
134.282 142.116 1
113.58 186.623 1
139.597 53.6752 1
141.602 34.4531 2
134.688 64.6281 1
125.844 18.3595 2
109.783 55.7242 1
73.756 61.7912 2
277.248 156.517 1
255.978 159.436 1
243.203 19.0796 1
221.331 97.5141 1
171.909 150.036 1
142.262 127.88 2
85.5547 178.318 1
207.77 258.886 1
211.176 181.937 2
206.763 160.12 1
201.546 105.34 3
140.952 176.767 1
132.369 199.094 1
241.756 35.3267 1
174.441 195.852 1
169.783 110.023 1
132.985 107.911 1
269.634 41.0881 1
246.751 30.605 1
71.7629 263.168 1
191.698 47.3384 1
162.044 53.1875 1
140.545 53.126 1
109.156 66.4592 2
109.34 53.9957 1
247.962 34.5555 1
248.776 103.809 1
244.714 81.3962 1
199.414 106.929 1
194.978 171.042 1
220.17 94.3086 2
218.672 78.5038 2
214.428 55.4058 1
151.558 65.334 2
134.896 102.966 1
315.344 44.2757 1
148.066 120.976 1
133.989 117.933 2
231.862 80.0583 1
207.006 44.9233 1
147.547 105.845 2
191.852 45.2998 1
177.598 49.4971 1
140.284 51.1785 1
200.472 81.0976 2
191.719 81.645 2
106.864 89.4726 1
249.667 104.745 1
193.202 168.025 1
178.403 97.1205 1
97.7046 159.503 1
64.9056 209.392 1
201.184 71.4809 1
128.664 60.0789 3
143.638 110.73 1
125.173 107.859 1
174.249 58.2554 1
151.293 69.6933 3
130.874 48.1205 1
87.7874 72.5169 3
98.6129 53.9209 1
146.806 104.659 1
139.572 105.972 2
129.632 105.918 1
136.819 82.313 1
191.399 164.933 1
114.162 187.743 1
124.467 134 1
130.248 104.515 1
312.03 44.4939 1
159.76 81.0527 1
193.286 62.506 2
134.474 81.1803 1
90.6105 86.4719 2
82.7578 87.8859 1
233.711 73.5843 2
61.8512 150.49 1
110.333 152.629 1
125.078 131.211 2
149.872 180.986 1
58.6885 199.983 1
343.384 126.777 1
189.628 150.51 1
133.3 82.168 1
105.15 86.0034 1
206.519 61.1778 1
202.143 61.4775 1
186.571 65.0741 2
176.555 64.9346 2
81.0644 87.2909 1
151.53 66.5402 2
82.7628 74.9016 2
103.832 64.5759 1
149.112 179.233 1
190.332 164.413 1
202.366 71.628 1
159.702 112.313 1
138.46 169.828 1
115.152 148.602 1
182.063 120.092 1
202.909 72.6217 2
147.297 176.364 2
194.002 114.308 1
347.406 114.264 1
153.597 118.047 1
348.082 135.957 2
193.478 148.815 1
194.233 191.264 1
120.119 191.227 2
347.439 201.502 1
136.399 131.047 1
124.387 167.917 1
60.8966 159.99 1
125.305 187.412 1
175.336 140.995 1
124.149 161.772 2
194.629 188.872 1
63.0122 193.092 1
62.6795 141.724 1
195.603 186.894 1
135.339 135.195 1
199.662 148.547 1
99.5387 82.0621 1
119.136 139.445 1
137.318 133.012 1
170.085 142.958 1
129.896 125.734 1
111.848 83.3563 1
167.859 143.599 1
185.728 196.918 1
119.061 129.141 1
204.186 46.757 1
134.413 96.7603 2
148.875 138.999 1
295.638 223.453 1
133.276 143.868 1
66.4175 37.468 1
85.1538 78.5916 1
142.51 105.621 1
180.989 192.543 1
183.948 196.026 2
117.058 150.342 1
160.581 99.958 1
196.587 174.741 1
296.71 227.095 1
174.254 30.4158 1
246.681 249.994 2
155.417 32.9907 1
139.275 160.64 1
68.0899 35.9601 1
68.5252 42.1825 1
222.211 61.1811 1
236.722 166.939 2
169.458 55.1247 1
174.074 132.401 2
141.461 56.2091 1
161.563 153.843 1
133.116 70.0161 2
140.486 93.2152 1
149.343 143.709 1
145.125 150.425 1
131.18 135.008 1
117.543 146.913 1
161.115 178.891 1
130.256 111.213 1
194.312 129.451 1
225.341 30.4082 1
251.654 175.435 1
213.086 178.383 3
175.883 116.884 1
182.416 195.421 1
151.243 91.5567 1
156.852 143.238 2
156.538 148.505 1
127.052 38.1756 1
121.121 63.0655 1
123.111 79.8467 1
118.377 58.0216 1
139.835 192.354 2
104.314 30.1008 2
99.9682 24.5353 1
108.897 109.626 2
116.116 144.173 1
83.319 97.3047 1
239.763 23.7521 1
205.627 256.777 1
159.142 154.835 1
188.82 87.9162 1
166.152 32.1624 1
204.26 57.2132 1
88.956 80.0035 1
69.8785 42.9914 1
68.6857 95.5125 1
68.495 181.976 1
70.7286 185.671 1
238.77 106.763 1
174.202 176.713 1
171.368 107.503 1
155.338 12.7698 1
138.125 191.237 1
134.482 134.398 1
105.526 181.962 2
102.284 19.3236 1
101.852 25.0392 1
246.596 24.8339 1
178.244 191.668 1
121.13 92.1283 1
99.2763 39.0248 1
194.957 175.51 2
183.484 48.9624 1
150.197 178.324 1
145.301 138.114 1
127.951 185.561 1
157.157 134.607 2
160.953 171.222 1
254.871 99.4548 1
205.939 162.071 1
135.679 200.233 1
147.246 93.359 1
129.395 190.798 1
218.193 97.5659 1
198.456 47.4382 1
180.896 101.79 1
117.557 136.368 1
105.655 55.0888 1
93.244 56.2266 1
257.892 103.465 1
213.186 97.1832 1
166.406 93.8338 1
156.359 136.403 1
139.597 108.898 1
126.939 89.0085 1
106.784 185.813 1
213.091 159.538 1
163.038 109.492 1
144.766 177.506 1
130.961 198.57 1
273.241 154.685 1
199.125 45.1091 1
179.748 100.579 1
142.997 126.18 1
121.154 52.5164 1
81.8441 56.1569 1
176.266 95.3714 1
210.163 54.2739 1
166.507 96.3739 1
164.924 60.8975 1
189.677 69.3996 1
138.754 124.957 1
172.371 49.0246 1
142.479 102.833 1
108.244 65.7546 1
90.8675 75.5519 2
175.547 57.9699 2
201.869 108.889 1
140.453 137.024 1
132.969 138.282 1
177.919 66.3419 1
158.597 67.099 2
108.215 52.2071 1
177.206 59.6809 1
128.608 108.363 1
253.681 184.099 1
191.177 161.915 1
229.651 67.8596 1
168.583 135.156 1
184.301 99.8533 1
134.815 123.445 1
82.3881 85.5476 1
186.16 78.8792 1
186.28 62.6346 1
131.651 63.6805 1
100.828 71.2292 1
157.54 132.069 2
140.669 107.07 1
175.52 65.664 2
100.684 86.6981 2
130.442 120.02 1
156.744 131.383 1
57.3288 196.811 1
121.649 82.962 2
79.5773 82.1829 1
62.2437 222.517 1
58.5893 198.165 1
119.622 156.149 1
165.589 77.0394 1
