4252 21091
81.9941 3.19559 2
76.2254 5.84752 3
72.6109 7.5099 6
63.0456 12.6681 6
87.4841 12.5972 12
84.2466 12.858 6
81.6791 13.0159 8
94.875 13.5115 8
78.7332 13.9394 11
76.1416 14.9066 8
98.8914 15.057 7
74.232 15.8497 3
102.133 16.0182 10
59.906 17.2554 3
104.314 17.4279 10
57.8582 18.9065 10
69.6258 18.4376 7
82.689 19.8874 7
104.222 19.9367 3
55.3161 20.9886 3
68.1501 21.2268 1
77.6124 20.3846 4
80.9463 21.8387 5
96.1314 20.5841 34
87.9783 21.0934 17
83.9487 22.5224 9
92.8316 22.0941 7
105.439 22.9034 1
110.061 22.4319 11
67.0766 23.6841 4
52.7085 23.4406 8
77.0234 23.4833 15
72.0818 24.6909 15
100.253 23.5327 6
64.0355 24.2045 15
98.7054 25.0486 5
50.944 26.6626 7
62.509 26.694 19
100.886 28.6257 5
61.2418 28.3283 14
110.566 29.0399 4
106.52 29.8423 3
80.6734 31.1856 11
102.716 30.7455 4
60.3169 31.3288 21
119.386 32.2329 3
101.829 33.1049 4
90.7654 32.9125 23
104.785 33.1344 4
68.1396 32.3012 11
106.893 33.5196 3
81.4865 33.5462 6
84.5001 33.543 16
93.604 33.1257 6
59.0426 34.282 10
65.5503 33.7554 14
119.72 35.1399 11
103.945 36.3311 4
95.3531 36.4568 27
134.995 37.5998 6
192.285 37.6595 1
50.6346 38.3721 9
58.1071 38.7332 19
120.009 38.7768 4
104.458 39.3274 15
85.8476 39.1178 46
96.8119 39.9479 2
101.563 39.4772 4
83.2894 40.0429 5
64.9589 40.1179 19
76.4089 40.7539 3
49.7738 40.7013 6
79.6934 41.5678 3
57.7902 41.9616 9
105.045 43.2379 15
240.126 43.3981 4
123.524 45.6018 13
104.396 47.1473 16
67.1476 46.2508 8
58.2349 46.9975 14
92.6064 47.0628 16
126.683 47.5801 3
123.322 47.2642 6
48.3932 48.9476 3
104.843 47.9371 1
80.2596 49.0804 34
208.573 48.7217 1
80.3951 49.882 14
233.97 49.9278 8
87.7703 49.2704 34
97.6671 49.4785 30
78.6983 50.3569 3
97.3926 49.9535 7
102.656 50.9366 21
123.848 51.3239 2
48.0153 51.7943 26
83.3225 52.8236 12
112.546 52.8036 8
46.5607 53.2349 15
118.453 53.9161 10
70.3655 53.7906 3
67.2701 54.1456 17
99.9054 54.5808 11
42.1843 55.0799 6
51.0239 55.0632 7
60.7885 55.0076 2
39.5633 55.8677 4
98.971 55.5826 8
77.9653 56.0705 20
75.0532 56.7427 5
36.0679 57.3589 6
70.3432 57.0093 27
110.075 56.3826 16
78.6883 57.9577 4
96.7478 57.3598 14
62.6806 58.7072 2
76.6648 58.4762 4
31.8833 59.3512 5
93.9831 58.7654 11
31.0009 59.775 6
92.6779 60.1583 4
123.68 60.458 12
73.3415 60.4943 24
89.7713 59.0582 10
55.9549 60.4855 34
104.241 60.5207 6
106.837 61.1531 7
28.0908 61.2165 6
64.3811 61.1599 1
114.918 61.7053 1
71.1087 61.8811 16
67.731 62.5812 8
24.772 62.9173 5
121.656 62.6183 40
22.9598 63.9752 3
120.861 64.068 2
69.781 64.4889 4
99.9548 63.505 56
100.679 64.624 6
20.9422 65.3634 11
78.1942 65.1978 3
74.5775 65.1979 3
94.8625 66.5303 24
97.6019 66.2481 3
58.0718 66.2806 9
17.6173 67.1577 1
96.5234 68.3571 3
15.3755 68.7411 11
107.484 69.9435 11
12.1031 71.0607 7
11.1409 71.9605 3
61.2916 72.441 1
103.1 72.4511 6
68.0593 73.7016 3
111.681 73.4707 16
8.92382 73.7869 5
67.271 74.8933 14
110.689 75.2611 18
69.5357 76.1549 18
6.89812 75.5945 5
72.5179 76.9229 12
108.827 76.6206 6
128.066 76.8168 3
85.8836 77.627 1
107.85 77.3447 5
126.571 77.787 3
81.3221 78.2827 10
5.13576 79.0235 1
105.377 78.6029 18
125.082 78.905 1
86.6674 79.5625 31
101.853 79.3989 12
83.5864 79.6744 17
96.8023 79.9586 11
124.029 80.1069 2
40.8435 80.6984 7
52.2609 80.9906 2
210.928 80.66 20
142.745 81.0672 19
208.56 81.0818 24
38.5569 82.0773 3
140.084 81.4158 14
36.1571 83.4253 5
205.4 83.8618 22
130.627 86.3616 4
201.512 85.6531 16
33.7193 85.201 8
137.96 86.2378 18
142.762 84.2704 19
205.41 86.3801 12
123.985 87.0628 1
131.524 87.2802 8
31.8003 88.0525 4
144.29 88.4258 2
124.976 88.9318 4
131.925 90.4347 11
33.4159 90.5356 24
126.605 90.4741 4
206.013 90.0317 17
40.6596 90.5787 6
143.302 91.1951 9
163.752 90.3344 22
157.439 90.6213 12
183.266 90.6567 12
58.5548 90.9919 12
149.623 91.1406 40
166.932 91.0925 26
191.396 91.6694 34
199.846 91.4079 17
37.2959 92.2666 16
127.664 92.5657 14
153.698 91.3015 32
33.9211 92.402 3
160.132 91.9883 30
143.805 92.7493 3
37.3768 93.6814 2
124.199 92.9062 3
205.98 94.3283 5
70.74 93.6977 11
68.6753 94.5766 5
189.438 94.3901 7
46.8143 94.8781 7
120.703 94.3992 22
127.544 96.7108 8
133.135 95.2963 3
144.278 95.476 4
164.582 95.0282 15
197.596 96.4166 12
44.7545 95.5452 12
51.1799 95.8351 11
153.674 95.1821 29
166.932 94.8717 19
206.135 95.9511 3
52.0452 97.2538 12
156.432 96.235 12
161.623 96.1975 15
191.463 96.1067 15
40.8783 96.0996 19
59.9439 96.5181 12
103.806 97.1076 8
151.245 98.1811 12
199.958 97.6074 1
185.505 98.1258 7
67.1238 98.6738 20
31.8405 98.9563 7
98.7558 98.4513 27
160.732 99.685 19
119.64 98.6653 27
124.095 98.8821 6
191.082 100.04 22
65.3926 99.9196 1
92.127 99.2748 26
47.0371 100.173 3
155.838 99.53 17
206.084 100.319 7
52.6564 100.055 24
60.4584 100.758 20
151.657 101.054 7
198.092 100.631 13
39.9252 101.491 27
67.7594 100.879 11
111.277 101.601 14
50.309 101.581 10
105.074 100.574 9
195.394 100.801 20
84.6311 101.554 27
144.061 101.905 4
177.919 102.432 1
46.7806 102.76 5
77.7955 102.238 23
100.811 102.785 13
133.128 102.652 1
185.438 103.156 5
206.191 102.663 2
160.991 103.265 7
194.946 103.131 2
118.825 103.773 9
104.507 102.836 10
111.954 103.964 4
213.83 104.176 4
90.8166 103.75 25
30.1948 104.721 1
133.189 105.401 2
165.153 105.778 19
177.875 105.048 6
191.426 104.682 13
206.162 105.189 4
137.231 105.839 27
184.814 105.356 7
63.6883 105.436 20
161.039 106.105 6
82.8397 105.999 12
108.112 106.526 32
143.926 106.172 10
213.444 106.809 20
40.5184 106.523 32
118.918 106.772 14
151.744 107.61 3
164.809 106.891 1
30.6071 107.057 1
58.5135 107.159 17
136.446 107.306 6
90.4748 107.983 11
46.9106 108.3 2
84.3244 107.935 5
108.883 107.98 3
33.9415 107.397 18
192.661 107.956 9
205.822 108.969 15
72.1043 109.395 13
84.7664 110.376 28
47.1732 110.65 8
146.786 109.883 5
114.334 109.108 10
104.376 110.558 23
164.477 109.487 8
183.547 110.958 11
194.376 110.055 23
197.25 110.983 1
57.6494 111.522 13
185.868 110.687 26
206.608 111.041 19
90.809 111.681 13
50.9826 111.309 11
151.801 110.866 35
178.15 111.101 29
194.589 111.466 17
127.344 111.025 9
135.34 112.159 14
144.019 111.232 25
140.715 112.064 15
216.195 112.516 2
39.1029 113.423 2
108.676 112.705 12
133.078 112.783 18
105.805 113.508 15
32.6334 113.787 5
82.0736 114.183 13
169.862 113.594 10
224.281 114.508 4
50.525 114.534 6
119.555 114.186 30
37.0737 114.68 4
98.022 114.987 16
173.992 115.177 20
31.8047 115.886 2
90.5523 116.67 8
163.254 115.841 1
164.517 114.527 35
47.1493 115.995 4
78.7574 116.496 2
84.1278 116.308 5
147.748 116.389 3
217.418 116.214 6
220.716 116.555 2
35.6055 117.962 6
99.3783 117.829 24
125.832 118.002 3
169.418 119.025 4
46.6521 119.21 3
53.9726 118.535 6
72.0352 118.154 3
122.173 118.768 6
82.547 119.659 14
90.5626 119.65 35
34.8079 120.663 3
52.3658 120.493 6
215.198 120.346 1
163.504 120.27 17
71.8374 121.5 18
159.876 121.107 6
152.502 121.425 10
104.66 121.792 3
142.514 121.697 4
169.916 121.637 11
176.5 121.599 5
212.331 122.037 5
51.3854 121.658 4
82.1325 121.537 13
134.857 122.222 6
40.9068 122.074 6
99.441 122.788 10
35.1307 124.033 4
192.431 122.821 4
78.722 122.936 34
80.4766 122.829 5
118.928 123.596 2
95.2731 123.773 5
112.661 123.906 2
200.338 124.053 2
49.3793 123.998 9
170.053 124.961 54
72.6632 124.831 26
90.7865 124.841 8
35.253 124.977 6
40.5158 124.748 28
107.815 125.423 8
207.432 125.038 29
38.6808 125.744 2
87.3841 125.484 5
102.764 126.245 4
46.5877 127.19 9
165.885 126.551 2
83.4397 126.783 5
64.8715 127.313 42
96.5219 127.388 2
59.4434 127.241 6
80.2503 127.76 3
92.3764 128.264 3
74.0009 129.683 3
86.5903 129.559 2
53.9133 129.421 4
34.6761 130.366 21
70.648 130.575 4
83.0498 130.889 3
210.494 130.732 4
67.9152 131.805 4
62.9746 132.271 8
62.7743 133.694 2
210.118 133.895 34
173.269 135.389 4
211.456 135.546 9
55.4056 136.937 12
185.794 136.694 8
210.006 138.18 28
34.9967 138.807 3
38.0124 138.885 1
55.058 138.757 10
57.5463 139.265 13
190.237 139.189 6
33.0375 140.169 2
207.67 139.807 18
178.002 142.546 28
40.946 141.547 6
48.0944 142.263 43
185.039 142.853 22
173.477 143.656 5
176.85 143.977 9
190.929 142.838 53
189.266 144.097 2
195.49 143.614 18
184.586 144.426 17
196.799 144.816 3
172.41 145.269 20
200.854 146.002 3
206.326 146.319 3
38.8689 147.036 13
175.014 148.313 9
185.705 148.679 11
173.147 150.25 20
180.606 149.9 31
184.378 151.198 7
191.542 151.521 16
184.764 152.794 23
206.249 153.021 4
177.375 152.509 64
241.907 153.49 5
195.149 154.079 23
197.543 156.737 31
238.768 156.473 4
202.522 156.295 9
181.653 157.262 13
236.57 157.668 1
200.897 157.92 21
190.359 159.789 14
199.674 160.919 17
183.69 162.398 19
178.038 164.002 15
211.074 163.367 9
186.203 162.615 17
182.104 165.228 3
188.881 165.359 7
203.749 164.135 17
174.493 165.482 2
182.448 167.926 8
175.225 167.311 7
180.779 167.878 5
176.283 169.261 3
184.577 172.037 2
196.55 174.882 3
191.918 175.573 17
194.469 175.581 13
6.91136 184.076 1
10.3027 184.026 4
78.6941 6.56068 2
95.2839 7.47886 2
75.5987 8.53954 5
71.4176 9.67495 8
63.9942 14.5305 5
86.5008 14.8165 13
87.8937 14.4864 2
83.3321 15.0587 8
114.016 15.2082 15
80.2443 15.4854 2
66.3062 16.4473 3
87.9672 16.8518 13
93.4178 17.0066 10
61.8826 17.4674 7
81.9494 17.3167 10
79.7044 17.5744 3
73.897 18.2645 8
64.1058 18.3514 1
91.2966 18.772 15
77.0235 19.1509 10
85.0184 18.7417 8
98.9761 19.0561 9
95.6519 19.9676 8
62.8533 19.8064 3
71.6526 19.5021 4
86.9393 20.4712 14
79.9531 20.5494 19
69.4157 21.4562 11
72.8345 21.2333 8
75.3899 21.7807 7
91.9687 21.4129 7
100.227 22.3169 21
107.534 22.2451 6
68.5537 22.8864 8
99.5793 22.8583 4
120.208 22.718 2
59.3538 23.0357 10
102.658 22.6281 15
54.8614 23.9278 13
80.2696 23.7454 8
91.1 24.5883 5
96.749 23.9867 4
66.2652 24.748 5
68.734 24.7727 6
73.6689 24.9399 12
104.181 25.1111 10
107.995 25.3333 3
57.1559 25.5076 10
71.4872 25.407 5
113.561 26.7387 9
74.129 27.0031 4
110.44 27.2132 22
76.1017 26.6885 8
107.062 27.0264 6
81.232 27.9285 16
95.0955 27.8321 7
66.231 28.0705 6
69.3073 28.8741 21
102.841 28.2545 7
63.7851 28.522 2
105.549 28.4177 3
112.359 30.6529 11
54.5022 29.8789 2
76.6164 30.9561 10
82.7697 30.7264 11
66.2571 31.1146 13
100.468 31.1804 6
105.94 31.79 12
121.053 32.1235 22
75.6848 33.0374 29
95.3846 32.648 19
108.47 32.5219 9
79.4309 32.9459 16
86.922 33.1419 18
116.895 33.1643 11
63.8396 33.0737 14
114.402 33.0845 3
79.9077 35.7326 5
88.1355 35.2013 14
92.1568 35.602 18
98.2296 35.7614 8
121.647 35.1431 10
75.385 36.5917 14
83.4102 36.2337 30
94.7954 36.3695 25
110.247 37.8314 7
66.067 36.7561 19
72.7604 36.4548 9
117.746 36.5401 17
62.3144 36.8353 8
100.933 37.1949 9
106.154 37.0841 6
108.222 37.8852 4
74.7221 38.3066 4
77.4379 38.3616 13
67.4027 38.6825 15
71.8442 39.0337 8
113.928 37.835 12
79.3825 39.1112 4
99.5183 40.2847 43
117.884 39.0818 4
108.898 39.3209 9
64.0603 38.8704 10
106.951 40.0413 2
122.043 40.0311 5
70.9302 42.0839 9
214.541 40.9623 1
84.9496 41.6972 18
61.7358 42.2068 10
82.4174 42.144 6
88.0959 41.4122 20
90.3097 41.832 11
118.485 41.7841 15
222.515 41.8106 1
64.7694 43.218 17
67.1147 43.2655 17
109.411 43.4923 27
113.11 43.0366 16
76.853 43.2447 11
97.5886 43.7238 7
230.957 43.5596 4
91.5164 43.3043 5
70.8898 44.4272 8
118.513 44.1835 6
87.7094 44.8835 11
89.9558 44.7217 7
92.9039 45.0573 1
95.0846 45.1609 13
102.202 46.5629 21
109.144 45.9443 4
239.413 45.4928 3
78.2156 45.5767 22
53.2014 46.6526 10
118.272 46.7519 7
65.2765 48.0888 9
110.844 48.0172 3
144.523 48.1899 2
73.1021 49.4528 19
108.365 48.8664 11
239.949 48.5519 1
66.857 49.362 30
94.7747 49.6826 11
125.816 49.5765 31
244.374 49.3457 1
75.7419 49.819 10
111.82 50.5549 21
105.371 50.0606 22
72.9723 51.0081 14
216.377 51.3079 9
101.407 50.7173 1
79.3537 52.2184 11
88.4696 53.2678 43
120.835 51.911 3
222.405 51.8216 3
76.7765 52.266 21
87.5994 52.3167 3
95.3496 52.26 18
114.462 52.3176 6
235.178 52.6952 20
106.904 52.7629 7
116.962 53.0274 9
84.509 54.3612 13
102.691 54.4475 3
120.397 54.0775 10
245.476 54.4305 1
62.6899 55.1934 4
81.2986 55.126 6
105.608 54.77 12
46.9924 56.3408 12
65.0246 54.1945 13
232.019 55.4468 1
67.9873 56.7592 28
43.3359 57.022 3
92.1896 56.7723 12
99.8169 57.4455 21
106.312 56.5918 10
237.86 56.7004 7
72.3242 56.741 5
96.3222 57.1744 1
103.41 57.6862 9
118.814 58.4427 23
38.9477 58.9237 7
64.6133 58.7841 6
101.296 59.5929 19
36.0324 60.387 5
96.9303 59.8566 7
75.7616 60.4717 24
103.257 59.8434 4
68.3454 60.4363 1
48.9007 60.6284 7
32.2112 61.7184 7
46.0999 61.5463 3
92.0258 61.7527 2
97.4431 62.2958 15
55.1391 62.6508 9
100.255 62.3392 16
74.3014 63.2484 17
81.6507 63.6327 20
104.097 63.3184 13
71.841 63.7376 5
83.6113 63.0846 10
93.5197 63.696 18
109.853 63.6573 11
77.2491 63.8073 34
86.3901 63.902 3
90.3864 63.8733 10
40.4345 64.1291 2
96.4026 64.5764 5
57.1019 64.7686 13
81.8113 64.4035 7
105.34 64.5521 2
123.198 64.4829 2
108.409 65.2315 3
23.9755 66.4541 12
109.902 66.2891 8
106.421 66.7403 7
69.5181 67.0229 5
108.956 66.977 2
78.8467 67.2665 15
117.759 67.6603 12
32.2631 67.7607 3
104.257 68.2952 16
71.6645 68.3059 4
18.8599 68.726 3
61.6889 68.8438 12
83.7097 69.0963 9
73.8204 69.4318 2
101.897 70.0596 9
17.5509 71.0053 8
109.343 70.3 4
76.0901 70.9222 7
93.8887 70.4303 7
99.4566 71.0851 10
103.139 71.168 1
78.9982 71.6513 8
97.5627 71.7286 4
13.9701 72.7406 9
81.8585 72.7147 11
94.3354 72.3457 4
30.5767 73.2684 6
87.3005 73.5534 4
11.1623 75.2526 7
106.202 74.599 2
24.8475 76.6108 9
66.1813 76.5974 3
8.35028 76.8715 2
21.0802 78.4458 5
76.3225 78.9377 5
7.50191 78.7796 5
128.035 79.3369 33
18.4882 80.9248 13
126.064 81.4976 20
131.327 80.1547 8
239.782 81.0479 3
91.4771 80.7088 8
94.6705 81.522 5
205.015 82.7686 20
203.074 82.761 13
211.313 83.5782 15
16.8504 83.1701 4
140.832 85.0796 35
12.1241 84.1366 4
38.3688 84.3252 6
217.009 86.1693 7
145.94 85.7039 1
15.5892 86.5704 1
133.806 86.1548 13
59.3071 86.7687 7
35.0217 87.9041 28
128.767 89.6626 5
146.974 91.446 31
61.4479 91.3965 10
194.245 93.11 21
40.6438 92.7377 1
53.2484 92.5461 8
162.565 93.2416 16
167.9 93.1018 7
169.989 93.2896 21
175.6 93.8638 33
183.587 94.3897 51
185.207 92.9369 12
155.953 93.2461 14
150.782 93.5809 7
148.632 94.2213 16
38.9212 95.1162 4
180.74 94.9974 14
146.691 95.775 18
173.046 95.839 21
62.3202 94.6808 8
71.6722 96.0108 32
123.858 95.8433 25
158.553 96.7598 9
69.5257 97.3841 17
117.247 97.692 22
46.9456 96.7872 12
115.724 97.08 10
34.1898 97.0285 2
75.221 96.1317 9
107.972 97.7258 13
49.1554 99.5184 6
42.3993 99.548 20
198.008 98.5603 6
37.4854 99.2464 4
104.852 99.6219 5
114.53 99.3967 13
94.4932 101.033 32
69.9013 100.519 5
103.566 101.649 4
89.2533 102.178 14
87.5367 102.557 8
199.09 103.837 27
80.6751 103.764 9
43.2071 103.682 19
67.5543 103.945 2
36.8055 105.042 16
78.7658 104.807 12
149.006 104.359 7
109.372 105.043 7
74.8226 105.318 8
86.1487 105.558 10
189.801 106.316 7
198.752 107.528 22
166.787 108.002 19
43.1953 106.252 12
139.422 107.511 17
175.535 107.762 13
49.8104 108.586 5
111.526 108.415 11
162.367 108.883 7
154.404 108.733 10
198.173 108.375 1
63.7902 109.89 22
190.865 109.019 9
41.0925 109.772 12
62.0013 110.324 4
35.0638 110.514 19
129.422 111.673 10
148.688 111.163 18
211.079 110.943 18
203.16 110.665 21
112.252 113.31 40
59.6991 114.092 14
199.477 112.511 8
77.6131 112.108 22
165.275 112.716 1
239.443 113.219 7
137.842 114.574 24
185.664 113.384 3
226.189 113.349 2
88.1464 113.722 3
114.11 114.259 3
194.952 113.684 3
203.685 114.097 10
103.372 113.996 9
127.62 113.93 23
149.223 113.862 8
35.1677 114.277 4
40.2549 115.442 21
79.4838 114.073 17
142.071 114.238 4
144.208 114.221 2
167.835 115.276 5
115.58 115.053 13
112.247 116.856 7
223.564 117.162 14
81.2121 116.504 9
119.123 118.189 6
167.67 117.544 11
163.908 117.753 12
173.712 117.714 14
37.9087 118.207 3
111.346 117.615 1
206.117 117.619 4
76.3422 118.447 18
96.6444 118.523 16
217.057 118.458 13
108.172 119.55 5
171.25 119.345 5
165.882 119.322 5
81.5191 119.922 1
31.2922 120.637 9
173.7 120.768 7
54.4583 121.289 1
87.2448 121.061 13
218.208 121.594 5
54.2877 124.596 16
161.162 123.061 7
214.085 123.389 5
51.2585 124.447 2
70.1184 125.759 20
211.31 125.619 3
50.1635 127.398 24
168.078 127.133 14
206.384 127.565 4
40.146 127.807 8
170.105 129.78 11
104.629 128.105 12
61.7791 128.822 15
98.9142 128.769 4
69.6011 129.078 6
80.4482 129.38 1
66.0195 129.847 2
54.2304 132.331 22
87.4167 131.882 4
199.37 132.317 1
176.009 133.019 31
193.371 133.148 24
196.084 134.59 37
211.43 133.102 13
52.8222 133.896 8
189.098 134.27 8
176.899 134.367 13
184.062 135.392 25
184.937 134.961 7
191.279 134.584 16
198.099 134.451 4
206.922 133.655 14
203.478 135.367 14
213.835 134.349 6
75.3187 135.26 12
62.2946 135.393 2
200.851 135.254 18
179.574 135.972 12
178.291 135.927 2
187.532 135.908 13
197.618 136.336 8
205.477 135.966 9
60.6836 136.554 3
71.0626 137.15 5
199.824 137.461 10
208.77 137.455 11
200.929 140.07 58
63.3808 140.141 10
187.62 139.225 27
35.691 140.815 16
60.3635 141.289 5
56.0679 141.933 7
176.506 141.758 4
189.173 142.171 3
207.471 142.169 6
193.188 142.304 6
203.863 142.963 9
208.064 143.389 19
209.741 142.544 5
180.577 144.503 15
199.779 144.155 10
205.694 144.268 4
41.9684 144.565 15
234.774 144.056 3
176.685 144.996 5
160.452 145.355 3
172.08 144.933 11
193.63 146.096 9
48.0026 146.46 11
179.56 146.304 16
190.89 147.085 31
196.917 146.459 20
198.699 146.346 3
210.295 146.29 3
129.446 146.819 6
194.849 147.775 4
188.342 146.979 32
205.506 148.024 5
41.8574 148.51 8
177.615 148.667 11
196.84 148.1 3
208.463 148.699 12
103.52 149.378 12
203.982 150.371 47
38.4353 149.978 4
193.246 150.099 3
182.394 151.063 11
213.819 150.468 5
189.083 150.508 8
197.603 150.832 7
206.292 151.061 12
179.412 151.343 11
88.5541 152.433 12
176.713 152.699 4
168.857 152.778 3
172.189 153.244 1
192.73 152.899 25
152.785 153.774 4
144.712 154.198 4
80.2726 154.415 15
180.244 155.167 24
185.973 155.347 46
201.229 154.971 22
204.644 154.835 9
183.244 155.656 8
200.045 155.336 6
193.132 155.774 14
214.361 155.362 4
241.971 155.943 1
189.389 156.433 25
196.724 156.531 1
72.1611 156.676 23
176.884 157.752 25
179.455 157.921 8
184.509 157.768 8
200.157 157.588 3
214.322 157.684 20
204.598 158.353 25
186.772 158.193 6
64.8391 158.601 11
191.585 158.871 1
112.449 159.536 4
181.05 160.378 18
194.798 159.37 17
206.532 159.272 6
60.9475 159.514 13
198.436 160.04 6
48.7728 160.396 7
179.482 161.858 15
185.69 162.143 12
53.5482 161.852 7
202.108 162.25 24
80.7495 162.223 2
204.929 162.308 16
75.0557 163.05 3
174.956 162.631 7
87.7152 163.734 8
193.351 163.753 17
48.4983 163.711 6
195.342 164.332 8
80.629 165.859 16
200.469 165.138 12
68.7893 166.037 1
184.139 166.258 18
64.5296 166.516 1
48.1832 166.569 2
187.159 166.865 10
207.035 166.528 10
210.286 168.813 4
42.6422 168.806 8
193.111 168.501 4
203.668 168.998 8
34.8063 169.505 2
40.5066 169.687 2
182.248 169.483 12
24.2052 170.025 6
207.998 170.649 9
54.3439 170.621 1
32.078 170.76 11
193.001 171.036 1
206.865 171.682 1
35.6097 172.07 2
179.654 172.733 5
187.104 171.869 6
32.3128 173.906 6
181.172 173.818 7
204.321 174.051 2
46.566 174.303 1
30.5234 174.776 1
200.274 175.875 4
27.1106 176.4 6
24.0218 177.849 2
20.9127 182.927 2
8.44816 182.909 2
12.5124 183.995 1
25.1537 183.765 1
11.2259 187.034 1
87.7782 4.8283 1
66.6493 11.5346 4
106.645 19.1026 8
80.8234 38.5966 18
130.907 41.4627 11
235.423 44.1246 1
62.9941 50.0571 5
235.29 56.4636 4
53.5136 57.7954 10
51.5654 59.8431 17
85.9251 66.6853 47
131.373 83.4517 19
55.2608 85.3762 9
209.238 86.4265 16
49.3705 92.6545 15
188.019 97.0788 17
164.915 98.3078 21
62.8651 98.5098 16
127.194 99.5414 9
155.022 99.6967 24
37.2459 101.404 9
122.194 101.627 19
64.2762 102.46 25
107.832 102.71 16
195.555 106.21 31
93.2021 107.191 29
51.9232 107.612 22
62.3232 107.557 23
81.4205 108.34 19
67.4573 110.985 2
222.545 112.145 28
75.6919 114.364 32
122.323 113.157 8
180.77 113.291 5
172.694 114.521 1
101.114 115.046 13
131.536 115.647 16
136.124 115.665 1
109.53 119.607 4
56.5034 120.533 8
90.2069 123.496 8
164.964 123.56 22
174.062 124.016 32
84.9567 123.566 8
72.3349 127.83 1
40.3311 132.928 18
57.7722 134.619 17
50.1514 137.032 7
235.053 137.049 4
67.859 138.373 8
196.835 138.31 23
50.5988 139.853 21
152.562 145.718 5
187.729 146.136 19
120.634 147.103 9
222.623 147.755 15
230.872 149.871 11
96.9028 150.458 9
161.243 155.496 1
172.02 155.59 24
136.627 156.735 12
217.417 157.357 12
224.756 159.138 1
104.524 160.415 4
100.784 161.025 1
96.3869 162.105 5
178.181 164.623 1
74.67 167.153 8
69.4961 168.365 1
64.4062 170.073 13
59.4387 171.374 12
27.6014 173.601 9
52.8951 173.916 8
48.374 176.225 14
43.7723 178.099 9
16.3568 177.975 18
33.4029 181.47 8
28.1652 183.497 1
94.428 5.16634 1
99.0484 14.456 1
71.5621 17.0991 12
67.0857 19.5625 19
64.8588 21.6773 10
61.8298 27.8945 3
58.8562 36.1615 3
99.2456 45.257 11
113.195 45.6924 14
112.705 51.4922 1
69.0992 52.715 20
65.8519 56.2621 12
91.1697 67.3221 14
95.1681 68.0358 2
98.3077 69.3731 9
84.7122 80.1262 1
205.287 80.3909 14
213.082 80.1376 6
49.8001 89.8328 1
175.812 90.2924 29
184.365 89.3571 21
196.557 90.1949 5
127.735 93.6924 1
201.505 92.7308 15
113.212 95.9181 28
37.3512 105.931 1
137.458 106.598 2
209.536 108.565 15
127.8 109.375 4
47.2576 111.545 1
214.41 110.698 25
135.039 113.251 3
85.7904 113.018 12
107.446 116.358 23
79.6047 123.668 1
46.9828 131.31 4
172.706 135.896 2
211.205 139.362 15
40.3331 138.836 7
174.615 146.122 2
232.414 146.401 13
113.104 155.677 11
103.066 157.362 2
97.6293 158.309 8
56.0335 168.221 8
175.302 168.283 4
47.9987 171.13 9
195.707 175.809 1
13.2294 178.767 5
20.2296 180.913 3
102.346 7.73716 4
80.2265 10.705 1
76.7794 12.0844 1
84.756 15.2613 1
97.1184 16.3599 11
114.671 16.333 6
120.606 21.4102 2
69.2633 22.2803 2
58.0716 26.9934 4
62.5191 30.8841 9
83.3253 31.3492 1
95.2165 33.3478 1
61.416 34.7128 4
81.5517 37.0683 9
112.124 37.608 2
125.884 38.5038 2
99.1914 40.3432 6
84.4151 42.3321 2
91.2534 42.3161 1
64.4248 44.9993 14
111.991 44.7109 6
51.3766 45.1782 10
83.7546 47.8232 21
91.3341 47.381 5
101.768 48.6109 13
119.695 47.1385 1
60.7722 49.2151 3
127.112 50.8307 14
66.2511 52.5164 13
88.6797 53.4092 2
98.3157 53.6599 23
235.944 52.986 1
77.0488 54.1382 7
109.55 52.396 13
45.7976 57.1151 9
68.5324 57.7777 19
99.0854 59.0353 14
242.421 60.9219 1
78.2429 64.7036 12
82.7305 66.4017 29
25.2625 66.8652 1
119.042 68.3708 10
63.0023 68.3811 5
104.185 69.5261 5
38.0768 70.814 2
25.283 77.1163 1
8.90551 79.4262 1
77.5906 80.3977 15
126.781 82.0637 9
19.0334 82.1529 2
90.9934 82.0407 11
204.373 83.8568 8
212.863 84.1145 47
141.544 85.2109 10
36.5017 87.8702 4
146.391 88.6893 14
163.353 94.396 3
184.57 94.1928 5
193.685 94.3413 7
154.483 94.4105 7
168.732 94.3136 5
176.669 95.091 5
42.6107 94.0309 6
151.181 95.0247 6
122.848 97.4124 4
70.7861 97.1982 18
173.052 97.2437 2
64.4267 97.5485 9
118.35 97.8912 7
106.679 99.1706 10
44.3551 99.0125 12
164.666 100.019 9
51.0804 99.942 1
155.068 100.567 6
127.431 100.042 1
38.4064 101.219 6
95.5383 101.63 5
75.6462 102.7 14
122.707 102.758 1
63.5617 103.082 4
90.0593 103.133 4
54.2776 104.22 15
200.861 103.422 25
204.967 104.259 3
44.5662 105.013 5
79.974 105.21 5
136.817 103.802 3
159.186 106.1 6
196.521 106.624 3
67.4517 107.648 18
209.218 107.685 1
93.5185 107.774 4
113.626 107.971 34
156.107 107.24 6
217.185 108.873 17
50.8597 109.417 12
177.221 108.803 1
199.311 108.224 1
82.6402 109.571 1
150.627 109.942 8
193.123 110.067 1
204.851 109.989 10
212.963 109.955 14
41.5707 110.585 2
63.1795 112.282 4
108.917 111.35 17
89.2779 112.876 7
130.741 112.373 16
222.886 112.801 2
80.7023 114.009 5
112.06 112.721 1
182.36 114.362 7
200.304 114.291 16
241.294 113.727 1
75.6852 114.927 15
139.255 115.402 12
150.59 115.069 4
213.199 115.081 2
132.357 116.336 2
169.056 115.808 4
97.2496 116.132 10
39.6289 119.052 11
118.836 118.293 3
223.682 118.349 2
88.6878 118.284 8
113.084 118.654 19
176.252 119.389 6
215.488 118.792 11
44.1511 121.921 6
163.869 124.194 6
71.1787 124.244 11
85.3808 124.851 15
176.057 125.015 7
168.65 125.977 4
213.436 125.717 2
77.1953 126.63 41
63.0749 127.023 7
50.1778 129.041 7
42.5459 128.24 19
72.7677 128.976 4
172.32 129.717 12
66.6323 130.994 2
180.352 133.571 22
187.194 132.933 9
39.3034 135.011 12
175.912 133.359 1
201.691 133.634 11
205.599 132.964 13
53.9537 133.711 5
196.007 135.169 7
183.6 136.577 9
214.564 137.431 14
44.1674 137.544 2
235.04 137.996 1
188.217 138.672 1
195.849 138.39 1
210.633 138.708 2
35.7853 142.353 5
177.72 143.201 1
204.342 143.541 1
208.299 145.157 8
181.173 146.397 5
47.2619 147.46 1
191.843 147.865 4
77.5957 150.381 4
215.109 152.078 16
152.775 155.807 6
181.121 156.062 7
208.019 154.7 23
201.309 157.215 6
242.847 157.193 1
193.919 157.126 1
176.369 158.54 2
181.589 162.156 13
189.828 162.604 18
206.92 162.881 8
202.502 163.759 15
44.2253 165.33 1
40.267 166.559 9
184.897 166.983 1
31.1209 171.14 2
53.0833 173.366 6
180.552 174.832 1
23.2589 175.177 5
17.3545 177.996 1
186.601 176.849 4
33.3512 182.076 2
14.6376 184.874 1
22.9269 185.415 1
13.3297 187.591 1
78.9451 45.2836 11
235.375 45.2801 1
244.076 51.1771 1
109.793 53.5186 1
56.4551 65.9038 6
35.1662 104.542 11
175.387 112.918 24
190.035 113.732 28
59.0457 117.812 13
177.2 119.293 2
104.404 119.676 23
39.5816 122.122 12
95.5475 121.858 16
173.089 145.766 4
153.86 146.095 2
171.201 156.564 12
215.97 158.498 3
73.1357 5.74554 1
102.559 15.1044 1
59.8857 16.2912 1
83.3169 24.4751 5
131.023 37.9918 16
116.03 40.1212 5
98.4599 47.8842 8
228.57 56.6948 3
87.8561 59.8586 12
123.663 62.0868 1
142.843 80.0213 1
210.101 79.7657 6
168.956 90.2555 3
161.348 90.6806 5
180.798 90.8184 27
200.602 90.3017 8
125.933 92.6953 1
32.5885 93.8078 5
57.9915 93.4976 2
113.885 95.6788 2
102.081 98.629 15
184.293 110.327 2
159.038 114.063 7
46.2315 130.956 2
61.6136 133.726 3
40.3779 136.747 12
230.295 143.843 9
45.3292 143.614 11
168.272 150.769 8
217.797 153.223 1
240.844 155.451 1
22.6847 182.362 1
104.529 9.97851 1
84.269 17.9867 1
96.4001 19.6983 1
123.936 22.6578 1
90.1366 29.3023 5
85.6104 38.0094 1
64.3599 38.9922 1
128.707 50.5064 8
236.712 57.4312 1
69.709 59.8484 2
84.0544 66.3277 2
66.4068 70.1508 3
120.17 71.0361 4
11.7283 81.4782 1
77.3083 82.7642 1
92.657 84.8972 1
127.783 84.6443 16
143.136 86.6763 5
39.7149 88.1466 2
168.936 96.2513 8
176.321 97.6 14
185.589 95.6964 1
196.086 95.7232 1
108.776 100.871 3
59.1903 103.313 5
125.489 106.5 1
133.056 110.676 1
44.5567 111.536 7
47.2528 122.761 7
236.429 126.885 1
55.8135 128.114 16
161.483 127.331 2
178.419 127.543 1
215.047 129.027 3
236.477 134.436 1
197.76 137.908 1
218.081 138.521 1
36.8791 144.244 6
55.1988 145.783 3
191.087 148.685 3
224.751 148.971 1
47.2228 150.989 2
185.319 156.728 1
169.021 157.633 3
194.11 164.591 1
10.8988 175.576 1
115.859 37.5064 11
86.3331 55.9487 23
68.6257 71.6198 2
216.837 161.162 1
184.567 177.626 2
60.0967 14.9826 2
118.146 37.7338 1
137.671 37.0438 1
43.9717 54.1738 9
73.0198 74.3402 2
139.855 79.8909 2
157.349 88.9747 4
195.889 89.0572 6
135.493 123.569 2
172.275 123.472 1
89.4104 131.243 1
31.4296 139.8 1
43.8707 174.429 2
109.394 49.4851 2
224.594 52.0998 1
137.752 53.3817 1
44.5432 68.8442 1
124.925 74.6949 2
19.5433 84.5938 1
115.31 86.4241 4
46.7967 89.3032 2
73.5231 88.8641 1
132.88 90.0422 2
210.339 91.2914 1
169.864 99.2558 4
190.728 100.918 4
225.269 103.332 2
102.215 108.285 2
42.7738 112.298 2
185.244 133.018 5
222.316 133.05 2
202.563 145.26 6
58.6839 150.495 2
221.523 163.534 1
69.4048 28.3894 1
223.331 53.6923 2
162.148 162.574 1
42.4731 53.4682 1
115.557 68.6557 2
85.515 73.9649 1
153.903 142.787 1
182.415 144.821 1
80.397 31.5664 1
151.342 62.7769 1
29.9 89.1097 3
150.077 106.765 5
195.873 107.792 3
56.0243 112.819 5
27.7405 155.163 1
181.303 75.6068 1
50.2781 99.1884 1
69.5423 18.4492 2
108.547 20.5403 5
113.604 34.5724 9
78.1345 35.2829 5
49.2312 44.8298 2
80.3504 45.0835 10
64.7073 45.7438 1
85.6328 46.3201 5
68.3114 49.9744 1
59.8327 52.7122 3
74.0996 52.741 4
65.6416 57.0194 1
54.9961 59.8797 1
87.7322 60.3235 4
58.6875 62.7268 18
59.7088 63.7377 4
99.8808 67.262 3
64.5338 72.9081 18
126.851 83.4863 4
127.278 87.9452 9
116.369 94.425 16
32.5588 95.6027 6
151.956 104.781 3
181.084 105.143 20
196.295 107.548 3
201.717 107.771 3
223.919 109.255 5
77.2266 115.045 3
79.7425 119.218 10
191.691 137.87 7
180.124 139.58 17
201.948 143.65 4
45.7033 144.249 1
203.622 152.672 8
193.509 161.557 4
178.386 165.986 1
16.7855 181.38 1
77.8554 16.3679 2
97.8988 29.7055 13
110.194 31.9119 4
103.057 35.0869 9
82.4295 45.9484 7
98.218 52.5453 1
94.7793 56.0105 10
230.024 59.9121 3
84.2293 73.3445 3
125.092 82.6343 5
143.52 83.7105 17
145.904 87.146 2
54.8105 95.9669 5
187.577 107.121 3
205.67 132.682 1
193.663 138.235 8
182.619 142.071 9
152.213 154.368 2
148.629 154.122 4
209.567 154.482 8
222.893 155.348 3
191.92 156.493 2
69.6016 157.31 1
174.007 158.855 5
188.642 160.982 3
40.0146 161.939 3
181.434 166.888 2
178.187 171.298 2
192.846 172.887 1
80.2818 36.6982 3
87.5378 49.104 1
94.5193 66.925 1
146.597 97.356 3
195.143 97.5985 16
49.7079 100.505 1
82.9048 104.456 11
121.773 111.878 1
37.7188 123.361 1
166.858 144.984 10
216.778 146.1 6
144.305 155.735 2
78.8099 27.0362 1
91.3109 32.0757 1
72.7038 32.9441 1
68.0889 52.8949 3
238.531 58.4387 1
81.5076 70.6512 4
180.268 92.2527 2
190.357 92.4696 3
100.829 100.691 12
41.0242 105.456 1
36.1086 106.225 3
162.018 110.675 18
118.125 113.747 12
215.512 152.474 1
82.0845 160.575 3
89.5263 159.782 2
65.4399 164.22 5
53.4654 168.885 4
42.8437 172.268 1
57.5992 28.8218 1
80.849 29.2934 5
99.4044 32.7069 6
55.723 45.0024 3
235.779 54.0189 1
77.9033 54.9851 3
87.6643 55.3213 8
117.811 53.874 1
46.7045 58.0085 1
99.6606 59.3849 1
117.289 70.629 3
126.578 82.9367 2
204.681 84.8167 2
192.976 94.9956 2
198.158 94.1904 8
63.3666 96.5039 2
173.072 99.1108 4
44.794 100.055 5
105.627 100.448 3
155.089 102.001 4
164.697 101.478 13
54.9451 103.637 2
122.123 104.113 5
32.9773 102.594 14
137.729 103.263 4
78.5824 106.616 8
146.076 106.243 4
216.92 106.959 5
67.5594 108.416 3
141.163 106.808 14
176.97 107.685 1
183.159 108.465 6
93.5283 109.123 2
150.234 108.139 3
204.962 108.843 2
212.971 108.91 3
43.2741 109.56 2
50.7803 110.52 1
84.2717 110.904 5
131.104 109.152 15
117.769 112.279 2
173.752 110.89 8
63.7325 113.894 3
189.4 113.238 2
54.2403 114.891 2
82.6037 116.465 1
33.2397 119.493 1
223.537 119.386 2
103.193 118.39 9
94.5191 121.722 5
31.685 123.608 8
163.981 125.13 1
175.389 126.526 5
64.2448 123.887 9
211.502 128.019 4
187.883 133.898 1
53.9819 134.807 1
195.445 135.449 1
183.994 138.111 4
35.8352 144.005 5
203.812 145.68 15
46.536 148.656 1
190.533 154.156 3
194.171 158.515 1
175.934 160.15 1
49.6705 162.494 1
44.8535 164.353 1
184.329 168.398 2
78.4677 47.502 4
218.337 53.352 2
79.9724 64.4818 2
131.32 92.4643 7
51.9956 98.6202 2
157.75 111.535 10
39.5532 136.165 1
59.1659 60.0266 3
143.046 78.9425 1
123.528 91.5402 8
92.3448 97.8027 1
87.3385 100.257 6
30.8906 114.797 5
87.1472 39.3725 2
52.7759 44.7604 1
84.5419 67.2853 1
119.865 73.8089 1
77.1658 84.9709 1
92.9072 87.3146 1
39.5731 89.1996 2
143.208 88.4004 2
169.283 97.7579 6
161.167 97.9205 2
177.58 98.2474 3
72.4149 100.889 1
119.584 100.981 1
91.9807 106.352 3
125.504 109.002 3
33.8651 124.976 3
57.2954 126.352 2
177.521 129.529 6
161.971 130.218 2
216.371 130.651 2
198.245 139.72 3
210.761 140.67 1
53.7862 147.471 1
47.1626 152.915 1
67.3144 88.4476 3
158.106 87.7264 2
196.282 88.0379 2
140.416 116.806 4
171.287 122.429 1
117.869 85.0774 6
73.9862 91.0726 2
134.725 96.5931 1
171.963 104.664 2
188.527 104.497 1
224.485 40.0089 1
221.613 39.9063 7
216.677 81.9527 2
203.661 87.1511 3
217.785 111.021 12
203.732 103.309 3
122.526 31.1795 3
122.942 32.3769 2
112.179 24.5358 1
183.627 97.0092 8
98.6513 21.5115 3
214.09 144.855 12
189.87 122.244 1
176.516 109.778 3
86.5802 21.9401 1
116.881 57.9266 5
159.007 101.518 12
199.033 142.589 1
92.2419 39.4392 6
116.842 65.4815 2
167.663 121.452 12
155.054 110.132 3
167.958 123.764 2
195.597 150.55 11
72.6192 29.1882 2
70.3906 29.6857 1
126.11 86.2899 4
61.4529 23.7462 3
196.884 159.648 3
187.37 150.722 7
202.688 167.155 6
69.8099 37.021 6
130.16 104.09 3
93.3262 68.7718 3
184.243 160.803 3
75.6065 54.5485 3
180.911 164.307 5
186.08 169.009 4
54.5619 38.2553 4
53.6327 42.7276 2
175.722 164.783 8
178.146 168.574 6
124.327 122.968 6
116.119 119.727 6
61.0423 66.0395 4
117.335 123.809 3
95.8026 104.441 9
106.123 115.26 4
89.7009 99.6164 6
108.899 120.892 3
73.9768 93.2754 2
75.2153 96.1844 1
75.0415 99.5631 7
76.5532 110.463 3
36.1567 89.4904 13
62.3619 117.757 3
67.5869 124.09 9
69.2869 126.657 3
37.9045 102.124 3
50.0238 116.091 5
59.0052 129.152 10
32.6007 106.345 8
43.1865 133.811 4
31.5848 127.875 19
34.3415 145.117 13
7.38186 168.549 1
7.65245 179.086 2
229.303 48.8172 3
224.271 47.9198 1
227.645 52.94 2
208.961 50.6075 6
193.243 49.2235 3
212.26 82.7283 1
197.371 93.7739 5
110.225 12.8972 5
107.587 10.5619 5
118.406 24.2117 2
120.314 25.9915 7
122.96 28.893 5
124.72 31.543 6
194.625 101.343 9
109.613 24.3602 8
102.126 18.0819 2
115.143 35.2135 7
239.116 158.189 2
222.29 143.364 2
103.676 25.2681 3
116.383 43.7794 3
111.432 42.6974 1
212.611 147.037 8
197.469 142.307 7
88.2674 32.0286 3
98.6391 44.384 7
194.92 141.703 3
201.641 148.411 9
92.6345 41.8673 10
201.013 154.711 1
182.667 146.862 7
61.3748 26.404 4
93.4 58.3612 3
106.864 72.2492 11
101.03 68.0367 5
167.892 141.566 1
99.918 73.3077 3
175.123 154.638 5
116.521 96.4439 1
160.647 141.369 2
63.9271 50.3927 1
70.9535 60.2276 6
152.963 141.416 1
172.923 162.321 2
183.745 175.488 5
106.709 106.72 5
118.168 117.222 2
141.41 141.668 2
136.949 141.695 1
88.7473 101.841 1
125.702 142.532 1
46.563 65.6887 1
97.6089 121.66 5
70.003 95.7221 1
112.853 144.798 2
89.5193 122.684 1
77.4347 121.869 4
51.0851 103.419 10
54.7443 109.117 1
42.6786 98.0779 2
69.6745 132.744 2
86.2633 149.564 1
51.4723 117.916 4
81.0805 151.675 1
26.4657 179.6 2
176.296 93.086 2
113.26 49.0519 3
164.286 114.548 5
84.7329 47.5803 1
177.509 142.156 1
72.0191 44.0418 19
165.769 154.67 1
161.7 153.82 1
132.708 156.814 2
207.061 79.6626 3
200.83 92.2449 1
204.925 102.997 2
212.846 111.449 2
204.756 111.293 2
114.577 26.9868 1
194.071 123.114 7
182.503 130.161 2
150.855 111.534 2
146.475 108.134 4
171.683 136.931 1
142.251 111.564 3
72.8731 47.2615 6
57.194 36.8732 1
169.46 151.412 3
86.6089 71.2987 9
129.036 113.612 4
74.8521 76.6389 9
136.981 152.98 2
97.6613 118.48 1
75.5961 104.019 7
89.0408 120.315 4
45.8372 79.7196 4
70.9403 125.941 1
63.1858 128.365 3
59.1086 134.61 1
40.2195 139.344 2
36.2473 147.197 7
209.356 52.2107 2
201.911 51.6667 2
180.32 50.7481 2
210.585 115.152 2
213.222 119.849 3
131.748 42.1297 2
191.34 102.823 8
197.758 109.784 3
212.646 126.333 2
106.772 23.8702 2
109.876 27.0047 1
112.467 31.3866 9
96.2536 18.5636 3
114.122 36.5357 6
123.426 57.1246 2
181.23 114.209 4
168.232 107.975 6
142.274 84.6811 3
209.98 154.909 4
97.4987 45.5795 8
80.3307 33.9521 1
170.721 130.331 1
91.8647 51.9225 19
191.568 153.726 6
193.31 157.954 1
125.268 91.4562 6
199.659 167.812 3
122.077 97.2324 11
79.3735 63.0162 6
183.033 168.308 1
104.212 108.186 5
84.5589 109.952 1
43.9713 83.1185 2
46.1991 93.2931 4
38.0382 86.2475 3
23.6982 78.0525 1
45.2348 98.902 5
32.6623 92.2809 1
52.0474 126.796 8
61.4739 137.036 5
32.032 111.326 10
33.7516 116.617 3
36.3311 128.757 2
43.9239 148.347 3
226.946 55.7494 2
204.561 50.4248 2
97.1249 46.7269 4
191.74 161.031 7
58.8856 27.8293 7
124.717 103.848 22
131.571 110.998 1
57.982 119.519 5
44.9476 135.497 5
198.147 90.6994 1
129.321 38.3816 11
217.159 139.053 2
121.295 48.6801 1
134.756 84.306 2
78.5533 48.4712 3
121.756 93.4171 3
165.454 152.741 2
124.171 117.437 4
81.4868 122.35 3
47.1646 125.207 2
44.466 130.256 1
44.2335 145.445 2
211.243 87.343 3
192.794 98.1169 1
132.665 46.8236 2
208.949 139.814 1
142.057 87.496 5
153.129 97.135 1
118.858 72.644 1
77.4769 33.0744 1
84.6651 39.0174 1
174.046 140.502 1
160.152 129.019 3
117.53 101.136 19
45.4766 39.2198 1
90.282 86.4532 1
74.2571 84.3676 1
53.459 69.2192 1
44.1765 62.2146 1
78.6705 108.937 7
71.1684 101.055 4
41.9363 87.0889 1
57.7966 103.74 8
45.0225 106.692 6
52.79 147.589 1
36.4315 137.295 2
42.1265 153.42 1
132.512 48.4722 1
155.372 89.7056 3
138.863 79.7259 1
114.214 68.482 1
168.672 124.792 1
104.14 79.1075 1
89.1504 81.4141 3
70.8222 74.4929 3
111.966 126.835 1
80.8073 131.723 1
171.506 103.169 1
136.012 95.7218 1
84.5604 93.645 3
102.041 109.778 12
72.38 90.8997 1
217.014 103.14 9
211.839 85.4707 2
183.385 105.022 2
176.325 138.427 6
168.602 99.1772 7
168.069 104.061 3
147.095 85.2848 8
125.885 45.7702 3
117.65 49.6157 3
113.499 59.4453 7
111.582 62.0294 5
105.378 73.2121 2
102.005 49.4912 1
98.1104 32.6927 4
96.2867 76.3002 1
87.7828 100.535 2
81.825 67.4893 2
80.45 25.6852 2
77.0881 106.495 4
75.5168 28.7935 1
73.6757 34.4432 3
60.8011 21.8839 3
60.4887 88.8898 2
56.1028 28.2603 7
55.8056 27.0351 1
55.5785 122.348 8
55.2371 82.6342 4
55.3471 123.95 3
52.7477 28.7306 2
50.4604 141.026 1
45.1812 89.168 1
42.9498 101.395 3
36.2803 85.9143 4
32.4952 118.167 6
238.132 134.055 2
236.35 154.044 2
236.51 44.2332 1
235.935 159.707 1
232.614 157.558 1
232.322 57.4452 2
231.889 72.2655 1
232.301 111.907 2
231.751 117.981 2
231.517 64.9188 4
231.526 106.135 9
229.052 108.043 9
227.934 103.938 5
211.986 159.926 8
200.787 112.757 3
196.385 92.4889 2
194.644 137.692 6
192.308 177.5 5
191.167 112.107 2
191.183 164.757 5
189.666 168.129 15
187.634 176.564 2
182.974 112.99 3
181.029 108.546 13
153.954 153.193 1
142.484 39.4533 9
132.207 155.207 6
129.283 155.406 1
122.855 125.097 5
119.945 66.5094 8
119.318 156.343 2
114.73 112.955 1
113.757 117.421 3
112.797 71.2212 10
109.968 97.9923 3
104.491 7.54356 1
99.5041 76.5708 1
97.4257 101.092 7
91.9787 65.8577 3
92.0133 80.614 2
79.4018 8.84117 3
79.3802 79.9873 8
78.2626 63.5303 2
72.7069 59.3513 1
71.8014 52.5176 3
71.2369 78.3387 2
66.2991 36.5866 1
64.6871 69.8915 6
61.442 15.1437 1
57.3321 112.661 1
56.208 131.536 5
50.0156 29.4365 2
48.9088 56.5252 10
37.1829 126.748 1
37.1808 140.856 3
33.8691 147.671 1
31.8915 131.174 1
14.8798 182.976 3
231.201 142.528 4
231.22 53.7229 5
229.214 135.881 7
228.099 114.436 9
215.42 157.313 1
157.953 153.273 1
126.151 158.047 15
110.076 115.554 6
53.6778 173.69 1
189.541 92.3593 1
184.275 173.779 9
178.767 91.4622 2
151.992 91.6309 1
119.162 94.4566 2
119.616 154.318 1
112.292 40.8549 3
111.667 96.5434 1
97.7291 80.1239 1
90.4377 99.6923 1
83.2387 101.787 1
77.4841 14.0938 1
54.6333 168.497 2
31.9413 175.829 1
26.9585 178.073 1
207.916 51.7472 1
199.585 140.746 3
198.439 166.377 1
189.198 146.998 1
186.015 132.817 2
183.62 142.125 2
182.885 109.658 1
167.341 94.2315 1
167.62 110.022 4
163.098 114.608 2
159.255 118.964 1
146.873 115.232 3
136.47 87.6356 5
119.238 68.0763 1
114.807 41.112 6
108.04 98.7777 1
90.7698 74.5799 1
80.4499 74.747 3
80.0016 113.181 3
78.7202 155.337 1
69.7832 33.3505 1
62.6003 102.597 1
59.6851 27.3327 2
48.106 57.8171 5
47.8874 93.2613 4
46.3466 51.5301 3
45.8205 103.452 1
46.6034 141.903 4
39.312 102.367 2
32.0706 91.3014 3
31.4446 147.693 1
227.378 109.097 2
227.095 101.039 3
225.12 118.836 1
180.995 110.102 7
169.04 132.179 7
125.65 116.508 9
100.057 150.637 7
179.231 110.43 2
161.799 152.028 1
128.04 38.7481 4
127.73 52.7071 5
110.477 95.2662 5
101.138 41.9785 3
99.511 79.666 8
83.4223 59.4151 9
79.1925 101.546 13
77.18 48.5152 3
73.4757 123.32 1
65.2152 31.842 4
63.0337 40.8875 4
52.9292 128.002 2
49.7712 46.783 2
35.4395 146.353 6
32.6745 129.537 4
207.078 122.138 1
206.845 138.023 2
193.139 128.734 4
166.872 158.672 1
157.824 127.421 2
140.069 87.6723 4
119.478 60.4655 1
119.243 91.3585 2
107.544 101.36 1
97.7937 63.4053 2
89.8307 85.0722 1
88.658 38.4264 7
88.0337 29.3617 4
84.6504 56.2606 6
75.3576 107.688 1
73.3762 82.6727 1
69.6954 99.3286 2
56.0751 32.8188 6
52.8029 68.0021 1
47.216 62.2348 2
47.8643 86.1823 1
41.7648 50.8064 2
42.2107 130.15 5
113.437 90.397 2
55.0011 147.684 1
153.737 88.7684 3
119.827 74.8975 1
95.2583 78.9683 1
149.623 133.245 2
134.968 92.9554 1
98.2485 108.476 4
205.759 154.764 2
213.546 140.148 3
210.812 127.262 1
193.35 139.652 1
201.532 117.603 2
192.362 117.388 2
173.232 127.811 3
182.073 107.919 6
192.599 93.7777 3
175.356 104.302 2
109.96 160.225 4
143.239 118.491 1
154.688 105.401 3
140.088 118.641 1
135.261 119.276 1
140.154 104.013 4
96.1404 129.979 2
115.254 103.552 5
116.534 100.77 1
80.7407 134.177 1
78.2084 135.183 1
125.035 84.4241 11
44.1088 148.235 1
150.286 39.2228 1
115.322 71.2811 7
118.594 63.7713 7
69.9499 108.818 1
52.3696 125.872 1
62.4576 114.257 1
39.0089 139.318 1
69.8703 102.788 8
114.786 57.4277 2
115.615 55.6374 1
52.6209 115.383 1
53.637 112.63 1
38.2696 120.935 3
55.3063 99.4329 1
45.5163 97.609 2
80.1862 60.6082 1
41.6142 93.4541 1
82.9442 50.7349 8
71.0051 61.4218 1
47.3253 81.5705 4
67.9984 58.1286 1
40.8648 83.0019 2
95.64 23.6939 2
41.1319 57.7852 2
82.9189 7.69707 1
73.6677 11.58 4
68.5571 13.8945 3
238.005 143.222 1
209.406 166.719 2
204.297 171.838 1
232.366 142.092 1
191.161 170.344 5
207.803 150.436 6
232.798 118.006 1
228.517 121.83 3
231.628 115.618 4
205.412 139.544 6
201.538 141.046 2
189.588 136.004 4
201.74 104.6 1
232.712 65.1575 1
188.498 108.24 1
240.325 53.3083 1
232.898 54.0012 1
240.346 46.0034 1
170.398 112.626 1
177.818 93.5664 4
81.1114 163.306 1
66.394 167.041 1
114.552 109.301 1
110.88 99.9445 11
30.5402 179.549 2
122.8 84.0394 3
97.9246 101.04 1
20.1385 173.826 1
16.8062 175.077 2
42.4178 145.724 2
72.4324 113.732 2
80.2481 101.046 7
38.1195 141.23 1
116.665 57.2781 2
104.089 65.6993 3
46.8121 114.363 3
79.1611 79.6607 1
89.022 54.6194 5
110.934 32.6385 2
90.3009 39.4793 4
74.2286 46.8472 1
74.6082 44.4554 1
98.4671 16.7018 1
69.4213 42.2824 5
76.358 32.1345 3
49.6338 56.4145 1
14.4493 88.8072 2
76.4445 25.3419 3
23.8466 73.5934 4
14.5064 82.8773 3
19.3787 77.0292 2
227.159 110.747 1
102.022 157.151 1
77.7931 161.591 6
71.8522 162.127 1
62.3904 166.506 1
36.8835 176.831 1
27.9244 177.35 1
48.5254 105.225 8
116.068 16.6728 1
174.697 163.892 1
143.904 146.194 1
160.172 109.468 2
149.257 94.5659 1
146.202 90.0324 1
43.0204 165.541 1
26.0493 173.23 1
88.3727 103.21 1
130.201 42.1806 2
93.9426 61.0897 5
64.4078 52.9247 2
20.0018 69.5464 4
13.6951 74.1838 2
210.395 160.847 1
197.531 161.112 2
198.934 147.913 1
184.165 162.351 2
190.963 136.086 1
170.467 132.433 2
192.051 101.789 3
196.836 94.0415 1
199.905 86.5177 2
229.533 54.2156 4
189.063 90.9782 4
158.272 119.422 2
158.667 112.402 11
178.816 90.3963 1
170.566 89.8264 7
165.021 89.5 4
97.2311 157.245 1
141.806 110.156 5
158.724 90.5697 1
126.216 104.722 1
131.128 89.1019 1
108.665 106.542 1
118.368 93.1301 2
105.339 106.783 7
109.506 99.0996 1
112.086 95.5297 1
100.197 98.6526 1
56.8525 137.96 3
60.3241 132.51 6
90.2238 98.3321 2
83.9328 100.411 1
70.9425 113.351 2
45.1615 128.548 4
30.3152 142.206 1
109.251 59.7624 4
98.134 67.793 1
65.9462 98.812 1
84.6742 78.7853 1
121.074 33.8893 6
89.6059 66.789 3
46.0236 109.195 3
50.4855 94.3843 2
108.027 34.7767 3
87.6658 53.8307 1
91.3382 46.3056 1
41.8205 94.9521 2
93.1121 27.6157 3
72.7314 45.1824 1
67.4471 41.0782 1
69.6963 30.528 3
56.9988 34.3286 1
228.293 141.33 3
226.555 119.116 1
200.442 128.094 1
178.861 149.454 5
87.542 158.813 2
36.1087 159.617 2
24.5409 165.329 1
88.5383 28.4594 1
214.007 158.774 1
211.229 129.174 7
217.147 113.508 3
217.411 105.111 2
51.1505 142.89 2
116.962 72.2192 3
76.1352 98.6829 1
30.632 126.062 4
100.232 41.3081 1
207.649 136.964 1
206.48 121.213 1
184.003 140.142 8
196.004 128.104 2
211.377 105.815 3
195.391 86.6254 2
175.043 86.9123 2
152.847 87.1193 5
115.937 98.6448 1
119.918 89.0647 1
81.2789 97.1712 2
119.885 57.1547 1
35.0109 135.404 1
46.5581 120.949 3
82.612 76.2723 4
75.5298 81.6909 3
112.048 34.974 1
52.3976 87.7289 1
94.4349 43.3804 2
53.5307 66.4515 1
44.0073 35.8474 1
158.289 129.972 2
181.947 98.8794 2
122.62 70.4708 2
77.3132 89.7476 2
113.023 40.9238 5
69.9298 48.8541 5
201.793 94.3508 1
30.6675 100.356 4
72.2179 104.613 2
60.4005 125.834 1
171.219 150.705 1
189.078 167.335 5
180.217 170.629 2
87.0946 18.882 1
61.9793 31.838 2
93.1415 32.1632 1
123.421 37.2007 1
89.7706 43.3737 1
106.451 47.1385 3
75.6821 48.3226 1
63.6944 51.8578 2
120.728 58.4969 1
98.6243 58.6111 1
88.3368 62.388 3
93.8318 65.4096 2
158.231 103.697 3
116.12 108.954 4
116.262 112.353 2
42.823 121.233 1
30.5343 123.016 3
190.624 132.724 7
176.396 136.085 2
42.9638 138.805 4
34.4066 142.782 4
183.925 147.534 4
191.724 157.616 2
112.204 39.3224 1
62.2273 43.6241 4
209.246 88.909 2
146.4 98.2148 1
121.747 110.423 2
95.9686 116.085 1
37.7356 121.942 1
124.883 43.7812 2
124.41 58.8972 1
91.8152 69.9526 1
105.256 114.634 1
37.7207 130.056 2
72.1999 163.283 1
92.0161 28.5327 7
57.0113 32.0136 2
99.362 34.539 10
60.5678 36.2389 3
87.7388 37.0872 1
73.1665 42.1463 11
110.956 45.5469 3
55.7153 46.428 3
78.9294 55.576 1
56.695 67.1346 1
234.665 83.6167 4
204.802 86.1214 4
212.978 87.0632 10
63.2976 95.3191 1
184.363 96.1412 1
198.449 96.5662 4
51.3952 97.3601 1
149.838 96.9344 3
190.749 97.7779 4
71.1342 99.1901 4
117.863 99.923 1
110.787 101.609 5
45.0029 102.289 6
136.915 102.136 7
164.805 102.587 4
173.074 101.885 1
96.4938 103.226 1
146.382 102.931 5
155.049 103.863 3
55.5196 104.774 1
89.4706 105.638 5
122.4 106.011 3
205.023 107.267 5
234.675 107.115 5
49.8552 111.615 6
93.3119 111.081 7
118.652 110.648 6
53.845 116.43 3
222.537 122.264 1
44.2257 123.384 6
64.1054 124.84 3
164.758 126.5 3
180.24 134.763 1
195.651 136.778 1
44.3931 140.735 6
46.4228 149.864 1
207.572 157.039 3
171.078 157.742 1
132.225 94.3438 2
132.057 107.534 3
58.1355 58.1691 2
161.006 88.6623 2
173.016 88.3946 2
200.016 88.8976 1
121.941 90.4414 1
110.736 126.622 3
92.2587 129.666 1
100.302 127.997 1
72.7938 135.326 2
192.17 141.805 1
119.303 77.003 2
78.1963 88.8236 1
129.097 87.1387 1
39.0852 90.8883 1
92.9888 90.3111 1
56.0506 93.5287 3
178.173 100.461 1
186.124 100.807 1
220.795 102.897 2
97.2664 107.296 7
81.0519 111.526 1
163.093 132.573 3
217.54 133.245 1
79.3406 90.4935 2
170.473 90.8817 4
140.341 102.143 2
177.642 130.239 1
200.064 173.606 11
191.298 170.858 1
181.758 171.882 3
119.487 27.7274 1
99.6647 16.851 1
103.743 27.6309 1
119.227 40.1275 1
108.362 35.6241 3
110.418 43.5364 1
116.894 64.3173 2
102.071 58.3782 1
204.996 138.093 5
80.0697 55.9484 1
187.826 137.451 1
141.224 114.818 1
65.3462 64.2561 2
96.7453 121.421 1
120.319 142.805 1
109.574 143.824 1
12.5545 83.0491 1
62.1816 131.963 3
38.4592 128.097 1
69.2001 153.489 1
52.9411 158.756 1
29.5305 166.989 1
124.101 54.8555 3
96.7912 44.3735 1
66.2922 50.3996 1
125.601 28.4488 3
186.804 90.2188 4
111.174 53.9736 6
144.03 80.4785 1
201.972 137.056 5
69.3092 40.2045 1
96.9131 70.4354 1
89.7787 71.3998 2
48.4532 41.9503 1
196.489 149.635 2
171.07 138.497 2
203.446 166.201 2
188.667 169.68 1
103.955 110.644 1
105.421 25.1991 2
108.85 27.6514 1
129.227 44.1613 1
211.716 121.123 2
103.29 45.2014 1
86.2951 36.3516 1
90.7788 44.05 1
113.255 61.2617 3
83.6725 45.1979 2
152.091 96.1774 3
168.649 117.817 2
156.378 113.503 4
162.983 125.803 1
89.2595 83.7091 2
121.361 122.51 1
75.3823 127.862 1
45.0643 117.9 5
31.7961 113.013 2
33.7584 118.28 2
52.9716 144.44 1
41.9013 150.627 1
129.085 45.2774 1
57.992 120.695 4
194.038 90.4826 1
162.322 89.9545 3
135.818 82.2813 8
162.688 98.2789 1
141.602 89.0467 6
152.361 98.8954 1
117.062 75.8853 1
173.633 132.151 1
158.796 131.604 1
117.286 102.672 1
88.2055 89.3102 3
105.468 105.198 1
52.0301 71.9504 1
68.7855 87.2393 1
78.5925 109.694 1
93.517 122.917 5
108.871 75.4077 2
85.9724 96.1653 2
230.37 41.1572 4
223.09 114.76 1
196.22 102.432 1
188.205 95.2619 2
130.818 117.749 3
106.452 70.7393 1
107.444 103.918 2
62.9947 46.8627 2
230.206 53.8104 1
230.054 118.056 1
229.152 149.208 1
189.443 44.749 3
210.063 113.905 1
219.069 142.681 1
196.471 141.6 1
200.845 169.392 3
190.975 141.306 1
171.48 134.763 5
170.501 149.966 1
116.829 22.6346 3
114.609 58.9529 2
125.617 116.082 1
123.148 120.3 1
104.305 75.2906 1
78.2285 9.10869 1
108.702 115.354 1
90.6242 65.7922 1
84.0346 50.2153 1
95.8298 120.896 1
94.2157 125.687 2
85.9719 123.617 1
56.6064 44.4446 2
82.6578 133.19 1
228.983 65.0631 1
228.388 102.591 1
228.703 105.225 5
227.839 112.267 1
227.54 118.399 2
216.901 122.526 1
163.794 154.56 1
145.154 145.566 1
100.311 52.4488 6
166.823 151.471 1
126.325 30.2254 1
107.944 54.4364 4
96.5821 26.5262 2
95.9709 50.0401 1
69.1829 62.7009 1
63.9818 99.3343 1
55.5425 110.124 2
50.7676 130.871 3
202.992 51.7694 2
191.125 49.8411 5
220.777 148.093 1
198.162 88.8641 3
198.501 105.38 3
198.167 114.537 3
187.89 114.114 2
196.091 167.413 2
177.722 125.132 1
165.9 94.3049 4
165.465 109.607 2
142.224 41.0107 3
142.205 50.148 1
160.677 114.008 14
169.907 145.201 11
152.998 94.8066 1
161.273 124.717 2
169.685 156.296 5
173.543 166.634 1
113.127 17.0502 1
138.543 109.587 6
124.631 110.212 1
119.8 97.7475 4
91.6945 37.9292 7
110.753 110.169 6
106.057 107.882 1
92.8717 102.665 8
75.0704 80.6434 1
56.2708 42.7099 1
47.0925 28.6408 1
45.3596 51.8184 4
57.1475 100.446 9
45.1693 83.1593 1
46.2086 105.363 2
54.1357 142.261 3
30.8721 92.2012 1
37.5722 133.576 7
30.6713 149.154 1
218.688 158.735 1
104.849 44.8328 1
85.2424 36.508 2
99.7267 150.643 2
135.378 82.1039 1
64.5019 94.3689 4
180.044 128.934 3
139.22 44.4337 1
156.027 105.108 2
139.864 87.8332 1
154.331 128.684 1
116.407 63.0075 3
83.3048 57.1432 4
85.6133 86.3632 1
90.4223 104.741 1
68.4494 45.9924 1
69.5171 84.0805 1
157.026 89.6394 1
165.708 124.767 1
122.958 73.5133 4
128.66 124.942 1
94.3248 79.9956 2
131.592 96.9204 4
221.834 114.495 2
215.039 123.716 1
188.94 164.007 1
83.862 133.373 2
99.9897 75.0904 3
38.45 168.219 3
83.6374 26.5763 3
77.754 29.6359 4
65.0373 26.4392 2
29.4818 64.1003 3
231.273 156.163 1
230.412 135.921 1
231.024 111.873 1
201.003 173.858 1
229.83 64.0742 1
92.9708 81.0034 1
75.6013 123.737 4
73.5157 30.6814 1
66.1049 45.7599 1
230.162 140.996 2
224.874 117.357 2
229.253 101.573 1
179.394 149.341 1
75.518 52.2548 2
218.537 122.732 1
207.948 115.194 2
228.198 40.5085 1
186.415 151.784 1
173.53 129.297 1
155.077 150.993 1
127.103 38.1538 1
67.3043 139.549 1
32.9799 129.781 1
193.611 154.106 1
197.935 85.8671 3
166.458 110.169 1
140.768 110.52 2
134.837 86.0804 4
128.023 86.1569 3
87.5885 99.0234 2
53.7161 167.857 1
92.0165 27.8851 1
68.9008 30.0386 2
51.5869 84.9849 3
55.4446 65.3475 1
28.7824 143.75 1
197.771 127.713 1
202.385 78.1669 2
150.087 89.4185 3
132.794 78.9699 2
128.751 36.3451 2
101.559 42.9352 2
78.3941 99.5977 1
79.6216 77.3668 2
60.8785 39.0393 1
188.336 127.897 1
191.858 87.1354 1
164.358 158.701 2
163.01 144.723 2
183.787 42.9733 1
156.229 128.007 1
144.793 43.2979 1
114.34 88.2638 2
97.5686 76.8763 2
70.0737 81.7372 3
144.345 44.8143 1
110.402 87.9324 2
96.0701 106.116 2
152.758 85.7251 1
137.064 119.704 1
130.969 54.695 2
140.081 95.1175 1
221.11 113.361 1
203.528 104.643 2
86.1079 164.197 1
40.507 179.41 2
223.375 42.4602 1
95.6373 113.973 3
74.5576 122.846 3
52.7614 136.986 1
30.2184 124.654 1
134.838 40.6065 1
128.09 43.8068 3
63.0263 71.9907 1
102.335 21.0263 1
54.7334 39.5536 2
235.807 151.337 1
232.128 127.412 3
187.437 152.695 1
207.155 135.459 1
218.949 114.836 3
232.124 102.302 1
202.863 79.3845 3
173.995 90.124 1
66.5794 154.28 1
62.6938 155.496 2
57.7921 156.337 1
46.1991 159.808 1
32.0556 165.769 1
13.0943 176.32 1
97.2067 111.568 4
71.8477 112.593 1
58.4929 105.058 1
68.6565 93.0999 3
105.895 59.6082 2
88.7578 71.2096 1
106.53 48.3555 2
93.1854 52.0805 2
118.92 33.0156 4
73.836 43.6855 1
66.0224 44.53 3
16.2494 79.3463 3
70.5306 34.5369 1
60.0128 42.4458 4
83.7741 24.2975 2
72.0253 31.7415 2
228.421 99.8591 2
195.591 110.359 3
81.6506 148.8 1
70.1546 150.152 2
65.917 149.52 2
49.7842 157.289 1
54.1005 152.111 1
46.7359 156.668 1
37.0662 160.591 1
31.3778 164.784 1
26.0063 166.71 1
20.9932 169.783 1
213.623 139.08 1
204.514 132.89 1
159.25 108.373 6
32.149 104.805 1
62.3261 70.9427 4
196.328 160.536 2
206.347 77.964 3
188.1 89.4678 1
177.804 89.6537 2
169.717 88.2384 4
162.965 88.3446 3
133.057 108.741 8
124.001 114.909 7
135.567 86.9044 2
130.161 88.3253 3
103.8 105.252 6
88.9503 117.106 6
116.588 91.5627 2
45.731 140.577 2
89.3235 96.9208 1
29.7624 138.739 1
82.8529 99.2959 1
46.6288 121.718 1
61.8211 101.941 2
55.4778 105.856 2
122.527 55.4527 1
90.1765 67.8958 1
30.6063 109.858 2
56.0048 88.4225 3
28.3023 98.8789 1
80.9811 30.0561 1
227.076 138.634 1
226.376 120.94 1
227.078 102.122 1
23.4452 163.663 1
212.484 129.674 1
86.2274 103.901 1
31.4644 103.428 2
64.4628 57.0749 3
205.341 120.165 2
184.692 129.164 1
160.647 130.246 2
186.907 100.049 2
151.027 118.352 2
193.678 83.8773 3
184.904 85.1405 3
134.057 116.566 3
172.697 84.3678 3
152.478 84.2173 1
113.354 102.348 2
80.2408 124.878 2
129.984 74.9005 5
104.983 88.5591 5
43.8636 116.389 2
51.5264 87.2044 1
52.1719 65.143 1
181.166 130.865 1
92.7713 89.253 2
77.2588 88.1536 1
180.614 97.8511 2
128.514 103.749 1
95.0167 106.431 2
71.9441 86.91 1
124.659 57.1833 4
102.506 66.8736 1
237.825 68.8724 2
77.9206 69.6195 1
81.1409 69.65 1
85.0177 70.6132 1
138.351 88.7368 1
67.7241 122.816 3
60.4413 124.638 1
241.438 147.454 1
210.774 150.469 1
183.169 152.192 2
190.095 157.9 3
62.8282 165.479 3
97.9044 31.2456 1
52.2016 38.098 4
68.9073 43.4613 6
94.7817 47.1972 1
237.578 58.1011 1
232.379 60.1605 1
187.303 98.3593 1
175.252 105.316 1
76.577 107.478 1
148.737 108.194 1
203.374 108.502 1
99.9549 112.068 2
62.3294 113.007 2
61.9774 125.828 2
182.482 137.848 1
42.5023 142.66 2
167.516 143.512 1
195.554 148.88 3
189.008 152.108 3
222.37 53.3421 2
89.074 115.406 3
125.405 42.5023 1
67.5764 51.9299 2
238.486 62.7209 1
205.485 78.1411 1
213.474 77.8737 3
32.8587 94.7177 1
127.828 105.815 1
143.194 108.778 6
228.552 141.978 1
95.6094 41.1025 2
119.701 45.9848 1
234.924 61.5205 1
56.8245 68.8597 2
116.75 74.076 1
204.92 87.9202 4
213.019 89.2296 5
149.808 98.8701 8
169.066 98.0208 1
176.77 99.2153 3
184.41 97.9338 2
160.127 100.809 1
96.8842 105.32 3
89.485 107.274 1
131.236 105.896 1
155.511 106.561 1
122.446 108.595 4
173.113 110.094 3
93.592 113.655 7
67.6551 117.497 5
62.9292 121.842 4
74.954 126.868 1
163.985 129.904 5
213.797 130.446 3
50.3643 132.167 6
172.06 131.925 4
177.638 147.129 1
187.697 149.693 1
46.3119 151.55 1
210.267 77.5366 2
150.689 86.6967 3
173.927 87.4413 2
181.805 88.8379 1
190.708 88.9938 1
30.2261 114.126 1
118.683 81.4469 1
66.0374 89.0571 1
78.8066 91.9493 1
102.046 92.8646 1
131.016 93.8844 1
143.39 94.7067 1
169.771 105.023 3
178.879 103.655 1
193.93 103.326 1
106.674 110.226 1
54.7651 34.0877 2
66.4982 61.4434 2
83.9711 70.9101 1
172.627 137.602 1
41.4006 145.781 1
109.258 25.997 1
114.2 34.2069 3
82.4512 32.1522 1
67.1448 29.844 1
191.544 94.9347 1
85.9611 54.1971 1
161.357 94.3957 2
196.578 152.669 3
18.3666 70.0995 1
202.213 170.136 2
40.3784 103.868 2
126.554 44.7981 1
172.782 164.191 1
63.4083 112.879 1
187.19 88.913 3
226.114 107.346 1
218.076 114.035 3
144.696 79.6074 1
191.209 106.899 2
132.878 82.2962 3
90.3058 69.7991 5
93.5097 98.0074 1
104.238 112.547 2
31.7692 96.8411 1
128.26 47.4476 2
74.1309 35.7208 1
80.5401 40.0673 2
219.082 150.185 1
110.803 103.21 2
162.69 128.276 1
174.623 137.164 5
38.1238 88.0571 2
100.217 120.421 6
39.8985 97.4574 1
39.2463 120.44 1
44.4623 124.401 1
32.9733 120.68 2
50.5838 146.986 3
41.0432 152.931 1
56.0792 123.959 1
192.598 90.2406 1
137.13 82.1038 6
55.9107 57.218 1
100.498 79.0556 2
117.019 93.2398 1
147.043 121.478 1
106.619 126.806 1
85.5159 130.658 1
204.126 93.4343 1
162.11 100.997 1
113.246 82.9146 2
141.659 91.6727 4
151.597 102.214 1
116.847 105.309 3
67.823 90.0962 2
68.4678 109.087 1
57.129 108.894 3
218.376 115.797 1
98.3951 26.3647 3
95.1993 25.3047 4
102.385 44.7026 1
177.262 149.877 1
59.0996 17.9493 1
159.291 150.739 3
151.331 151.168 1
78.9997 69.7305 1
53.2415 89.9898 4
221.008 52.8103 1
205.491 141.139 3
75.4372 26.1194 2
108.189 71.1983 2
176.889 165.678 2
103.296 76.1547 3
56.5696 22.2376 1
79.3647 61.3863 1
110.23 114.231 1
118.154 143.694 2
126.941 157.21 1
45.3403 91.9408 2
49.7124 103.991 1
60.711 136.184 1
70.5466 152.903 1
37.0079 112.724 3
18.3894 176.794 1
227.298 80.3798 2
227.533 121.362 1
108.187 26.8402 1
125.901 102.617 4
125.843 110.595 3
215.958 115.771 1
216.03 136.144 2
147.097 79.955 1
168.962 139.448 1
97.4352 56.6297 1
186.598 170.494 1
136.848 110.249 10
131.126 43.6047 2
209.471 142.398 3
211.305 148.142 4
172.346 121.218 2
160.233 126.355 2
77.8388 31.1689 1
120.463 91.8437 3
78.732 53.6621 3
87.6009 84.2134 1
46.2212 33.573 1
37.2407 61.2065 3
40.1516 85.1423 1
82.2373 153.491 2
43.8766 108.336 1
36.2682 135.216 3
37.3435 152.067 1
151.847 89.7702 2
138.099 80.8002 4
161.384 121.935 1
66.4502 72.5238 4
67.1024 126.587 4
175.027 100.796 2
186.518 133.914 1
150.252 100.171 1
137.831 91.1229 3
171.824 133.607 3
153.458 132.411 1
102.615 105.99 5
85.3017 90.3229 1
90.439 106.71 1
70.0497 88.4886 1
213.907 39.0018 2
126.539 61.2663 1
128.82 152.775 2
51.5366 90.2897 1
40.8448 55.4945 1
39.1906 111.216 2
203.165 49.9233 1
220.737 144.121 1
207.689 113.826 3
182.652 148.976 1
176.74 123.406 1
146.045 114.163 1
140.008 123.613 2
121.717 156.309 2
84.9971 24.0298 2
85.3329 26.5878 4
86.6925 61.9675 2
71.2007 32.721 1
68.4085 47.2237 1
91.7443 59.3774 2
47.2634 104.686 1
45.4834 147.525 1
45.6767 177.305 1
41.182 170.456 1
185.322 170.25 2
133.512 83.553 2
102.007 41.3996 1
69.6918 61.7512 1
64.5788 95.3054 1
40.3531 112.09 1
197.092 114.695 2
192.121 126.851 2
185.408 114.25 2
187.145 142.364 6
180.185 125.468 1
171.239 166.307 1
167.324 157.031 5
158.719 124.779 2
112.021 16.938 1
120.627 56.3301 1
105.931 76.8725 2
95.2433 61.089 1
85.0987 28.6015 3
91.6548 102.526 1
68.9527 51.1402 1
73.5741 80.0337 3
69.2578 101.907 1
45.1815 28.4061 1
43.0264 52.4276 2
44.7506 58.6308 1
55.7047 142.639 1
43.7942 59.3959 1
187.568 91.064 1
173.868 153.118 1
141.98 44.4473 1
148.297 128.922 1
135.374 88.4414 2
112.815 64.5858 8
87.488 65.7907 1
121.664 125.992 1
221.037 120.42 2
189.367 149.458 1
198.185 115.825 4
103.524 81.666 1
91.2809 131.191 2
85.3074 60.5179 1
85.7204 6.73254 2
71.0312 27.5906 1
29.0586 184.206 1
50.5557 90.5156 1
42.1495 82.7407 1
210.119 148.88 1
200.133 125.931 3
185.347 176.072 1
184.145 148.609 1
185.501 124.181 2
173.423 147.981 1
161.351 117.713 2
135.962 85.1269 2
107.618 62.1971 2
95.4161 39.2811 2
91.5934 26.6224 3
50.5254 82.4157 2
58.3069 30.7911 1
39.7164 173.36 2
34.1296 175.771 1
175.247 129.335 2
86.9557 164.734 1
71.7646 168.538 5
210.673 119.374 2
210.148 83.9134 2
195.281 126.619 1
187.289 141.871 1
165.848 131.38 3
185.085 40.6134 1
172.052 93.5087 1
141.936 151.543 1
144.923 41.07 3
123.837 108.197 1
115.364 82.3984 2
117.843 62.6335 1
108.729 95.4845 5
93.8798 157.619 1
84.8801 159.397 1
86.2142 119.393 2
91.0089 36.7493 1
84.8852 58.5576 1
90.2531 27.8697 1
67.5918 68.6796 3
44.7248 142.589 1
53.5144 65.1451 1
49.2589 83.982 1
136.455 110.43 1
158.6 120.703 2
128.864 53.1543 1
63.9292 90.877 3
159.281 158.77 1
156.375 144.841 2
153.077 128.695 1
108.151 87.567 1
113.006 56.684 2
91.207 77.0853 5
152.265 129.539 1
207.257 168.278 1
200.258 132.809 1
159.954 155.532 2
104.809 58.7242 1
102.186 61.3538 4
97.7904 14.2003 1
60.3618 19.4557 2
199.955 152.102 1
199.848 147.394 2
229.92 105 1
176.849 161.811 1
200.169 83.3232 3
126.98 103.776 3
76.7725 101.696 1
106.002 61.9519 2
115.458 42.565 4
117.292 31.2279 3
99.1444 27.2868 1
78.9615 25.0261 1
50.5314 57.5273 3
58.5806 29.6472 3
203.573 147.284 3
192.456 113.531 3
158.936 95.1864 2
105.405 140.776 2
94.4369 142.229 2
89.4156 144.649 1
80.8529 147.872 1
25.4882 165.705 2
82.5549 23.1187 2
178.693 169.798 2
49.5974 148.002 1
43.6435 150.295 1
86.3522 28.1096 3
51.2135 36.4367 1
216.514 151.721 1
186.189 140.243 3
196.848 83.961 2
175.157 88.6113 1
165.448 87.7828 2
155.616 88.4601 2
122.725 88.9517 2
108.557 93.3792 1
97.4641 96.1076 1
80.5338 98.7964 2
119.682 30.5967 1
95.8408 42.928 1
48.8731 94.0289 2
53.3696 85.6826 1
54.4399 63.7858 2
57.5674 54.9139 2
121.427 71.1788 1
93.6737 104.485 1
151.649 83.3515 1
116.578 116.725 1
94.9945 119.62 3
82.0302 117.77 6
72.0652 71.7111 1
134.201 109.428 10
205.209 169.427 1
118.003 50.8823 1
115.482 30.8813 1
11.5296 76.6402 1
54.7103 43.3922 2
235.831 149.816 1
225.682 153.777 1
211.444 152.1 4
193.458 160.152 3
214.189 85.2407 1
177.772 94.9154 3
151.889 103.51 1
40.8928 135.191 1
64.581 112.982 2
72.4799 97.6314 2
82.5282 70.1066 1
22.3517 74.8158 2
86.2428 22.9377 1
73.853 29.1185 1
77.9602 24.9966 1
50.0447 35.6968 2
223.457 140.992 1
163.77 137.28 1
80.0283 147.121 1
65.3748 148.293 1
31.0375 162.813 1
230.604 55.1502 1
90.2046 117.401 1
91.4788 68.9326 2
84.5817 29.3578 1
72.8813 26.4765 1
193.371 147.102 2
130.08 107.589 3
18.7198 72.6585 1
215.664 149.786 1
189.664 128.169 2
156.449 109.529 4
198.934 87.6179 1
150.612 103.87 3
132.317 106.644 4
123.718 110.925 2
169.788 86.9753 1
76.6883 131.488 1
162.755 86.3306 2
157.072 86.9477 4
45.6674 138.771 1
31.0284 133.776 1
111.019 93.1357 2
98.6216 95.9848 1
89.4232 94.6341 1
82.8999 97.8024 2
121.266 74.7402 3
60.2274 99.3265 1
65.2818 96.2422 3
29.6783 108.78 1
122.555 53.9465 1
28.7542 95.2269 1
71.2742 72.7389 2
30.3062 87.2138 2
223.86 135.314 1
108.941 89.7934 1
97.8949 92.2842 3
87.9145 92.3879 1
193.02 79.6102 1
182.463 80.6552 1
173.078 80.8145 1
164.777 80.1279 1
70.2237 119.022 1
117.905 82.8262 1
94.3983 88.9923 1
142.496 99.0545 2
138.368 89.7848 1
209.618 105.858 1
222.203 106.883 1
127.955 107.037 1
83.8666 118.246 2
67.9929 120.927 1
60.4493 122.325 1
46.9091 133.026 1
185.629 150.738 1
74.9561 39.6224 2
85.3455 44.9659 2
235.292 55.3256 1
240.116 56.0942 1
73.4318 56.7425 2
237.566 59.9283 1
230.054 62.192 1
239.86 64.1936 1
7.75383 80.7496 1
203.543 85.0186 2
175.367 95.4472 1
148.928 96.1511 1
189.592 100.232 1
88.2099 104.8 1
102.514 104.765 2
139.627 106.387 1
42.4299 108.185 1
99.8007 110.804 1
42.7461 124.567 2
69.6904 120.896 2
62.1178 123.38 1
165.004 125.608 1
63.7161 130.89 2
193.516 135.293 2
42.6926 141.1 3
130.771 91.6962 1
235.109 139.313 1
239.783 142.293 1
238.527 65.7784 1
205.545 76.6387 2
142.431 77.8309 1
177.65 86.9667 3
184.905 86.9406 1
137.802 101.202 6
136.297 121.006 1
216.613 120.698 1
46.7001 140.86 1
90.6867 53.5136 1
234.741 68.2556 1
116.439 77.1359 2
213.061 91.2091 5
150.59 101.388 1
169.092 100.765 2
176.866 100.582 2
184.246 99.5229 5
34.266 102.318 2
71.2206 104.123 1
44.365 109.455 1
89.4915 109.829 3
64.7389 120.187 3
58.6942 122.543 1
164.578 131.069 2
214.958 132.495 1
50.412 134.583 1
56.7714 96.4941 1
132.078 99.0117 2
104.019 48.5627 1
117.984 55.7084 2
55.2897 29.244 1
82.5919 44.0137 1
51.5711 41.9545 3
190.783 96.5079 1
33.3382 100.28 4
102.913 42.2817 1
38.7312 97.4219 2
63.3606 114.908 1
145.144 77.9317 1
209.224 111.472 5
113.941 93.6022 3
115.173 76.0188 1
110.285 104.154 1
124.766 107.734 1
179.31 130.503 2
63.8216 107.998 1
57.1713 122.171 1
33.1743 122.084 1
51.7379 129.327 1
78.956 93.0356 1
57.2394 106.075 1
193.129 86.8612 1
177.19 85.1664 3
100.981 53.6309 1
231.673 153.544 1
16.5297 67.6032 1
80.5606 159.871 1
87.4952 27.3717 4
113.794 54.181 1
114.945 66.4079 1
49.0597 32.9567 1
34.325 115.366 1
61.4488 158.125 1
90.3187 37.7704 2
218.622 112.737 1
133.895 79.1236 2
114.37 74.0044 3
80.1846 54.2493 1
99.7127 87.7471 1
169.88 143.38 1
91.7496 122.457 1
170.879 101.105 1
194.54 88.5808 2
164.904 86.9037 2
114.891 92.0418 2
137.486 96.2614 1
68.9677 90.9686 1
114.77 23.8503 1
182.066 132.936 2
48.2229 29.6217 1
65.593 106.135 1
38.5365 108.347 1
39.7723 170.415 2
37.2462 109.408 1
178.457 144.879 1
52.9261 130.122 2
40.5086 146.806 1
190.04 97.5622 1
180.984 96.5224 1
132.772 44.9516 1
84.4614 86.0536 1
166.463 88.8831 2
106.193 95.9638 3
89.6218 79.4139 1
101.639 128.715 1
129.435 95.1877 1
89.5484 125.897 1
198.728 151.637 2
190.424 161.613 1
154.654 121.103 1
100.2 27.2101 1
51.8813 130.629 1
202.083 50.5382 1
215.027 114.7 1
198.281 148.994 1
196.785 166.219 1
177.986 123.834 2
175.285 139.314 5
143.629 48.751 1
185.636 177.334 1
115.754 22.678 1
128.362 143.216 1
114.006 144.81 1
89.6214 81.2359 1
74.7754 41.4719 2
81.1168 61.3529 1
61.2109 13.3077 2
75.0026 79.029 3
53.5308 63.1978 1
64.6796 106.896 4
76.2285 163.793 1
44.431 81.9276 1
137.075 40.1728 1
87.0786 46.949 1
106.108 160.188 1
55.2031 172.784 1
183.589 170.673 1
66.268 94.9795 4
65.167 122.087 1
179.48 126.726 1
138.187 42.0073 1
153.219 114.781 4
163.644 145.905 1
155.98 125.769 1
163.727 157.141 1
168.517 168.118 1
104.677 77.262 1
82.7091 28.7087 1
85.5017 83.8742 1
122.679 69.4598 1
127.737 155.452 1
141.827 131.351 1
179.456 167.436 1
148.658 84.7616 2
127.763 31.0182 1
128.433 33.2451 1
111.238 9.08906 1
108.37 80.1374 2
88.2521 69.7284 1
208.324 132.927 3
198.372 84.305 1
196.169 125.287 1
181.363 152.648 3
172.927 92.5518 1
172.251 148.067 1
158.437 117.533 1
125.174 124.934 1
102.181 56.3217 2
88.8739 26.2259 3
87.6297 23.9124 2
70.8627 6.82403 1
69.2295 32.3189 1
144.413 39.3572 2
59.0627 137.624 1
179.904 121.436 2
138.664 152.383 1
121.137 67.9063 1
113.174 79.5838 1
192.492 89.0027 2
182.418 40.3847 1
184.592 125.385 1
163.494 155.962 1
154.966 114.664 2
154.054 124.462 1
138.674 97.5299 3
118.296 92.0075 2
110.374 82.5303 1
109.167 16.169 1
87.5429 82.6335 2
70.3183 79.8772 1
60.2423 102.803 1
107.586 83.3074 1
134.17 36.8686 1
131.641 53.3485 1
127.518 153.665 1
174.389 129.921 2
138.356 157.144 1
117.581 159.626 1
85.9358 27.0265 1
85.4814 8.46576 2
197.077 163.888 1
82.3216 101.353 2
51.9054 83.0582 1
186.469 114.387 1
127.703 116.887 2
67.7916 141.205 1
51.5934 132.163 1
193.042 87.9601 1
165.785 157.365 3
164.791 145.059 1
157.584 125.098 1
114.606 83.9007 2
105.206 93.7413 1
116.797 30.2316 1
95.1183 96.6801 6
95.1925 77.7724 1
78.6584 22.5388 1
106.977 87.6731 2
191.608 166.03 3
117.646 147.827 1
210.164 159.427 1
59.9053 130.984 1
108.406 58.5368 6
91.2617 45.3058 2
32.2371 109.376 2
145.373 137.539 1
130.762 137.753 2
161.226 108.057 2
93.2816 82.8984 1
52.2066 141.304 6
184.773 139.308 1
194.13 86.6754 1
165.546 121.03 3
183.774 87.537 1
172.245 87.3218 1
114.399 122.399 1
104.332 123.448 1
95.6521 124.984 1
102.846 112.111 2
76.3841 129.668 1
74.3547 119.987 4
119.176 50.8519 1
83.0038 95.3762 1
93.7629 76.4984 3
79.126 96.5792 1
79.8092 75.5692 2
44.9791 119.338 1
52.2007 62.1849 3
165.393 96.4608 1
129.643 55.0781 2
55.9849 101.183 3
87.6106 63.2415 1
209.648 161.658 1
229.144 103.689 1
81.7148 113.163 3
57.2315 88.1885 3
89.3259 56.3193 2
65.6866 60.1088 1
64.8173 51.9909 1
228.053 139.093 1
163.109 135.901 1
103.27 102.838 2
198.999 128.808 1
186.714 128.624 1
188.828 103.089 3
154.603 117.63 1
202.267 75.1687 1
135.784 116.95 1
148.525 102.407 2
165.802 85.1097 1
155.38 85.053 1
91.1084 121.361 1
72.8025 126.502 1
121.31 86.2201 1
106.807 89.6459 2
98.0738 89.238 2
79.3145 95.5341 1
45.0786 116.36 3
54.1808 86.8541 3
68.7416 70.4912 2
57.3045 53.2493 2
179.675 131.724 1
144.709 115.234 2
81.9278 87.3297 1
170.395 98.2278 1
205.317 170.58 1
192.24 162.499 1
130.026 99.5524 1
43.0435 122.953 1
62.9264 51.1386 1
53.2931 50.6472 2
236.188 146.374 1
185.442 106.628 3
205.802 98.1704 1
178.224 107.464 2
214.019 86.7495 1
133.232 91.538 1
71.6341 107.931 1
68.4774 91.9591 1
58.6169 67.7607 1
104.14 37.9807 1
57.8053 44.4239 1
84.379 30.5084 1
227.422 122.358 1
197.425 128.87 1
228.488 94.517 1
33.4961 123.434 1
122.323 107.812 3
19.8441 75.1379 1
89.8099 48.4361 4
202.438 130.417 3
189.379 131.116 1
179.226 115.315 3
186.067 85.6788 1
169.514 84.9548 3
95.9633 107.729 1
29.3163 131.127 1
162.464 83.4103 2
110.664 90.0382 2
89.4077 91.1499 2
28.6838 107.228 1
122.107 72.2268 1
120.098 80.2536 2
80.8003 89.3011 1
55.8049 91.6122 2
174.433 98.7553 2
157.176 99.1163 3
70.9045 90.4474 1
181.03 101.836 2
67.9972 119.283 1
34.8954 127.071 1
239.854 144.304 1
92.8107 48.769 1
104.581 52.6913 1
235.29 58.9721 1
232.792 62.644 1
136.26 100.459 1
203.562 100.817 1
211.42 100.949 1
129.85 105.314 1
88.2604 106.964 1
49.5809 112.677 1
165.074 127.895 5
71.3454 128.935 1
213.528 129.617 1
203.237 129.694 1
218.292 147.99 1
235.213 85.0131 1
173.534 107.227 3
213.81 131.003 3
142.511 75.7621 1
205.59 74.2515 1
213.387 74.2386 1
160.382 87.1556 2
201.097 89.3747 2
30.6831 112.722 1
76.0843 90.8716 1
100.697 93.2785 2
141.725 95.9514 2
213.092 95.2777 1
35.0628 100.976 1
176.971 102.812 1
183.847 102.728 4
115.319 50.5799 1
43.3098 114.273 2
43.2897 132.349 3
117.789 48.0897 1
78.7557 40.6191 2
221.079 122.721 1
116.329 117.823 1
215.813 147.595 1
212.373 150.003 2
88.0232 123.445 1
201.045 108.492 2
145.454 75.3681 1
187.728 85.2065 1
217.906 90.8877 1
172.711 85.4519 1
154.618 86.7227 1
121.358 89.5426 1
195.974 119.861 1
160.846 118.873 1
204.928 91.6645 1
212.961 92.4306 1
114.361 80.1608 2
168.725 103.19 1
103.357 91.1778 1
150.64 102.843 1
131.527 100.933 1
77.752 92.416 1
117.764 106.084 1
46.401 90.2622 1
35.5682 95.881 2
113.509 55.1611 2
54.8255 117.2 1
48.6889 37.9631 1
145.757 110.983 1
141.334 103.042 2
211.591 78.1992 1
200.015 121.092 1
61.9054 61.487 1
192.263 121.22 1
89.2682 78.0041 1
106.332 123.86 1
211.694 91.1598 1
203.221 91.301 1
111.585 81.2092 1
104.311 56.0611 2
173.908 127.01 1
48.2287 33.6864 1
185.2 147.435 1
82.9451 124.269 1
46.955 106.821 1
170.874 86.9529 1
159.108 87.04 1
189.338 120.366 1
62.0894 59.9945 1
64.5553 66.5917 1
122.922 121.959 1
59.764 139.535 1
188.458 100.792 1
180.939 99.64 3
171.123 102.079 1
140.272 89.8526 3
141.846 104.003 3
109.277 68.3716 1
85.1764 68.1869 1
55.917 167.104 1
47.6609 30.6141 1
57.866 98.8064 1
40.5124 163.095 1
106.743 94.9972 6
61.2064 59.3095 2
154.79 130.122 1
102.411 103.577 1
76.1369 108.78 1
106.345 93.8448 1
61.9949 20.9506 1
183.132 132.809 1
194.762 167.434 1
133.932 41.0842 1
93.0323 38.5509 1
109.661 73.5187 1
100.669 72.3324 1
70.2018 51.8182 1
73.8139 119.716 1
75.6031 151.477 1
65.4389 134.531 1
122.654 146.805 3
64.6671 68.5573 2
114.496 65.3396 2
81.2453 56.8129 1
79.3468 86.7209 1
67.578 135.339 1
126.259 125.186 1
188.98 159.063 1
101.19 34.8011 1
65.7336 29.1701 1
205.682 51.3075 1
209.414 83.139 1
165.72 117.239 1
137.61 109.096 1
113.088 100.096 1
102.245 65.0349 1
95.176 109.986 1
55.7063 51.0055 1
60.1809 109.588 7
45.5533 81.9732 1
183.885 113.762 1
140.082 40.0204 1
135.173 145.89 1
75.7843 156.079 1
79.1321 163 1
122.345 67.3463 2
106.654 45.8344 1
65.2221 131.977 1
158.496 146.302 1
150.993 125.886 1
155.766 157.04 1
136.928 92.7377 1
101.999 77.4463 1
112.812 128.108 1
122.604 159.108 1
125.827 68.7396 1
183.57 121.981 1
177.129 115.399 1
129.698 33.1429 1
128.497 122.516 1
112.483 8.88832 1
83.2372 8.75161 1
192.209 124.891 2
188.416 105.558 1
182.914 123.822 1
181.943 175.928 1
168.699 133.447 1
169.011 147.908 1
156.176 117.678 2
110.947 24.2627 1
90.9171 73.0664 1
69.1462 6.83939 1
113.242 80.6163 1
133.49 152.683 1
91.8085 79.5625 2
157.331 145.691 2
149.186 115.145 1
149.304 124.579 1
144.35 119.785 1
115.58 46.942 1
104.06 83.305 1
122.902 153.779 1
217.163 135.338 1
187.426 174.934 3
176.458 130.033 1
170.467 116.61 1
160.068 117.743 1
199.95 170.9 1
202.037 152.497 2
204.722 124.401 2
197.331 125.612 1
167.645 130.79 2
175.006 119.719 1
156.167 119.642 2
70.6122 141.05 1
160.732 157.373 1
155.343 127.104 1
137.896 83.6596 1
109.655 85.1121 1
87.7895 96.1916 1
75.525 131.071 1
153.742 127.491 1
107.12 85.3615 1
157.846 94.175 1
80.6772 58.6864 1
76.3005 68.9305 1
172.91 167.78 1
69.4765 112.629 1
88.6572 43.746 1
52.8048 84.0694 2
202.98 123.258 1
85.1769 116.995 1
70.0262 110.673 1
178.479 126.284 2
120.912 73.0928 1
166.773 86.7797 1
128.065 120.552 1
105.496 123.011 1
90.7587 94.2552 1
77.4443 95.3871 1
128.086 74.0069 1
199.664 134.063 1
128.126 88.6608 1
61.9212 46.3517 2
204.452 78.6672 1
167.603 88.3561 1
81.4571 99.6278 1
88.2943 64.9581 3
126.291 97.7859 1
55.3622 41.1753 1
181.865 127.999 1
180.777 84.9537 1
137.749 117.31 1
142.655 101.58 2
150.803 84.3904 1
120.79 117.011 1
100.895 88.1106 1
66.6259 127.861 2
91.6291 89.5465 2
76.006 73.0861 1
87.2818 87.9843 1
102.75 117.143 1
80.6977 81.8604 1
95.6937 29.7392 1
53.0998 30.3863 1
173.457 157.208 1
170.907 159.281 1
45.8646 133.756 1
78.0771 98.5453 1
31.2125 108.136 2
31.2596 86.8095 2
203.307 139.024 1
50.674 49.022 2
203.255 120.014 1
167.192 112.107 2
198.212 71.6342 1
183.608 83.5183 1
152.997 82.9169 1
120.088 84.8816 1
84.0364 89.3984 1
64.4419 116.431 1
114.572 28.9275 1
15.6717 75.8797 1
196.395 129.516 1
189.949 111.364 2
157.734 109.739 3
133.454 106.881 3
46.9125 138.637 3
32.3615 134.301 1
97.6221 41.6892 1
105.598 35.3623 1
166.135 130.604 2
218.537 99.6344 1
174.598 96.1562 1
50.3425 86.5414 1
195.777 81.3384 1
202.084 71.2208 1
174.482 82.5089 1
166.274 82.0257 1
96.6855 112.652 2
148.265 80.9278 1
73.3872 116.408 2
132.026 78.2761 1
121.319 83.8469 4
95.1778 90.2817 2
95.8062 70.5443 1
61.8434 89.4068 2
36.4644 97.3459 1
154.815 81.6797 1
205.82 156.626 1
189.507 105.073 2
71.2464 46.9397 2
188.958 111.036 3
93.9193 116.856 1
71.6364 119.876 1
64.185 121.583 2
181.649 87.0256 1
67.8075 112.341 1
133.189 92.9397 2
202.344 76.8059 2
36.6648 108.33 1
71.5627 102.958 1
122.757 86.3693 3
61.5764 52.3357 1
87.5372 43.4639 1
228.389 117.039 2
156.428 107.174 1
121.415 82.3769 1
57.5112 92.2948 1
67.7501 86.8997 2
158.06 99.1368 1
55.9926 90.0048 1
97.0881 110.512 5
198.389 82.2545 1
185.671 81.9799 1
177.47 84.1323 1
169.87 81.8445 1
162.044 80.1534 1
154.532 80.0658 1
124.667 89.9527 1
111.069 88.7295 1
98.1151 90.8992 1
90.3343 89.9368 1
82.5338 91.9113 1
28.1481 102.548 1
29.2858 83.5246 1
130.509 95.5519 3
120.03 44.4774 1
53.05 53.1908 1
209.607 102.616 1
67.3302 115.811 3
239.75 140.196 1
235.322 64.0216 1
203.689 88.849 1
211.649 89.4518 1
35.4385 91.3326 1
183.145 98.5133 1
146.14 100.551 1
216.778 100.527 1
88.2994 108.374 2
184.437 116.258 1
50.0983 133.244 1
31.9207 136.96 1
209.114 101.371 1
137.556 97.3081 2
52.0259 51.9897 1
216.985 91.9077 1
114.148 111.598 1
85.8165 117.933 1
35.2687 93.0301 1
132.746 119.343 1
113.617 75.7122 1
191.458 88.2586 1
34.0524 99.3192 1
55.3614 115.769 1
202.877 140.783 1
186.602 143.509 1
172.549 139.982 1
178.209 85.6911 1
89.4277 76.8721 1
118.108 89.6641 1
176.19 146.016 1
110.533 62.4682 1
81.0264 52.6006 1
34.6229 137.283 1
169.649 102.701 1
102.459 74.6395 2
88.2238 76.5532 1
105.627 94.7565 1
111.644 122.091 1
137.855 93.3319 1
196.525 96.7953 1
63.8115 65.5429 1
171.36 141.906 1
73.5539 121.212 2
141.229 119.522 1
70.9225 66.9043 1
144.435 103.698 1
209.867 128.363 1
60.6949 60.3117 1
100.288 116.688 1
204.504 128.808 1
54.6449 91.1434 1
111.287 69.9503 2
208.131 129.106 1
85.9153 121.727 1
107.418 76.1622 1
84.039 83.5093 1
107.189 147.971 1
66.5077 134.363 1
124.052 65.8469 1
122.058 65.8553 1
94.7598 30.9647 1
70.4311 25.9721 1
84.9071 121.974 1
178.821 105.972 1
85.5142 82.4486 2
66.4666 110.715 1
157.304 115.793 1
156.296 121.138 1
145.487 112.331 1
129.922 49.4658 2
103.166 40.7415 1
81.6953 8.7154 1
169.796 135.49 1
165.423 155.739 2
156.955 123.461 3
139.87 97.5637 1
134.346 115.305 1
140.817 151.099 1
90.9615 61.6506 1
77.1892 73.6136 1
57.563 12.2569 1
128.363 157.495 1
131.928 51.1444 1
124.211 67.2925 1
130.316 153.682 1
110.527 64.8436 1
118.683 122.494 1
118.632 127.343 1
135.925 42.0182 1
98.6309 162.296 1
89.4507 164.098 1
59.7157 20.9682 1
177.97 175.516 1
167.238 133.583 1
165.008 153.962 1
153.042 117.936 1
72.6845 78.7729 1
66.4973 6.91585 1
139.269 111.792 1
133.227 50.4848 1
140.924 93.937 1
94.7066 117.552 1
93.0078 15.4992 1
69.728 69.0676 1
70.0838 78.1349 1
189.713 124.855 1
150.871 119.932 1
132.747 35.7946 1
126.503 152.349 1
139.627 35.6603 1
78.4995 17.8414 1
56.9372 23.4469 1
171.905 89.4741 1
67.8066 66.8144 1
122.509 74.6156 1
129.676 120.055 1
106.205 121.941 1
75.0519 68.1801 2
179.988 142.688 1
174.935 151.61 1
199.086 77.8745 1
82.026 130.329 1
118.375 29.7081 1
98.9067 85.3516 1
53.7637 140.679 1
201.114 77.0663 1
98.7965 125.167 1
78.9346 129.115 1
101.624 111.193 2
88.404 88.076 1
211.637 113.21 1
86.933 107.04 1
53.0714 36.0815 1
185.632 138.61 1
101.145 119.396 1
166.297 80.3338 1
200.783 130.992 1
171.612 116.366 1
204.401 76.9 1
74.2807 126.114 1
114.498 104.758 1
126.94 53.8926 2
201.917 131.778 1
170.952 115.444 1
45.8861 136.85 1
30.6487 131.815 2
97.1267 95.0444 1
29.4422 105.585 1
142.435 116.128 1
112.397 93.7777 1
84.0399 98.1893 1
71.1635 85.4596 1
193.558 144.685 1
198.28 130.914 1
231.56 122.078 1
186.967 115.97 1
31.3056 135.513 1
184.817 101.583 1
188.602 88.032 1
71.5363 106.089 2
113.409 92.3891 1
122.334 76.4984 1
130.4 77.2657 1
