4914 8972
440.984 35.9227 3
484.568 65.8653 1
484.606 71.0855 6
484.523 78.8519 1
484.485 83.4837 1
484.22 89.9376 3
459.035 91.9102 2
483.542 98.5598 9
483.852 101.297 2
153.73 105.584 1
483.544 114.528 3
454.899 118.913 7
482.525 123.891 11
482.582 133.751 14
482.229 157.477 15
338.168 173.607 4
335.894 182.194 9
482.709 184.324 6
175.127 191.044 1
482.068 193.675 7
361.573 198.815 5
238.047 221.414 6
183.158 223.006 3
302.63 223.04 2
345.019 223.688 1
262.691 223.868 1
287.979 224.87 1
220.714 235.12 1
478.82 244.103 5
478.425 251.482 4
354.475 252.56 4
395.827 254.446 2
197.998 268.024 9
420.123 274.165 22
474.378 289.52 26
165.564 291.133 11
475.613 294.687 1
209.103 301.551 21
474.108 306.136 7
474.18 312.694 1
386.784 315.05 4
472.425 322.177 11
397.829 330.237 4
471.267 341.339 10
424.234 359.608 1
181.096 362.33 8
470.588 364.439 1
279.504 365.664 2
236.469 366.604 1
175.807 367.507 1
426.692 367.6 10
278.903 374.244 1
433.039 374.527 2
197.236 373.887 9
210.256 378.994 7
433.012 380.575 1
216.384 381.215 10
429.101 381.256 8
222.186 384.105 1
241.542 391.038 2
264.724 399.11 3
269.925 401.576 1
306.44 413.721 7
322.719 419.745 1
344.783 427.144 3
349.253 428.971 1
381.85 439.683 2
394.077 443.884 8
467.35 445.918 3
403.273 447.265 1
411.253 450.034 1
416.71 451.787 1
420.606 452.872 1
467.106 452.759 4
447.912 454.768 2
426.587 454.768 4
433.844 457.628 5
449.177 462.486 6
467.006 464.254 1
457.095 465.425 1
466.287 468.214 4
562.463 3.85451 1
457.425 16.5097 1
425.162 23.3419 2
416.985 25.9861 5
409.68 27.0325 2
399.905 29.5542 3
388.733 31.5635 3
370.574 34.9355 1
429.983 43.0894 3
339.92 42.9352 3
327.476 45.6343 1
316.008 48.8887 5
120.09 52.405 16
296.967 52.3987 2
289.237 54.6595 5
137.412 61.7277 5
231.713 66.7287 5
477.042 66.9156 3
219.903 69.188 8
207.463 72.1265 8
191.468 76.0984 6
180.813 77.4925 3
209.541 77.9664 2
399.707 81.1467 3
212.887 81.5238 2
158.798 84.075 6
410.865 84.387 9
176.101 86.7325 4
191.11 86.6454 4
217.43 87.1182 5
202.136 88.9547 2
184.678 90.7353 5
411.093 91.5524 2
162.843 94.6941 5
378.368 95.5031 1
447.316 95.0541 3
439.541 97.4846 5
389.738 98.594 1
400.3 98.9751 5
468.214 98.2099 2
432.968 100.513 1
157.772 103.742 15
162.51 104.608 2
430.967 105.969 1
467.187 106.456 10
390.226 110.87 3
471.567 112.272 3
450.891 123.429 3
466.696 124.961 2
415.902 128.38 1
369.191 130.878 7
470.278 130.417 1
460.23 130.854 1
359.789 131.919 5
397.125 134.033 1
464.792 134.119 4
156.417 137.233 1
455.481 139.957 11
156.105 144.299 1
340.563 143.591 8
460.499 145.124 1
453.51 149.109 1
460.709 148.677 3
441.56 149.877 4
156.489 149.477 3
332.784 150.506 3
352.102 150.986 2
394.767 154.001 2
426.33 162.071 19
360.128 163.084 9
447.178 162.002 1
374.188 163.144 2
369.342 165.085 2
177.141 166.865 2
351.562 168.263 1
418.396 169.218 2
155.405 170.285 3
336.341 173.242 5
385.201 175.358 7
341.828 177.242 2
156.21 179.166 17
446.468 178.604 2
366.16 181.393 4
452.756 180.497 1
444.001 182.772 2
317.442 186.748 3
467.605 190.578 9
179.522 191.333 1
429.177 191.869 1
473.675 193.458 5
182.65 195.312 1
347.938 196.341 5
176.594 197.836 7
315.395 196.887 10
168.881 197.568 8
336.71 201.174 1
201.671 202.755 1
171.881 205.417 3
329.107 207.244 3
342.037 213.593 8
154.193 213.99 7
257.566 215.355 2
348.314 216.124 9
484.888 216.122 2
418.933 216.738 2
273.43 217.382 3
318.711 217.575 1
332.972 217.783 1
289.706 219.75 12
158.425 219.282 6
244.614 219.492 1
315.07 220.795 3
187.368 223.259 4
286.132 222.877 4
267.139 222.969 1
411.33 223.611 1
175.214 224.963 1
293.066 225.424 2
320.375 226.663 8
305.351 227.589 4
340.828 228.138 2
262.414 228.637 2
278.495 228.916 3
287.635 230.344 1
226.05 232.3 8
383.643 232.637 3
192.504 235.046 7
318.915 236.693 2
222.882 238.467 7
360.985 240.411 10
372.261 240.279 15
154.175 241.574 5
379.493 242.036 10
432.202 244.302 2
160.085 244.718 1
311.393 246.66 1
418.388 248.176 6
482.713 247.61 2
383.947 253.946 11
482.514 253.868 1
317.892 254.778 2
390.814 257.426 12
217.925 257.208 4
356.683 257.841 6
403.008 259.708 8
161.814 260.286 2
362.354 260.637 1
319.291 262.864 1
345.192 263.056 2
153.93 265.005 1
217.957 266.085 1
229.733 265.75 2
354.812 270.536 2
390.685 274.849 12
437.74 275.133 13
350.411 276.771 2
453.325 277.742 2
229.261 279.517 4
340.148 278.995 2
424.313 281.084 1
154.235 281.527 5
200.577 281.66 2
168.55 282.371 1
403.7 289.936 10
154.211 291.403 12
170.638 290.916 4
339.593 296.643 5
441.361 296.909 8
224.221 296.986 3
345.779 299.195 1
177.025 301.019 5
214.042 301.615 3
219.322 308.3 5
274.716 316.744 1
173.714 323.082 7
362.745 327.226 5
231.819 326.857 4
175.583 328.482 1
241.319 332.049 12
207.353 334.121 8
393.485 333.658 1
387.253 336.589 1
187.48 337.909 2
475.809 340.522 1
159.708 341.619 1
424.43 342.055 1
171.514 344.064 1
408.316 345.303 2
467.288 345.273 2
152.941 346.75 1
161.051 349.024 12
208.209 352.367 1
153.918 354.997 4
161.428 356.492 39
260.393 357.258 6
474.575 359.21 2
429.172 360.411 9
163.771 361.639 2
273.282 363.445 8
172.556 364.246 3
181.383 366.239 2
235.927 370.963 9
282.342 371.765 7
202.138 371.68 1
436.654 377.966 2
123.746 379.21 7
473.179 383.072 1
548.822 384.305 1
433.536 384.745 1
252.499 394.002 7
272.462 398.655 2
359.137 409.718 9
368.545 412.194 6
389.606 419.282 2
395.768 421.16 9
407.836 424.64 2
41.4742 425.462 2
369.847 425.781 3
416.809 427.034 5
427.439 431.847 5
385.777 437.445 2
411.142 441.061 6
456.368 441.357 3
399.951 443.012 2
381.888 444.013 5
426.35 450.383 1
450.943 467.225 1
122.904 473.711 1
538.674 474.931 1
483.156 12.8676 1
253.61 63.0351 3
461.412 115.64 4
242.922 212.649 10
304.26 220.47 9
177.218 223.781 1
231.86 251.405 2
184.086 254.275 4
155.558 257.154 9
156.474 264.704 3
321.344 276.151 3
190.495 298.905 3
180.849 321.918 16
196.648 332.105 6
162.105 365.511 1
249.462 367.417 4
439.7 37.0923 1
483.791 70.3436 3
483.72 87.3854 6
457.122 92.2341 9
482.752 135.759 2
354.797 162.02 1
379.058 173.856 4
481.211 185.024 7
482.114 195.262 1
313.445 215.805 2
201.703 216.919 1
478.073 246.56 4
396.084 252.825 10
197.971 267.815 2
421.023 276.158 2
149.195 286.903 1
475.864 291.455 1
333.142 293.277 2
166.299 295.049 4
209.668 301.423 3
474.403 308.678 4
472.679 322.794 1
218.896 322.357 8
379.622 334.192 5
471.03 340.973 5
149.027 351.884 1
469.891 363.045 4
195.916 372.913 3
275.872 373.876 3
211.891 379.038 1
431.429 379.148 12
240.057 389.473 7
367.883 433.719 1
381.541 437.566 11
466.822 448.697 2
421.516 450.43 3
451.135 461.991 1
492.174 22.8652 1
419.066 28.3416 1
376.038 37.2874 1
359.801 41.5701 1
432.761 44.9345 1
297.8 55.1273 3
288.718 56.9235 6
254.894 65.0571 2
234.751 67.7969 1
216.976 72.7959 5
211.335 73.0477 2
193.429 78.3222 5
179.81 84.2465 2
413.245 84.9054 10
159.881 87.1516 2
220.775 88.3089 1
393.347 98.9538 10
441.682 99.4966 1
461.912 98.503 2
159.307 103.126 3
403.715 102.404 2
489.812 108.655 1
379.24 112.03 4
464.842 115.749 7
361.627 133.29 2
401.268 137.615 1
455.12 144.179 4
341.86 144.851 5
159.9 148.526 3
442.808 153.844 2
396.279 157.56 1
330.072 159.71 1
425.134 162.729 6
447.502 164.999 1
158.696 174.787 1
334.573 180.011 5
389.103 175.326 3
347.429 179.556 2
447.718 182.796 3
469.062 190.879 2
336.562 193.038 1
318.133 194.267 1
177.443 200.493 2
348.19 199.61 2
486.799 201.02 2
332.108 208.829 1
156.23 214.388 21
239.829 215.753 11
259.934 218.125 15
351.062 218.528 2
181.079 220.824 8
292.023 219.919 11
190.256 223.505 1
246.626 225.071 1
269.574 227.621 1
294.306 230.552 1
214.507 234.433 6
390.34 235.244 4
193.496 237.238 6
486.497 238.515 2
370.777 241.477 1
224.417 243.184 4
382.781 244.489 2
486.198 250.063 1
157.013 254.734 4
234.061 253.977 1
187.511 255.476 2
385.946 256.595 1
207.421 262.354 5
403.568 261.824 2
170.474 264.513 3
348.919 266.313 3
357.553 274.935 1
391.305 277.219 10
203.362 277.687 1
157.875 283.137 2
231.634 286.365 1
427.166 285.173 1
173.535 289.213 3
482.586 298.518 1
442.318 299.394 3
339.277 300.759 2
180.762 302.478 1
447.609 303.58 1
480.407 316.517 2
156.682 326.995 10
232.954 327.866 4
200.855 334.215 1
245.493 333.798 2
382.118 341.666 2
430.095 346.255 1
210.343 356.912 1
433.735 363.681 5
166.104 368.667 2
253.252 369.483 1
285.145 372.684 1
179.356 374.569 2
241.233 374.52 1
465.564 382.364 9
201.026 382.789 2
258.755 404.668 2
312.609 422.778 1
373.192 443.517 1
383.964 446.781 1
402.139 453.248 1
473.624 457.82 1
452.717 470.626 1
479.926 69.5708 6
436.143 86.1961 1
368.405 188.233 2
338.381 220.013 10
322.82 227.483 3
320.223 246.198 1
428.004 262.922 1
172.147 265.056 2
207.657 297.707 2
191.185 304.46 1
210.826 336.667 1
235.7 344.59 4
412.978 344.387 4
431.545 347.983 1
160.17 353.586 1
272.402 367.402 17
482.461 85.2897 3
481.353 157.259 1
479.978 188.498 1
318.351 214.966 1
306.782 239.675 1
149.202 276.668 2
420.139 277.395 2
470.847 316.759 1
213.647 321.807 2
419.173 351.026 1
292.106 356.109 1
193.965 371.815 4
432.541 377.935 7
231.717 383.238 2
262.555 396.981 12
315.153 411.343 1
406.276 444.744 1
423.628 449.326 1
452.773 459.764 1
477.137 21.3605 1
424.512 32.9997 1
378.902 42.5001 1
295.917 60.953 1
258.999 69.2633 1
207.698 82.0891 1
419.179 87.0868 1
16.438 95.7068 1
163.74 94.356 1
462.717 107.356 1
442.892 110.869 1
408.461 145.289 5
165.451 148.237 1
342.857 149.911 1
425.957 170.367 1
398.284 176.345 6
166.155 182.394 1
333.256 180.811 2
356.37 184.108 1
373.062 193.221 2
494.542 197.543 1
161.925 213.159 1
326.871 232.918 1
249.372 236.931 2
371.194 247.245 5
326.629 254.232 1
161.5 256.797 1
213.998 261.531 1
240.899 263.627 1
434.273 262.721 1
393.535 281.983 1
162.566 291.146 1
236.665 294.464 1
338.783 308.744 2
292.571 317.193 1
162.927 329.143 1
250.527 332.114 1
212.018 342.538 1
388.705 349.943 1
446.308 369.053 1
292.074 376.798 1
205.241 390.44 1
15.6376 400.404 1
273.385 414.883 1
379.405 428.386 1
383.147 452.453 1
480.625 461.392 1
475.096 78.2134 2
382.861 120 1
479.664 191.502 3
304.678 257.895 1
371.528 300.313 1
212.352 321.845 2
143.817 324.085 1
466.087 326.495 1
225.768 375.725 1
303.11 388.541 1
267.51 395.35 2
327.828 410.67 1
429.496 39.3397 1
465.592 85.5758 1
187.996 101.999 1
510.594 111.627 1
31.2979 113.9 1
385.162 128.665 1
417.455 153.045 1
339.394 176.963 1
176.423 193.058 1
387.383 199.934 2
507.646 208.281 1
338.189 253.283 1
446.578 267.694 1
253.022 307.32 1
499.092 337.51 1
174.695 339.474 1
278.04 429.172 1
326.475 328.093 2
477.748 193.003 1
297.949 274.368 2
456.903 346.414 1
289.611 383.964 1
440.428 105.325 1
209.224 120.827 1
533.534 143.41 1
515.228 259.558 1
364.885 271.461 3
202.422 342.015 2
506.665 392.428 1
435.969 152.639 1
483.741 99.9088 1
168.964 199.698 14
366.317 210.665 6
262.591 222.657 4
187.61 231.935 3
166.319 291.609 1
187.534 370.635 8
209.129 377.64 6
432.866 379.248 1
222.106 383 2
128.673 390.301 5
263.854 397.416 7
268.576 400.279 1
365.6 433.815 9
388.21 32.5649 2
371.432 35.7594 1
339.677 43.922 2
119.524 52.9157 2
288.617 54.9612 1
124.576 58.9836 1
263.6 60.2288 1
140.29 67.9847 1
457.536 70.2632 3
158.628 85.7087 5
460.596 96.5266 4
431.605 105.198 1
376.515 111.979 7
460.03 131.993 1
397.461 135.741 1
155.928 149.067 1
446.582 162.997 1
368.723 166.34 2
386.19 167.235 1
418.688 167.952 6
351.675 169.403 2
155.371 171.496 1
162.244 170.499 2
473.896 178.152 1
446.366 180.306 5
375.689 182.221 1
377.941 182.116 1
486.939 188.391 6
334.556 190.498 2
315.114 194.675 2
329.116 195.231 4
178.437 217.057 2
419.696 217.391 2
235.265 221.171 3
176.023 223.334 1
266.998 224.185 1
292.551 226.761 1
305.153 228.237 1
277.947 229.801 1
355.35 238.936 2
311.533 244.467 3
422.729 252.51 2
354.46 260.359 7
344.27 264.858 2
213.155 267.351 2
423.359 282.372 1
479.678 293.555 1
189.454 299.453 9
450.573 302.348 5
374.486 331.226 3
393.159 334.893 2
388.114 337.311 2
381.247 339.172 2
153.006 347.982 1
415.844 364.92 3
432.832 386.09 1
252.982 393.009 1
376.265 421.844 2
398.751 438.394 3
443.431 451.858 4
468.273 69.4866 2
336.041 173.606 1
241.532 213.208 1
155.408 254.932 3
351.488 264.867 3
209.869 312.546 1
211.665 334.059 1
410.368 343.751 3
261.114 359.779 4
267.714 364.67 6
163.734 366.447 3
444.233 155.776 1
383.458 245.594 2
149.297 257.064 1
335.236 280.188 8
218.776 298.905 1
474.178 310.365 1
377.115 332.472 13
469.28 361.957 5
425.434 369.175 3
211.676 377.884 2
223.085 381.576 1
468.411 384.467 5
239.76 387.674 4
309.43 411.076 7
382.267 435.989 3
297.646 57.1644 1
289.801 58.7969 1
254.75 67.0266 2
234.44 69.3171 1
217.324 74.1683 2
195.544 79.2662 1
181.922 85.2301 1
159.777 89.2876 3
462.216 101.75 1
404.529 104.715 2
436.877 108.728 1
464.509 112.872 6
361.882 134.676 2
402.394 140.494 2
454.611 145.024 2
159.199 147.741 1
331.312 158.303 1
446.113 167.625 1
374.483 169.233 7
158.601 177.75 1
335.218 178.749 3
348.003 182.13 3
318.7 192.402 1
336.369 194.694 1
177.203 202.13 1
349.723 200.567 2
240.344 216.817 2
189.732 225.068 3
245.625 228.362 1
320.97 228.941 4
268.232 231.377 1
293.446 233.785 1
193.934 239.18 1
370.858 243.312 2
224.23 245.065 1
234.287 257.01 1
386.066 258.422 1
403.601 263.119 3
347.301 268.656 1
203.313 278.893 1
356.645 278.472 1
390.799 278.569 2
157.73 285.35 2
231.793 287.498 4
425.676 288.802 1
339.246 302.892 3
445.287 303.469 1
382.109 344.328 1
159.208 352.051 9
251.618 369.152 3
285.48 373.752 1
466.163 383.197 2
202.092 384.893 1
259.744 407.621 1
435.064 85.4292 1
424.564 166.825 1
175.945 180.534 5
369.248 192.07 3
429.08 262.429 2
191.854 264.451 4
210.723 338.266 2
236.941 346.734 1
413.612 369.829 1
479.749 190.322 2
306.585 244.864 1
313.036 276.9 1
418.926 279.988 1
147.616 314.012 1
470.854 318.947 1
193.074 369.698 2
219.244 375.639 1
231.219 380.869 2
430.764 376.536 4
468.757 389.791 3
164.015 98.7435 2
497.061 103.803 1
442.477 117.414 1
165.053 151.529 1
407.714 149.859 1
341.625 154.989 1
426.362 172.585 1
333.074 179.508 3
166.393 186.063 1
356.878 185.383 3
375.679 197.007 2
494.172 202.167 2
326.287 244.876 1
372.795 252.841 1
161.325 264.302 1
194.002 263.448 5
436.339 263.964 1
214.678 266.912 1
490.199 266.775 1
162.6 294.409 2
363.007 293.342 1
236.467 297.833 3
340.191 312.79 1
486.308 327.856 1
163.14 331.886 1
390.062 355.088 1
446.633 370.875 2
383.081 124.234 5
328.337 249.444 1
390.409 205.399 1
338.937 258.498 3
488.888 67.5432 2
467.199 195.008 2
326.668 190.346 4
135.833 69.1156 4
333.736 294.415 4
166.264 219.325 3
154.965 216.042 3
171.956 291.144 6
199.316 364.454 5
154.819 331.278 6
483.221 56.0093 2
439.019 35.0166 9
417.72 25.1797 1
430.867 42.2156 2
458.01 68.524 1
417.423 44.4637 1
482.578 115.3 1
461.406 95.3007 1
468.077 105.04 1
481.99 121.653 5
441.153 96.1061 1
372.02 34.6361 1
413.644 83.213 8
481.978 154.926 3
396.452 93.3541 5
401.144 97.3565 3
481.057 182.856 7
316.959 47.9332 1
377.707 109.471 5
400.012 134.344 4
426.951 160.823 7
433.719 185.057 3
298.777 52.8963 3
477.786 243.356 4
380.038 149.709 1
278.583 55.898 1
264.618 59.0499 2
354.33 148.717 4
420.522 215.905 1
343.041 142.052 2
354.713 159.156 3
254.313 62.0025 1
474.565 288.42 4
474.007 305.526 1
359.702 195.071 3
361.252 198.128 2
371.589 213.315 2
463.167 304.586 5
363.526 208.876 6
410.816 265.502 3
208.525 71.1483 1
330.293 205.699 2
192.933 74.7573 6
203.704 88.0146 1
191.852 85.8346 4
321.861 225.152 3
386.553 294.051 3
430.274 359.477 1
378.765 316.698 2
366.895 308.236 1
408.923 357.621 1
153.13 108.223 1
268.657 223.263 1
381.174 338.174 2
429.827 386.342 1
347.775 310.974 3
354.949 319.567 4
332.367 298.321 3
252.71 221.493 2
259.035 227.85 5
325.337 294.815 1
361.476 332.619 1
244.248 220.68 1
466.275 445.168 2
196.793 198.396 5
243.716 253.883 1
156.974 169.861 2
262.993 276.397 1
178.283 193.245 2
201.707 215.243 4
214.074 232.477 10
266.341 283.558 2
188.886 221.551 3
179.339 216.623 1
192.961 234.062 1
378.103 420.711 1
283.561 338.487 12
348.787 405.216 4
331.441 398.522 7
155.272 241.362 1
202.703 301.496 3
204.876 308.6 1
192.211 298.303 3
179.165 298.716 1
208.742 333.254 1
260.876 394.203 1
149.217 296.348 1
203.048 370.175 2
162.357 363.349 2
47.4543 429.734 2
482.291 67.0309 4
485.289 198.682 1
350.85 170.428 1
373.56 250.341 2
467.121 379.77 7
412.706 339.01 2
425.487 367.949 4
259.702 215.726 12
179.575 180.109 4
233.123 250.547 3
231.099 280.747 1
289.561 348.219 5
202.539 280.692 1
216.412 300.835 1
155.613 252.785 11
234.291 337.899 2
250.733 366.776 1
156.615 281.332 3
228.663 357.842 9
197.26 330.733 3
182.657 321.746 3
455.731 92.5159 3
488.544 177.458 1
479.535 196.8 1
468.845 192.194 1
377.179 173.932 4
332.347 184.433 4
381.404 245.985 6
467.567 362.34 2
333.359 283.19 5
178.892 225.043 6
397.624 443.045 2
381.195 437.023 1
368.685 431.172 1
218.47 295.244 1
244.939 335.674 2
256.014 396.038 9
237.739 388.645 2
221.046 381.758 3
192.077 372.11 9
171.402 360.055 5
161.963 357.707 2
480.569 85.1133 1
429.044 46.8368 1
478.333 108.304 3
415.358 47.3007 1
479.835 122.628 4
464.419 111.146 3
478.776 137.321 4
440.195 101.358 1
478.842 154.281 7
336.919 47.0603 1
442.009 154.807 2
402.483 138.557 1
475.392 245.223 2
367.337 157.55 3
421.339 220.978 1
340.333 145.926 1
367.113 185.772 1
432.449 251.327 1
472.471 289.969 5
350.086 177.098 2
232.338 68.946 1
363.415 211.478 2
418.018 275.12 2
448.091 305.481 2
402.424 263.134 1
441.134 300.43 1
332.605 195.612 1
369.009 240.861 7
384.534 257.864 1
334.049 207.821 2
178.653 83.8525 2
356.301 276.157 1
287.999 221.602 12
303.126 233.816 1
413.055 342.819 2
292.704 232.376 1
410.442 366.768 1
381.733 342.848 3
267.109 231.144 2
337.203 302.294 2
353.621 322.138 1
245.875 226.748 1
178.534 182.462 5
195.502 204.396 4
160.184 174.861 2
261.46 281.796 1
212.424 234.712 7
235.356 256.702 1
176.207 203.92 3
147.14 187.154 1
232.202 287.54 1
359.774 413.04 1
194.764 265.633 9
330.39 399.908 2
176.145 263.203 4
207.846 294.697 3
234.888 342.505 5
190.706 302.844 3
253.229 370.512 1
296.865 418.227 2
159.254 283.615 3
207.427 335.86 1
228.764 360.43 1
199.749 333.277 1
254.233 405.745 1
146.039 302.105 1
200.012 384.014 3
146.544 341.22 1
436.433 81.3009 1
476.103 185.008 1
405.455 142.068 5
391.837 174.004 2
350.163 179.246 1
467.989 313.541 2
323.919 227.384 2
443.482 367.831 2
302.469 236.875 1
160.796 147.166 2
160.362 176.194 2
235.896 258.46 2
263.799 295.524 1
269.527 315.117 4
232.265 289.17 1
288.388 350.4 6
177.953 282.129 2
216.171 356.371 1
158.905 327.887 2
492.933 148.11 1
492.615 176.407 1
375.091 174.698 1
483.973 317.977 1
379.345 229.483 1
462.769 348.004 1
413.706 352.139 1
328.592 270.189 3
359.576 301.736 1
259.213 398.742 1
224.286 382.005 1
193.745 373.583 2
163.759 358.553 1
440.926 113.018 1
473.508 161.681 1
492.791 202.83 1
406.281 148.535 1
393.482 182.709 3
375.246 193.736 2
436.974 260.418 1
353.121 186.134 1
413.203 281.358 2
367.499 250.185 2
330.621 229.339 1
444.692 371.653 2
297.828 245.766 1
385.114 354.193 1
334.308 311.331 1
167.599 185.194 1
190.437 211.773 1
240.153 270.342 1
196.876 247.294 3
142.319 205.413 1
166.175 330.732 1
139.282 313.821 1
141.083 352.719 1
168.925 382.429 1
378.939 126.282 2
458.675 315.561 1
240.002 296.394 1
263.716 326.576 1
203.848 325.38 1
463.051 179.47 1
385.209 199.133 2
336.17 254.87 2
170.217 197.96 3
466.531 195.871 1
458.474 465.836 1
432.239 366.979 2
412.723 354.729 3
410.285 449.737 1
365.644 434.288 1
332.534 423.142 1
328.117 189.331 6
248.347 389.883 2
210.557 379.685 1
202.944 89.6808 2
202.527 283.919 5
188.492 223.321 1
189.07 371.22 4
177.098 87.0099 2
161.066 348.983 1
156.987 258.068 3
155.644 215.559 2
156.08 282.714 5
483.567 66.5386 1
482.649 113.424 2
480.481 211.632 3
479.744 227.059 4
473.593 311.692 1
472.041 130.058 1
470.33 354.304 2
469.153 106.644 4
469.47 374.031 1
468.906 379.495 2
468.953 385.353 2
464.322 114.812 6
463.686 150.025 5
461.246 190.561 2
457.534 91.1652 1
455.34 149.447 3
444.221 436.813 2
443.105 297.275 1
442.116 174.609 4
440.658 456.062 1
429.336 431.937 4
427.56 450.743 1
426.192 23.7587 1
418.793 25.4475 1
414.851 337.664 1
410.329 357.854 3
404.195 259.683 5
401.532 438.607 2
401.11 443.323 1
397.128 329.167 1
394.322 129.33 2
389.077 119.606 2
387.49 438.743 2
385.749 113.97 1
385.037 253.417 2
379.821 316.809 2
378.817 421.712 2
368.916 308.198 2
367.468 180.97 1
365.438 209.714 1
362.925 162.967 8
359.495 238.815 1
360.69 409.176 1
360.708 428.939 1
358.559 257.151 1
356.653 158.507 2
352.076 136.382 7
350.528 289.527 2
348.972 196.247 1
344.52 141.919 3
343.106 213.759 2
343.468 221.147 2
340.957 247.116 2
340.819 422.152 1
333.521 398.625 2
324.954 381.163 2
315.026 273.553 2
310.322 194.579 1
309.65 358.424 1
306.582 227.626 1
302.308 408.877 1
295.761 225.566 1
293.338 334.076 3
291.479 348.267 4
277.502 373.484 2
276.17 363.475 4
273.029 229.728 1
263.88 277.063 3
261.501 370.763 1
260.979 215.812 1
259.222 268.635 1
251.444 353.294 1
252.062 366.669 1
249.893 258.969 2
244.994 254.446 1
243.973 211.833 2
237.472 336.625 4
234.694 65.7576 3
235.065 250.144 1
233.787 375.074 2
230.459 356.655 2
227.265 232.463 2
224.92 347.983 1
220.153 320.041 2
219.693 340.66 5
218.182 300.167 1
215.587 313.943 1
214.625 334.554 1
209.764 71.6835 3
209.96 300.277 1
201.27 349.568 5
200.409 364.168 2
198.422 266.052 2
197.69 204.96 4
197.489 341.123 1
193.75 235.762 3
194.337 297.9 3
193.763 75.1295 1
186.494 91.3224 3
185.377 322.276 7
185.517 361.53 1
183.385 274.263 2
182.352 221.784 2
181.972 178.43 1
181.523 367.419 1
178.712 260.879 5
178.496 91.395 1
178.915 168.812 3
178.086 197.806 5
172.571 214.178 6
171.001 223.995 1
159.852 83.5548 6
160.042 219.045 1
158.053 249.802 2
150.878 268.044 2
149.735 284.688 1
149.912 295.079 1
138.743 61.4136 1
125.053 379.307 2
121.397 51.6431 1
88.9519 454.43 1
80.3417 449.057 1
42.5568 425.717 1
33.8283 421.47 1
443.485 151.813 5
414.076 83.8876 4
406.545 181.806 2
391.767 274.476 4
355.767 159.019 1
337.324 174.923 4
334.295 182.444 2
312.727 265.937 3
272.226 223.576 5
241.835 372.335 6
216.109 234.197 7
181.356 179.725 1
432.574 365.36 6
426.896 270.325 1
417.894 450.466 1
377.336 333.936 1
367.81 430.388 1
330.107 292.326 2
317.37 196.955 1
245.407 337.077 1
235.702 388.617 2
212.467 380.353 5
205.937 262.741 1
190.91 372.737 3
172.455 290.019 1
160.468 357.45 2
158.212 151.977 1
155.932 329.483 1
479.488 85.1905 1
479.056 104.009 1
477.199 183.233 1
476.71 213.45 1
476.044 226.678 2
474.144 244.668 3
468.618 309.366 3
468.446 318.563 6
467.333 339.007 6
466.083 358.801 4
463.894 110.664 1
455.758 189.258 1
448.722 304.017 5
443.299 98.7744 1
428.897 375.394 1
428.708 434.829 1
409.103 365.329 1
405.817 103.314 3
390.188 145.607 4
385.928 341.526 1
382.13 256.614 8
375.983 169.623 2
368.213 241.887 2
366.797 158.392 2
364.613 184.18 1
360.971 411.954 1
353.797 199.484 3
353.337 177.227 2
352.76 321.364 8
309.376 185.246 1
304.269 232.958 2
296.195 417.121 1
267.887 229.708 3
265.412 296.055 1
261.085 280.663 1
254.98 370.735 1
247.928 224.672 2
241.86 258.423 3
239.634 215.479 2
234.532 286.68 2
235.107 341.397 1
227.905 359.417 2
209.67 336.5 1
195.912 237.175 2
197.538 440.269 1
192.049 302.069 1
181.086 183.924 9
180.566 238.402 2
179.471 277.958 1
177.287 374.213 1
172.816 173.188 2
160.21 282.669 3
147.813 108.11 1
148.725 161.728 1
145.822 297.444 1
401.589 181.18 1
387.739 130.083 1
380.418 113.558 2
376.312 426.528 3
313.593 213.342 10
289.639 374.882 1
210.446 316.374 3
167.809 174.798 2
426.241 265.211 3
419.203 172.957 3
409.272 351.885 5
356.517 301.423 4
255.272 397.757 1
218.671 381.788 1
157.607 330.629 1
470.997 159.605 1
470.854 186.544 1
469.101 77.2907 1
467.703 245.649 2
457.716 314.424 1
460.642 388.137 1
403.59 269.489 1
395.291 182.19 2
383.157 351.526 2
363.45 247.79 1
332.718 225.384 2
331.013 308.012 2
319.723 401.736 2
306.528 209.774 1
302.162 272.69 1
296.127 244.099 1
283.014 350.241 1
265.309 324.485 1
257.702 300.673 2
216.831 365.244 1
205.321 81.0542 1
206.379 317.903 2
201.275 240.851 1
201.139 341.545 1
192.598 388.334 1
169.655 184.277 2
168.211 326.781 3
168.882 379.145 1
138.665 195.96 1
136.972 341.693 1
376.015 131.574 1
251.733 299.381 1
323.076 182.134 1
153.943 301.45 2
380.384 197 1
313.771 317.579 1
279.796 203.869 1
278.501 263.668 1
246.081 317.673 1
244.964 315.757 1
340.948 262.123 2
418.481 451.855 3
431.05 366.073 1
422.783 368.832 2
328.605 196.562 1
153.514 358.768 2
447.243 453.715 2
390.94 447.197 1
384.122 425.427 1
421.776 375.279 1
424.808 360.884 2
417.147 365.649 1
409.781 356.624 1
404.25 345.997 2
404.41 336.24 2
379.197 333.274 1
403.841 307.327 1
480.147 228.191 1
372.273 335.857 1
386.175 313.524 4
409.165 275.439 1
419.989 248.531 2
467.85 181.488 1
278.155 364.479 3
341.559 298.855 2
482.244 142.696 1
336.695 273.118 1
277.505 331.425 3
235.772 365.177 2
282.831 319.033 4
461.095 131.658 1
206.272 382.114 1
373.105 214.748 2
270.771 309.208 1
379.26 170.631 5
308.098 241.219 1
389.159 156.416 1
334.033 212.315 1
382.95 161.794 1
315.042 229.244 1
192.822 347.665 1
391.157 146.769 1
307.213 229.427 1
322.299 210.538 7
428.098 101.236 1
370.113 157.749 5
286.73 223.604 6
281.916 229.896 2
310.528 192.808 1
285.236 215.213 1
149.352 349.465 1
272.275 225.148 3
154.655 341.813 1
394.767 98.8505 3
361.902 123.434 5
226.415 259.689 1
382.633 99.664 1
372.331 107.941 1
196.439 278.478 1
250.789 211.549 2
166.285 292.719 4
428.012 24.7256 1
217.745 234.785 2
179.581 261.448 1
149.575 283.312 1
404.436 24.23 1
171.252 253.889 1
153.791 270.51 1
157.591 257.546 2
192.76 188.116 1
149.916 211.603 1
162.544 197.582 1
214.075 83.1218 1
204.298 89.3066 1
202.36 68.1812 1
132.626 60.9503 1
121.037 52.8035 1
114.72 53.5215 1
260.543 371.783 5
444.135 152.944 7
464.888 115.875 3
218.159 319.196 3
330.035 197.522 3
313.252 214.615 1
336.128 181.303 1
393.903 440.5 1
364.84 431.139 1
429.843 362.209 2
255.629 394.677 6
486.861 150.194 1
380.625 244.163 1
327.769 289.91 4
487.182 111.027 1
209.655 377.405 1
242.961 334.123 1
334.761 192.327 1
158.56 354.482 3
154.61 327.176 4
170.271 287.612 2
191.856 236.473 2
154.242 254.471 1
154.055 212.253 2
427.704 373.171 1
412.406 366.649 2
298.482 417.59 1
476.076 225.502 4
416.932 272.721 1
419.445 247.016 4
477.71 182.293 1
246.121 400.133 1
455.462 187.41 1
287.78 346.793 1
256.697 370.571 2
225.709 392.28 1
234.29 383.689 1
332.493 268.288 2
479.131 120.47 3
278.915 317.711 1
441.404 152.223 3
337.834 255.836 1
269.245 320.591 3
203.133 383.899 1
402.598 180.277 2
364.356 210.7 1
406.111 166.29 1
309.612 262.239 1
479.923 84.2855 1
357.243 199.975 1
339.745 218.942 2
216.93 339.286 4
198.665 348.138 1
453.063 90.0204 1
262.617 281.267 1
305.478 234.55 1
401.943 124.939 1
314.634 212.574 2
195.197 330.451 1
365.633 157.689 4
389.578 128.794 4
349.943 159.076 2
284.448 222.784 3
125.573 384.703 2
244.929 258.51 2
310.442 179.953 1
360.401 121.166 1
375.56 94.9995 1
320.455 149.993 1
326.721 141.101 1
145.098 321.902 1
194.088 264.407 2
179.186 275.938 3
176.565 261.121 9
195.541 209.032 1
146.562 179.051 1
147.487 142.323 1
197.144 66.0095 1
147.751 92.0512 1
415.811 348.87 2
396.975 344.935 1
331.584 256.189 2
234.146 343.94 3
266.687 299.614 1
356.285 201.64 1
212.621 316.534 3
316.637 167.394 1
364.889 99.776 1
436.5 366.57 2
487.642 178.026 1
487.805 146.095 1
489.189 94.0914 1
360.167 188.722 2
183.171 365.039 1
349.953 181.718 3
228.359 290.425 1
157.214 351.618 4
413.947 86.4921 3
154.17 325.507 7
152.698 251.84 2
156.983 179.907 1
154.019 95.2627 2
460.27 385.052 1
459.562 313.81 1
413.266 349.007 2
390.701 353.86 1
467.143 242.267 3
405.759 268.107 1
470.493 182.619 1
334.825 308.886 3
472.358 155.403 3
281.687 344.352 1
262.895 363.161 1
266.954 319.027 1
199.311 388.453 1
396.56 178.44 1
351.194 204.554 1
170.555 377.653 1
298.359 242.327 1
205.723 315.03 2
420.982 88.7454 1
381.274 127.955 1
305.392 206.757 1
212.748 271.835 1
307.96 156.841 1
352.63 103.066 1
138.977 224.019 1
138.721 186.271 1
136.385 92.8025 1
212.763 366.355 1
482.52 324.222 1
424.011 260.134 4
316.74 255.667 1
155.598 338.448 2
157.567 183.971 1
456.498 173.697 1
378.652 192.276 2
280.596 253.42 1
283.137 200.095 1
262.491 221.237 5
155.534 272.843 2
389.7 437.066 5
358.299 41.2964 1
339.533 45.0421 1
429.936 44.0987 1
119.645 54.0339 5
278.405 57.9535 1
263.701 61.3588 2
124.15 62.1147 1
136.678 64.7759 2
140.247 69.5638 1
179.702 81.9506 4
176.116 83.8426 2
157.858 86.9081 2
394.594 96.1224 3
439.649 99.2835 3
459.216 98.6854 1
400.044 100.46 3
157.269 101.584 1
432.095 106.429 1
465.795 128.225 1
397.264 137.177 2
455.403 140.988 1
156.067 147.382 1
394.341 155.7 1
367.749 168.682 4
351.723 171.149 1
155.304 174.317 1
346.515 177.87 2
473.981 180.043 4
315.464 193.131 1
348.401 197.847 2
171.674 207.146 1
329.167 208.43 1
240.43 214.088 1
341.919 215.317 5
484.634 220.574 1
313.11 223.82 1
187.254 224.905 2
266.234 227.177 1
291.626 229.429 1
261.255 230.816 2
305 230.311 2
340.705 230.331 1
334.502 237.464 2
223.336 241.179 1
154.427 245.068 1
482.935 250.127 1
231.671 253.282 1
382.926 254.915 1
422.76 255.24 1
401.487 259.998 3
204.238 263.232 2
343.143 267.787 1
212.904 268.754 1
217.76 268.955 1
355.425 272.949 1
389.278 276.416 1
350.967 277.86 1
200.871 278.926 3
453.685 280.206 3
161.217 281.279 2
229.174 281.932 2
154.032 283.036 1
422.645 284.796 1
170.67 289.023 1
339.707 298.752 1
169.736 325.558 5
187.766 339.651 1
389.259 338.92 1
153.696 352.076 4
204.614 360.908 2
415.763 366.404 1
257.649 370.246 1
239.96 373.874 1
421.635 378.278 1
432.177 388.169 1
427.775 433.196 1
397.468 440.487 4
458.556 71.7517 1
467.329 70.4912 1
449.951 72.7109 1
366.014 186.883 1
341.926 216.022 2
178.252 219.058 4
423.133 257.774 2
321.321 275.003 1
229.544 283.526 1
189.544 302.324 4
482.727 127.311 1
391.501 133.16 1
377.553 172.838 3
481.108 187.563 4
323.725 211.614 2
306.769 238.673 1
335.025 285.323 1
387.11 309.011 3
217.954 323.217 1
247.146 336.239 1
174.647 361.043 1
211.503 376.799 3
225.996 381.354 1
238.45 387.559 1
468.722 387.367 2
215.512 76.9803 1
184.527 88.5734 3
159.536 94.5772 1
394.514 97.4286 1
437.427 111.919 1
379.655 114.626 1
403.046 144.169 1
454.67 148.118 1
423.452 167.796 2
390.421 175.24 1
159.369 180.774 3
348.628 182.549 2
320.574 188.379 1
369.483 192.516 1
336.204 197.221 2
176.497 205.343 1
282.738 226.721 1
321.323 233.835 1
241.68 237.654 1
292.284 238.898 2
193.041 243.842 2
188.981 257.935 1
386.094 260.632 2
234.205 260.512 1
403.416 264.982 1
345.956 272.388 1
357.447 282.251 1
391.048 281.358 1
157.98 288.424 1
230.981 291.325 1
339.025 305.235 1
192.832 306.91 2
445.188 306.62 2
181.774 324.299 1
355.301 325.947 1
209.856 340.816 1
236.011 345.799 1
413.688 345.718 2
383.179 348.625 2
434.074 361.376 1
414.173 371.794 1
202.917 388.191 1
380.179 116.237 1
321.876 236.684 2
190.416 260.273 2
263.794 294.113 1
195.318 310.641 1
213.248 352.012 1
435.501 362.509 2
384.145 226.762 1
306.654 251.92 1
363.414 298.692 1
147.372 318.43 1
214.887 325.064 2
470.89 323.765 1
193.05 367.536 1
399.105 176.102 1
334.305 176.361 1
427.051 176.597 1
166.241 189.706 2
493.855 208.537 1
327.572 251.925 1
373.679 260.299 1
237.58 299.74 1
341.234 318.333 1
449.518 319.005 1
485.889 337.92 1
382.676 209.047 1
329.746 255.559 1
444.507 269.3 2
487.055 186.045 1
467.618 193.161 2
350.811 138.446 2
342.366 165.799 2
373.199 330.533 1
183.697 194.028 1
365.609 431.792 2
186.006 364.803 1
171.478 359.622 1
416.209 45.1871 2
482.417 99.6212 2
377.148 34.8895 2
481.734 134.361 1
409.428 93.4103 2
395.267 94.5948 2
442.069 151.279 4
485.229 197.663 1
378.587 150.472 3
342.143 142.813 1
361.868 161.233 3
349.409 171.244 1
346.271 197.001 1
330.436 193.297 2
410.082 266.123 6
416.432 271.088 4
470.572 338.025 2
152.254 110.356 1
303.876 228.698 5
290.244 228.424 2
266.594 226.189 1
175.356 169.603 2
252.026 224.05 1
256.946 228.416 1
378.224 317.666 1
242 223.358 1
178.588 178.988 1
338.058 297.945 3
157.183 171.327 2
196.25 201.165 1
324.921 295.931 2
346.916 312.486 1
407.781 358.712 1
353.993 320.31 3
176.84 195.821 1
262.082 277.084 3
465.645 446.686 2
203.243 309.441 1
258.726 357.304 7
155.383 314.228 2
40.6534 426.372 2
409.377 141.497 4
363.649 160.261 2
365.723 183.197 2
348.621 172.856 5
335.342 176.148 3
356.127 198.869 4
158.04 142.495 1
411.338 342.768 5
186.214 189.986 4
157.249 172.391 1
207.626 258.913 2
230.754 283.235 1
289.448 349.966 2
375.147 424.462 4
233.424 340.076 5
490.851 75.5389 1
489.985 104.338 1
488.831 173.993 1
440.514 158.368 2
480.449 313.778 2
384.133 310.187 2
332.618 284.855 2
194.405 270.13 3
173.253 267.5 3
223.383 380.577 2
477.4 70.9058 2
460.799 101.458 1
479.198 123.996 2
438.161 105.577 2
477.197 153.836 5
403.566 105.044 1
381.274 110.511 1
423.624 166.412 1
459.165 212.025 1
337.067 147.74 4
215.93 75.5927 1
419.391 223.781 1
367.35 188.177 1
348.686 179.869 2
190.468 81.3449 2
472.531 291.119 1
368.971 244.042 1
401.353 263.735 4
416.322 277.13 3
383.669 260.08 2
445.521 308.711 1
390.578 279.67 1
302.335 238.504 1
355.486 278.077 1
289.469 236.359 1
384.182 303.71 2
435.085 352.298 1
264.859 234.636 3
238.31 218.757 4
444.523 367.588 1
242.998 230.088 1
187.509 193.481 1
160.309 177.612 1
335.823 304.726 1
352.696 323.324 1
381.418 345.728 1
174.326 205.883 1
235.783 260.274 2
146.443 199.183 1
186.487 229.371 1
192.738 240.796 2
208.845 258.795 1
209.53 315.771 2
159.055 285.172 2
189.708 304.752 1
146.029 276.081 1
196.524 334.913 1
176.742 324.369 1
145.134 305.948 1
159.671 327.022 3
145.841 346.672 1
197.798 386.286 1
474.949 186.177 2
405.72 144.745 1
389.501 176.642 1
431.781 259.223 2
466.822 313.713 1
334.663 223.116 3
326.139 228.931 1
188.893 211.064 2
231.525 293.232 3
267.651 316.66 1
160.572 329.634 1
495.389 105.143 1
383.62 140.194 1
381.925 228.73 1
462.038 348.997 1
329.896 271.548 1
359.924 300.046 3
413.539 351.069 1
187.784 311.427 1
207.793 323.813 1
437.714 121.483 1
404.674 153.454 1
353.698 183.921 1
329.75 233.698 1
368.926 261.556 1
409.177 289.537 6
167.491 188.651 2
329.792 316.983 1
196.702 251.035 1
239.135 294.083 1
261.795 323.436 2
166.082 335.663 1
456.705 318.336 1
366.935 277.913 2
324.734 321.8 1
371.474 330.846 5
321.617 196.804 1
379.86 438.678 2
205.671 264.293 2
481.986 56.4421 1
481.568 101.34 1
464.555 94.2586 2
480.823 194.153 1
422.179 24.3577 2
453.723 118.239 1
444.196 95.8611 3
479.123 211.522 2
478.502 225.937 1
473.981 243.283 9
476.978 251.517 1
443.363 150.179 1
445.735 182.416 1
409.882 92.4676 1
431.762 185.293 1
469.519 338.712 2
401.484 133.009 2
468.757 354.234 2
421.506 216.283 1
469.318 360.252 5
388.255 120.531 3
467.771 374.961 2
412.781 265.952 4
338.76 43.3203 1
464.733 444.954 2
392.466 273.489 2
413.4 338.049 2
358.785 198.703 1
442.38 451.445 2
408.83 359.204 1
415.31 426.887 2
367.916 308.471 1
409.296 440.472 4
400.276 438.642 2
294.077 226.343 1
270.763 223.262 2
218.396 68.7828 2
211.05 70.5341 1
249.138 221.039 5
300.542 409.723 1
236.566 221.85 2
247.635 258.923 2
232.821 280.743 1
190.958 219.99 1
150.783 107.95 1
219.206 320.693 1
196.84 265.48 5
223.151 348.737 1
180.346 222.762 2
160.209 170.592 3
199.211 303.302 1
210.303 333.936 1
176.85 259.348 1
196.964 329.501 1
179.933 312.653 1
148.731 268.919 1
160.607 363.783 3
86.3726 454.662 1
479.11 111.502 7
479.328 182.15 3
405.395 95.1657 1
392.003 129.268 9
405.663 182.458 3
390.062 144.069 2
363.521 161.818 2
379.442 420.738 1
270.067 225.786 1
205.526 88.3082 2
267.607 298.241 2
264.786 292.237 2
188.774 192.309 1
173.922 169.816 1
212.531 314.253 5
180.403 275.816 2
159.028 281.074 5
428.348 269.516 1
330.301 185.459 3
310.365 215.613 1
327.189 273.001 1
379.251 436.869 1
246.462 337.586 1
233.52 387.696 1
219.958 381.645 2
189.972 372.47 2
178.838 364.258 1
156.929 329.647 1
475.936 70.2475 2
476.917 85.3816 1
477.681 104.844 2
477.135 122.942 1
476.268 138.253 1
456.146 100.129 1
475.603 155.409 3
474.86 184.907 1
441.341 100.948 1
411.037 47.361 1
472.273 244.771 4
451.888 198.45 1
470.988 290.525 2
423.375 163.911 3
465.207 310.365 1
465.042 339.154 2
464.415 358.463 1
439.117 301.46 2
463.836 381.538 2
416.133 276.04 1
443.208 365.784 2
330.823 47.9226 1
352.829 180.981 1
361.43 212.237 1
364.931 241.963 1
394.881 355.288 1
290.894 56.7083 1
306.787 188.046 1
377.94 424.35 1
256.832 64.2582 1
334.297 302.611 1
301.077 234.308 1
357.581 413.464 1
324.815 399.292 1
215.638 72.627 2
264.657 231.527 1
287.591 350.546 1
244.533 227.725 1
261.422 295.618 1
239.344 260.126 2
290.851 417.121 1
269.926 365.92 6
235.085 288.75 2
160.337 86.2279 2
252.743 371.734 1
233.627 342.89 2
197.171 237.631 4
145.313 113.446 1
165.638 174.087 1
192.385 266.397 1
207.534 315.161 4
146.156 162.716 1
200.253 335.047 1
188.037 302.909 2
142.836 223.832 1
195.25 383.84 1
395.843 177.542 1
332.044 223.984 9
290.504 372.67 1
164.589 176.269 1
419.993 176.651 2
429.065 263.825 2
375.741 137.586 2
371.376 229.216 1
324.406 263.765 1
311.128 410.742 1
256.039 398.794 1
157.674 297.875 3
162.556 358.678 1
465.226 165.115 1
468.362 189.244 1
406.64 147.34 1
452.148 315.728 1
386.343 188.762 1
408.059 282.245 1
379.577 265.565 1
332.09 226.334 2
373.954 353.594 1
289.365 200.557 2
321.771 310.296 1
288.48 248.371 1
202.89 82.5105 1
291.315 375.486 3
259.159 326.93 1
242.625 297.188 1
198.931 243.297 2
183.195 213.669 2
167.891 186.785 1
335.167 254.627 2
362.923 143.35 1
344.624 266.798 2
309.099 326.575 2
426.385 271.547 2
380.393 243.061 1
331.711 293.759 1
273.363 399.151 2
247.018 389.255 4
177.276 225.994 4
156.789 266.216 2
465.333 452.082 1
445.456 452.867 1
469.71 340.624 1
471.122 320.161 1
427.729 369.973 6
403.101 439.226 1
475.721 201.756 1
444.042 297.964 1
480.979 154.598 2
466.077 181.416 1
415.701 338.896 1
458.688 188.175 1
481.003 112.318 2
380.506 423.131 5
402.442 344.357 1
482.469 69.4899 1
416.059 267.141 1
367.366 411.296 1
358.367 428.166 1
370.045 334.934 1
386.946 254.367 2
379.207 278.192 2
413.531 161.503 1
409.911 168.466 1
405.854 180.042 1
357.384 327.161 1
340.262 299.747 1
383.337 160.592 1
426.765 24.7881 1
357.12 238.659 2
299.504 408 1
345.331 256.968 1
360.43 198.873 1
337.422 264.673 1
275.768 372.444 1
310.886 258.386 1
282.975 320.29 2
320.327 196.091 4
259.927 370.232 1
311.761 183.661 3
308.664 192.882 1
231.47 373.618 2
204.476 381.222 1
250.736 220.24 1
214.438 313.71 1
208.9 298.686 6
178.946 366.164 1
195.662 298.39 1
165.033 362.441 1
165.236 293.646 3
195.789 196.783 2
179.147 247.648 1
125.227 380.553 1
175.659 205.956 1
177.274 169.558 1
176.83 91.843 1
43.2404 426.687 1
391.666 338.209 2
388.666 136.603 1
378.407 169.097 5
306.067 228.998 1
270.848 306.126 4
237.153 251.694 1
183.336 180.663 3
176.15 170.481 1
486.12 202.081 1
397.887 441.534 1
383.367 247.424 3
409.69 86.1184 3
346.959 265.791 2
325.125 269.119 1
339.58 145.13 2
231.664 386.742 1
243.177 335.182 2
161.655 196.123 1
158.337 172.881 1
462.66 356.121 1
464.561 338.182 2
465.03 308.709 1
470.048 288.756 1
471.024 243.822 6
473.879 225.744 3
426.256 372.201 1
475.312 182.686 1
415.174 346.738 3
405.668 364.07 1
450.456 185.769 1
476.462 83.2481 1
390.89 343.377 2
407.575 265.449 1
440.607 153.595 2
380.157 254.913 1
400.449 169.636 1
326.801 397.716 1
365.932 241.66 1
335.154 302.095 1
386.88 128.941 3
361.562 209.547 6
292.531 415.543 1
353.254 200.75 1
312.189 212.764 2
302.104 233.2 1
318.029 148.202 1
264.277 297.732 2
228.147 379.91 1
222.778 356.726 1
216.432 286.594 1
218.257 233.403 2
172.604 371.679 1
192.976 209.452 1
173.214 262.973 1
176.698 237.314 2
215.054 73.5768 1
143.658 142.995 1
404.613 144.239 1
397.756 178.247 3
412.398 89.2479 1
357.042 189.731 1
320.083 256.107 2
293.096 331.307 2
250.413 394.873 1
213.336 378.739 1
459.715 292.347 1
451.976 313.194 1
460.896 241.632 1
465.735 182.65 1
465.374 156.046 1
376.826 349.115 1
391.963 263.591 1
326.076 305.72 1
334.052 227.53 2
336.338 111.454 1
289.545 244.842 1
262.501 326.475 1
295.565 205.348 1
301.849 152.442 1
250.619 298.532 1
201.701 315.214 1
202.515 237.753 3
349.625 258.176 1
307.86 312.217 1
266.565 255.992 1
479.775 295.798 1
281.238 372.091 1
486.273 190.538 2
379.644 244.548 2
153.038 357.366 2
153.59 328.531 1
154.617 187.475 1
382.906 424.752 1
469.704 355.328 1
431.063 374.453 2
471.749 321.429 1
419.052 342.659 1
308.061 413.639 1
385.174 312.61 2
387.132 296.776 1
355.873 320.944 1
275.343 371.142 1
341.54 300.085 1
234.245 363.673 2
459.688 189.156 1
350.238 266.285 4
270.134 318.628 1
238.671 338.237 2
200.304 365.485 1
343.735 256.237 1
269.398 307.555 2
313.272 269.491 1
191.601 346.302 2
128.202 388.93 4
411.959 164.12 1
360.621 196.967 1
178.978 323.476 1
335.996 180.272 1
455.271 91.3734 1
283.556 213.29 1
434.756 91.7581 1
164.036 284.409 1
350.59 135.33 1
178.136 249.618 1
370.296 105.737 1
403.395 77.1209 1
200.201 213.926 1
191.404 186.943 1
161.471 163.356 1
113.328 51.2152 1
429.683 374.315 1
274.215 369.718 1
289.327 346.943 1
248.579 354.733 1
200.092 348.496 2
216.12 318.217 3
306.633 231.763 3
378.546 169.134 1
405.502 125.48 3
149.779 270.648 2
367.823 103.286 1
386.026 87.3095 2
282.967 374.501 1
386.928 275.992 2
202.069 383.274 1
324.693 285.363 2
242.163 333.144 2
487.013 112.107 1
229.817 288.738 3
488.337 95.1244 1
343.6 185.327 1
154.264 210.586 1
155.234 176.841 2
155.936 86.5021 1
464.334 382.982 1
464.358 356.781 1
425.517 370.324 1
466.02 336.771 2
411.281 365.744 1
466.469 315.598 4
417.101 349.746 1
471.173 288.792 2
308.603 407.988 4
259.06 394.244 2
414.507 270.761 2
474.762 224.272 1
340.052 305.564 1
286.029 345.6 1
476.339 182.197 2
226.201 357.836 1
270.184 323.409 1
189.101 367.706 2
196.995 346.331 1
360.169 205.858 1
477.788 118.623 1
338.859 217.701 1
403.321 164.392 1
304.373 236.11 1
462.283 112.169 5
311.804 210.543 1
478.173 81.9126 1
281.892 223.074 1
478.309 73.9118 1
333.545 174.408 6
143.259 314.708 1
449.527 86.6497 1
388.726 127.711 3
345.834 153.826 5
161.401 288.204 1
192.068 261.992 3
316.722 161.087 1
234.673 218.435 2
235.524 217.85 2
196.123 239.664 2
325.288 136.175 1
144.95 267.429 1
177.067 238.861 1
364.126 98.6362 1
192.704 203.337 1
144.956 175.644 1
145.515 138.554 1
194.416 63.7896 1
179.435 67.4692 1
145.519 87.3938 1
289.249 373.903 2
177.114 377.227 1
265.734 298.799 2
485.367 204.594 1
487.866 181.208 1
239.213 327.695 1
174.944 377.545 1
318.671 258.635 1
419.202 166.865 1
155.852 345.849 2
359.557 187.115 1
336.322 147.111 1
156.933 178.235 2
455.854 314.9 1
411.906 347.643 3
391.372 355.179 1
464.181 238.698 1
467.757 178.06 1
366.707 248.96 1
395.177 176.43 1
201.926 311.987 2
296.347 241.78 1
301.294 202.033 3
210.672 267.057 1
132.972 307.943 1
377.966 124.877 1
303.348 148.788 1
136.45 217.315 1
173.874 182.881 5
135.552 179.325 1
317.291 252.954 1
361.26 195.217 1
176.685 361.666 3
187.259 368.487 2
195.674 371.733 2
208.968 376.252 1
307.909 409.764 5
315.209 51.6424 1
297.176 56.2 1
263.788 62.9398 1
206.823 74.0734 1
157.754 89.6506 1
400.512 102.209 1
438.844 102.258 1
459.298 101.756 1
384.65 108.204 1
432.761 107.966 1
465.447 132.066 1
360.146 133.754 1
397.495 138.923 2
403.98 139.167 1
156.217 145.879 3
331.639 154.182 2
393.937 157.881 1
367.946 169.666 2
441.949 169.884 2
378.462 184.479 1
184.329 189.173 4
315.991 191.472 1
322.383 205.862 1
469.42 207.085 1
171.644 208.835 2
186.958 226.677 5
312.655 226.358 1
260.804 232.963 1
340.384 233.18 2
287.511 235.463 1
354.611 241.846 2
371.538 242.134 1
231.643 255.865 3
390.044 258.354 6
401.409 261.011 1
341.819 271.69 1
415.354 271.487 2
351.723 279.148 1
389.202 277.538 1
153.895 285.243 1
225.788 295.289 3
324.602 297.987 5
221.122 305.644 2
163.104 307.905 1
456.582 307.279 1
355.578 322.079 1
153.661 323.987 1
205.934 335.549 1
391.811 342.071 2
408.906 361.768 1
436.994 369.146 5
415.931 368.224 1
421.663 379.559 1
431.57 390.292 1
358.28 411.984 1
466.829 71.3588 1
449.875 74.0589 1
462.362 114.441 1
177.392 178.861 2
335.41 177.159 1
366.294 190.166 3
279.318 226.584 3
229.268 286.089 2
163.63 288.059 5
482.696 129.89 2
324.789 211.644 1
196.9 271.638 6
335.064 282.999 3
247.44 334.765 1
471.814 337.662 1
162.906 354.714 2
175.886 360.72 1
424.183 365.311 2
211.266 373.695 1
429.792 378.989 1
159.527 97.6444 1
490.352 107.709 1
437.818 117.272 2
556.095 121.341 1
342.947 145.423 1
158.972 150.808 1
423.973 169.543 3
158.594 183.017 3
321.561 185.433 1
348.396 184.456 2
187.265 195.79 1
370.6 195.518 1
487.566 204.554 1
339.892 221.475 3
262.171 246.966 1
371.206 249.988 3
190.424 259.19 1
430.399 263.47 1
206.733 268.773 1
403.392 267.213 1
483.702 270.144 1
157.582 292.109 1
230.757 294.197 1
180.578 327.253 1
480.262 325.886 1
356.185 328.861 1
384.375 352.315 1
440.849 370.064 1
415.373 376.492 1
383.148 121.852 1
322.234 245.552 3
268.659 316.57 2
444.923 314.289 1
270.319 264.338 1
181.211 295.165 1
147.079 320.687 1
216.8 324.963 1
493.428 218.038 1
329.138 256.619 2
348.629 213.997 1
405.524 442.76 4
396.685 440.805 2
346.433 421.688 1
220.807 379.407 4
173.191 359.016 1
210.057 375.807 1
178.549 362.148 1
482.333 83.1117 1
460.649 97.8251 1
465.358 110.048 4
406.176 100.88 1
481.434 159.68 1
230.174 68.3135 3
218.832 71.5482 1
471.842 196.31 1
363.322 159.089 2
420.253 218.696 1
345.274 197.998 2
151.993 113.434 1
340.277 215.421 3
312.462 207.798 1
158.06 143.552 1
315.318 222.562 2
473.257 307.623 1
175.014 171.683 1
303.622 231.971 1
288.258 231.505 2
179.407 181.38 1
157.146 173.987 1
185.546 188.708 2
353.279 274.183 1
195.971 203.353 2
239.664 226.73 1
213.709 231.007 2
337.831 299.73 3
232.8 253.017 1
242.073 256.948 1
346.619 313.728 2
217.158 258.723 2
207.121 257.34 1
148.327 301.119 1
273.379 365.135 1
348.077 407.589 1
148.313 342.177 1
40.4955 428.035 1
435.406 81.4912 1
486.112 196.591 1
312.994 208.839 1
471.708 312.122 2
385.638 302.444 6
441.025 366.418 2
229.608 287.689 2
269.661 313.552 2
156.813 282.881 1
218.749 355.042 1
490.498 102.704 1
478.183 110.449 1
489.505 139.595 1
489.219 167.565 1
440.352 159.744 2
379.939 227.024 2
468.068 341.989 2
173.075 269.654 1
176.24 285.437 2
188.799 308.438 1
209.511 320.478 1
212.305 372.026 1
225.647 377.945 1
161.534 353.963 1
172 358.751 2
187.112 365.688 3
437.752 110.963 1
477.217 148.09 1
404.573 146.698 1
488.927 196.305 2
385.464 180.215 1
461.247 216.722 1
159.596 93.3805 2
328.568 202.271 2
432.225 257.25 1
470.953 296.176 1
369.408 249.397 1
402.652 265.882 1
382.24 262.258 1
415.531 281.789 1
160.082 180.81 1
186.966 196.863 1
285.322 243.685 1
146.341 210.973 1
436.495 355.907 1
191.363 245.381 1
235.298 268.137 1
352.554 326.203 1
259.464 293.791 2
229.848 292.338 3
159.417 289.512 2
288.562 355.448 1
288.871 356.728 1
144.715 314.663 1
193.887 340.66 1
145.482 356.401 1
392.205 100.412 1
324.705 233.633 1
186.25 211.471 1
266.058 320.437 2
388.497 224.062 1
261.43 258.415 1
381.139 321.654 1
209.743 322.923 1
355.199 185.302 1
441.88 253.939 2
329.267 243.551 1
366.556 273.781 1
167.579 193.636 4
196.546 256.044 1
237.478 297.302 2
488.167 185.667 1
408.664 253.529 2
333.396 280.281 1
420.885 448.852 3
415.931 446.01 1
248.288 337.354 3
222.43 330.539 1
219.765 380.169 1
480.399 67.2645 2
480.246 102.192 3
427.675 44.2454 1
415.034 45.5674 1
465.277 107.535 5
480.499 135.15 2
401.165 80.3094 1
403.446 96.442 2
479.468 195.23 2
412.309 113.7 5
394.041 95.1756 1
457.198 199.271 1
458.351 202.018 1
386.797 122.2 1
429.032 186.343 1
431.128 245.771 1
471.575 307.443 1
421.466 245.652 1
255.229 62.4345 2
439.886 297.719 2
469.135 337.511 1
354.951 198.575 1
362.13 209.445 1
331.338 192.74 1
371.696 251.115 1
333.218 203.948 1
339.463 215.237 1
311.365 204.037 1
412.871 340.039 1
303.83 230.755 1
406.21 360.827 1
336.532 298.723 1
428.962 436.371 1
243.674 223.536 1
172.622 170.423 1
367.202 413.638 1
187.535 191.03 1
221.583 239.681 1
211.71 233.718 1
175.053 201.637 2
330.472 398.519 1
193.818 234.604 2
219.721 351.844 1
476.058 183.777 1
408.157 142.873 3
352.596 262.301 1
243.061 225.336 1
160.295 172.798 1
206.004 292.286 2
177.887 278.14 5
218.274 353.445 1
373.949 172.152 2
430.27 265.823 1
378.062 228.434 2
329.299 187.75 6
409.243 346.761 3
389.789 332.298 2
357.605 299.286 2
328.662 271.856 1
178.474 224.128 1
157.515 214.722 1
311.616 409.056 2
181.698 364.076 1
192.009 371.692 2
472.449 72.8556 1
476.281 109.344 1
475.505 124.681 1
473.73 156.464 1
473.068 185.775 3
402.689 105.931 1
406.637 144.163 2
385.528 131.666 2
452.888 211.375 1
399.442 186.193 1
405.081 197.046 1
417.448 225.191 2
468.156 295.442 1
432.267 254.031 2
463.153 314.227 1
346.457 185.166 3
463.527 340.349 1
363.999 244.439 1
380.481 261.348 2
370.909 258.964 1
462.939 383.692 1
213.513 76.521 1
303.038 201.599 1
377.526 346.931 1
161.026 88.555 2
332.227 305.96 1
236.973 219.71 1
239.502 232.654 2
237.876 263.188 1
164.782 177.726 1
187.985 211.503 1
256.762 296.901 1
144.059 169.886 1
195.166 240.096 1
291.31 366.643 2
207.339 315.805 2
192.583 337.945 1
166.141 327.108 1
139.365 308.824 1
190.638 387.479 1
141.425 349.478 1
432.757 256.055 1
330.419 226.188 4
235.317 292.407 1
290.537 365.617 1
406.68 243.351 1
379.874 225.953 1
325.695 188.822 1
200.799 372.097 1
460.622 163.949 1
466.301 192.177 1
410.457 145.384 2
417.869 233.308 1
382.42 192.952 2
446.995 319.77 1
394.828 301.867 1
329.549 232.151 2
366.695 276.245 3
317.174 320.14 1
167.274 190.607 1
254.259 327.421 2
442.833 324.744 1
189.805 257.331 1
269.72 269.751 1
429.347 270.979 3
381.846 333.732 2
319.46 196.999 1
281.831 228.895 2
158.707 213.923 3
174.791 290.682 1
182.429 362.081 1
158.064 264.683 1
160.893 341.357 4
480.345 56.4977 1
477.889 211.354 2
475.79 251.741 2
470.924 305.999 1
469.606 318.768 1
451.827 302.883 1
402.726 132.986 1
423.048 216.388 1
435.488 274.637 1
387.79 124.184 1
383.194 159.238 1
366.474 160.331 1
407.768 360.052 1
363.414 180.576 1
399.699 349.805 1
374.948 251.039 2
384.078 337.573 2
393.931 420.912 2
381.457 420.978 3
362.059 410.493 3
285.557 337.847 1
215.927 69.4633 3
207.552 87.4512 2
236.092 251.694 1
190.854 192.883 1
162.7 82.017 6
221.204 349.786 1
209.208 334.275 1
407.371 103.123 1
399.459 168.225 1
352.895 198.37 2
353.7 261.419 1
243.322 259.527 3
219.483 350.748 1
166.309 171.425 3
426.273 38.411 1
409.62 345.66 1
398.599 443.276 1
158.501 312.105 1
471.195 71.4156 1
473.082 85.8838 1
475.225 102.927 1
474.413 124.409 1
472.151 138.869 1
472.359 156.83 1
444.52 101.253 1
470.273 244.665 2
468.55 289.516 1
460.493 309.818 2
461.599 339.207 1
461.476 356.061 1
461.454 381.683 4
415.286 276.986 2
406.658 291.234 2
379.399 257.916 1
353.464 182.88 1
346.192 201.833 3
364.635 287.164 1
379.5 343.086 1
378.763 424.959 2
313.612 154.411 1
331.189 302.852 1
302.224 188.579 1
354.657 413.932 2
298.499 234.636 1
259.633 231.56 1
294.319 370.942 1
248.506 215.564 1
256.626 295.735 2
239.869 261.269 1
190.557 210.604 2
216.381 359.466 1
166.696 174.298 1
197.978 335.85 1
138.268 98.404 1
191.278 383.56 1
141.636 225.311 1
263.002 322.734 1
253.006 296.372 1
204.046 238.201 2
171.413 186.682 2
426.987 262.608 1
370.54 227.357 1
363.984 306.971 1
322.678 187.047 2
342.449 288.447 1
170.899 219.197 2
166.509 357.197 1
381.125 189.815 1
337.391 110.655 1
341.745 252.121 3
358.926 353.211 1
302.503 154.502 1
312.122 310.439 1
278.35 197.997 1
278.579 249.453 1
287.468 380.936 2
196.863 83.5917 2
238.335 299.072 1
447.42 462.363 1
430.041 456.646 1
376.739 438.444 1
330.576 293.283 1
283.373 371.147 1
236.613 389.356 2
238.024 372.14 1
158.497 348.172 1
158.827 340.986 1
158.621 170.252 1
463.105 451.58 1
461.635 443.535 1
466.926 361.303 1
466.148 353.158 1
467.583 340.098 2
469.706 305.971 1
479.767 121.327 1
410.928 425.436 1
404.353 439.548 1
480.163 81.2451 1
454.375 186.06 1
397.021 342.174 1
379.285 423.871 4
364.95 410.797 4
356.608 427.688 1
436.546 34.5905 1
377.061 277.499 1
365.501 333.715 1
424.691 25.6188 1
386.944 136.443 3
401.121 24.122 1
340.424 256.885 1
353.308 174.657 2
352.904 158.445 3
296.981 407.208 1
327.818 141.689 1
273.867 372.056 1
280 319.348 1
259.138 395.302 3
255.933 368.763 1
257.479 356.696 1
229.426 373.41 2
235.33 337.511 1
240.712 253.464 1
218.178 339.753 4
222.496 233.262 4
205.649 296.492 1
391.826 339.478 1
430.352 33.2647 1
401.492 167.968 1
400.192 177.16 2
422.662 26.5012 2
289.099 372.37 2
220.846 233.421 2
182.118 183.076 1
171.124 171.621 2
369.327 428.765 1
370.25 331.316 1
383.885 247.947 1
351.793 181.6 1
241.282 333.926 1
220.228 382.815 2
458.597 353.987 2
459.28 337.249 1
466.244 287.686 1
459.288 307.552 1
471.913 182.941 1
472.135 70.6821 1
445.107 185.01 1
399.635 262.377 3
382.96 342.697 1
397.466 179.054 1
363.975 277.804 1
385.225 127.526 3
323.08 397.694 1
379.202 134.391 5
371.179 169.909 1
380.401 83.0991 1
350.371 202.78 1
330.037 300.783 1
335.598 221.574 2
294.205 375.91 4
330.706 180.344 2
306.962 212.026 1
298.248 233.632 1
312.76 147.715 1
261.611 362.41 1
267.342 322.196 1
258.688 296.306 1
223.466 379.091 1
220.244 357.64 1
197.027 382.776 1
204.802 337.224 1
204.872 236.267 3
168.053 371.13 1
139.323 218.045 1
169.651 181.968 1
294.21 330.593 1
200.456 375.144 1
164.467 359.772 1
168.316 259.112 1
153.153 292.344 1
444.021 312.744 1
451.349 239.271 1
371.207 256.875 1
355.583 341.962 1
382.957 187.706 1
311.56 300.861 2
290.461 377.968 1
281.673 203.398 1
276.724 245.069 2
256.424 328.327 1
243.613 300.735 1
348.34 252.226 2
364.635 328.681 2
254.419 395.078 3
328.509 291.9 1
352.102 232.129 1
417.934 28.0602 1
154.347 359.361 2
202.12 276.949 1
155.72 292.82 1
156.71 267.496 1
467.529 354.791 1
469.638 320.208 1
380.092 425.255 4
412.906 361.434 1
417.57 341.889 3
400.769 343.395 1
477.287 227.343 1
477.743 209.923 1
419.528 272.676 2
326.567 384.975 1
353.87 319.019 1
456.687 187.804 1
479.976 154.875 1
387.689 255.716 1
341.675 302.446 3
342.157 256.118 3
369.413 213.195 1
481.636 70.1285 1
232.752 375.366 1
453.782 91.2565 1
230.628 363.102 1
359.634 196.29 1
207.909 384.178 1
400.682 76.9162 1
248.653 258.805 1
384.984 85.4849 1
379.179 91.9576 1
280.77 212.277 1
206.413 297.931 3
186.59 323.205 1
125.794 382.882 1
162.669 284.219 3
198.563 212.334 1
194.319 195.967 1
187.76 185.104 4
178.836 199.693 1
180.103 175.881 1
182.558 71.5159 1
406.671 165.069 1
216 316.392 6
320.173 165.3 1
489.038 194.779 1
368.084 328.855 3
284.975 375.871 1
422.132 162.143 1
240.806 376.997 2
322.646 265.261 2
402.724 142.699 2
320.896 253.188 2
239.318 332.748 2
156.049 325.076 1
158.313 188.854 1
194.783 81.9795 2
461.112 335.292 1
422.441 366.799 1
461.237 312.362 2
467.66 286.937 3
396.774 350.869 1
469.019 243.348 1
471.429 223.67 1
409.01 266.984 4
473.472 181.095 2
474.05 151.945 1
339.04 307.163 1
371.743 248.587 1
264.781 363.529 2
279.309 336.335 2
398.857 178.973 2
474.509 79.621 4
400.546 163.949 2
328.892 251.404 1
357.269 205.621 1
238.515 346.261 1
207.566 387.547 1
372.619 168.676 1
264.902 300.536 1
301.224 237.14 2
212.33 338.652 1
179.977 376.338 1
308.199 208.296 1
355.45 102.595 1
318.906 135.686 1
140.861 136.266 1
139.877 85.2653 1
223.182 377.797 4
176.358 181.865 4
290.669 328.152 1
359.112 190.164 2
328.018 223.223 1
236.523 328.734 1
339.144 152.891 1
447.812 312.539 1
406.994 343.971 1
451.362 231.916 1
460.938 176.6 1
374.38 252.886 1
319.203 297.841 1
286.945 245.092 1
200.105 312.671 1
289.022 199.064 1
346.038 240.726 1
409.802 349.808 2
487.298 192.614 2
155.903 247.595 7
375.153 408.417 1
345.834 423.286 2
334.214 417.876 1
418.566 369.272 1
422.084 349.713 1
285.292 401.851 1
453.01 294.3 1
275.183 369.245 2
262.056 373.21 1
385.483 311.646 3
250.109 368.986 1
387.808 297.753 2
235.145 363.223 1
342.764 301.765 1
333.666 290.933 1
127.74 386.743 1
479.27 210.081 1
350.994 267.726 1
343.238 254.416 1
383.634 223.634 1
266.142 281.638 1
364.809 230.172 1
468.987 172.396 2
373.53 215.836 1
166.141 313.178 1
335.633 225.408 1
343.707 219.341 3
308.167 235.701 1
225.184 273.47 1
314.729 215.113 1
296.001 220.289 1
225.892 246.237 1
368.799 174.716 1
283.313 211.331 1
151.477 269.694 1
351.766 160.909 1
158.408 251.885 2
329.351 168.1 1
199.767 211.954 1
362.515 122.184 1
173.362 213.267 1
395.912 100.008 1
470.725 55.6771 1
461.431 57.9946 1
151.738 140.048 1
201.214 67.4732 1
174.561 74.3135 1
138.535 64.039 1
121.244 56.1519 1
428.595 372.394 3
321.279 412.885 2
383.908 258.962 3
470.375 194.655 1
331.812 200.869 1
411.555 145.992 1
351.076 160.14 1
323.762 153.568 1
368.149 100.501 1
441.831 59.4354 1
429.16 64.8091 1
431.083 362.37 2
244.42 400.883 1
204.044 385.14 1
214.118 337.02 4
322.573 279.463 2
320.393 258.094 1
154.754 323.228 2
487.825 147.133 1
332.125 219.69 1
420.776 167.018 1
363.332 188.491 2
345.899 182.691 1
488.12 112.149 2
154.419 250.029 1
197.021 82.1452 2
156.703 92.7448 1
464.637 384.068 1
464.081 353.21 1
423.339 363.302 3
412.991 367.845 1
445.767 278.066 1
231.088 377.912 1
287.004 347.511 1
212.335 370.986 1
359.997 289.965 1
237.318 344.603 2
188.706 364.793 1
247.954 333.504 1
267.566 293.995 1
378.613 234.796 1
476.614 181.234 1
201.116 313.384 1
356.819 223.326 1
305.335 239.063 1
360.416 203.488 1
219.26 270.483 1
143.56 308.292 1
310.275 207.851 1
192.043 260.341 2
478.25 117.306 1
439.896 122.793 1
145.178 262.605 1
386.968 127.207 2
317.097 153.538 1
189.145 193.981 1
326.73 124.295 1
364.536 96.2257 1
147.019 157.608 1
441.515 268.949 1
341.9 311.028 2
426.435 168.653 2
385.215 126.354 1
486.081 212.172 1
232.879 308.747 1
489.279 184.085 1
319.082 254.304 1
154.868 283.631 2
371.601 202.564 2
210.729 262.257 1
132.814 282.395 1
299.243 194.519 1
483.057 128.316 1
381.574 167.786 1
375.869 171.569 1
336.773 178.486 1
482.585 187.486 1
364.884 227.669 3
474.128 313.85 1
472.122 339.056 2
187.075 367.268 2
208.758 374.693 1
196.232 80.8115 1
205.579 79.6354 1
157.676 93.7651 1
384.954 109.455 1
433.547 110.506 1
460.773 109.395 1
393.755 160.368 1
426.255 165.134 2
441.582 171.657 2
486.512 174.464 1
316.779 189.173 1
484.875 202.026 1
171.707 210.572 1
470.021 211.186 1
178.259 220.232 1
336.28 219.747 1
312.534 231.794 2
319.89 231.032 1
260.448 237.356 1
191.501 240.23 2
287.3 239.904 1
354.317 244.71 5
371.401 244.803 2
185.382 256.701 1
231.018 260.793 1
383.208 257.453 3
390.345 260.258 3
401.415 262.321 1
414.163 273.366 4
389.374 279.774 1
354.303 280.546 2
153.808 288.373 2
163.447 287.505 1
324.724 298.692 2
338.408 301.351 1
153.657 322.674 2
355.991 323.773 1
206.348 339.024 1
373.473 345.248 1
382.214 346.817 1
392.458 347.082 1
429.957 358.45 1
416.167 371.121 1
430.783 393.995 1
369.141 126.515 1
360.614 135.775 1
170.005 188.101 1
261.793 286.974 1
206.739 340.906 1
447.656 366.729 2
149.796 274.986 1
449.668 278.575 1
148.995 316.319 2
472.319 328.03 1
414.758 350.15 1
175.513 357.372 1
190.929 365.396 1
422.865 361.634 1
343.778 148.367 1
564.336 147.073 1
333.951 171.503 3
424.982 173.16 1
392.612 177.444 1
158.641 185.723 1
347.955 188.521 2
185.948 198.848 1
322.147 248.846 2
371.797 254.73 1
403.393 271.447 2
483.996 272.404 1
415.905 279.301 2
231.563 295.364 1
338.905 313.568 1
356.73 334.513 1
323.149 252.498 4
444.231 319.265 2
378.418 171.172 1
342.106 163.14 1
342.029 286.546 2
170.679 357.466 1
209.911 374.073 2
336.611 416.378 1
347.228 419.528 2
461.157 100.473 1
435.192 105.98 1
387.102 103.254 1
228.692 70.2764 1
480.717 162.195 1
204.913 77.3135 1
197.624 80.2113 1
187.103 83.8704 1
341.304 139.832 1
420.12 165.87 4
158.328 88.6956 2
366.203 155.591 1
486.299 194.158 1
385.705 172.185 1
467.093 207.262 1
347.847 177.815 1
333.593 177.463 1
317.689 184.331 1
328.445 197.878 1
157.412 145.387 1
156.601 177.138 1
355.549 242.841 1
381.882 257.372 1
280.435 225.414 2
415.775 274.471 1
418.555 276.664 4
286.12 236.726 1
173.574 203.581 2
239.215 230.314 1
479.439 308.798 2
353.136 276.822 1
447.335 307.711 2
190.493 240.025 1
205.988 259.921 1
337.883 303.209 2
214.571 264.79 2
345.618 314.664 1
411.88 340.278 1
432.778 351.362 1
406.759 363.017 1
467.953 381.389 1
148.056 306.715 1
191.189 331.244 1
148.231 348.642 1
429.553 258.529 1
227.463 292.919 2
441.149 368.023 1
156.27 285.124 1
489.73 158.649 1
448.696 275.049 3
259.816 252.637 3
334.706 277.302 3
195.567 273.128 2
176.042 287.673 1
211.205 320.271 1
162.387 346.998 1
173.431 355.888 1
187.795 361.857 3
212.749 370.028 1
477.219 150.273 1
355.774 178.501 3
462.168 225.068 1
418.224 228.943 3
159.906 183.686 1
324.293 238.039 1
367.405 256.721 2
185.13 207.011 1
235.889 224.499 1
413.184 285.614 2
211.227 237.89 1
442.889 314.124 1
191.286 249.661 1
330.311 313.218 2
351.908 332.808 1
265.865 318.56 1
159.282 297.709 1
455.166 248.662 1
325.634 243.378 1
166.916 195.62 1
366.371 262.331 1
263.635 258.048 1
329.421 261.924 1
376.91 171.246 1
170.533 196.917 2
223.504 328.768 1
332.667 413.828 2
309.613 408.015 1
169.001 355.085 2
173.25 357.8 1
437.205 101.31 1
412.475 110.685 1
399.616 136.629 1
262.541 62.7696 1
459.643 207.074 1
376.733 151.84 1
406.09 183.466 1
355.391 147.06 1
218.122 73.2079 1
206.056 74.7372 1
191.489 78.4022 1
342.685 199.703 1
330.448 206.982 1
471.122 310.227 1
159.804 85.0451 2
314.043 205.386 1
468.662 357.316 1
286.341 233.406 1
240.179 225.804 1
336.738 300.49 1
174.911 200.219 1
210.384 253.336 2
148.231 228.615 1
207.335 288.669 1
474.408 183.677 1
408.061 141.36 1
424.174 165.098 1
174.639 186.527 1
383.089 137.969 1
381.872 224.574 1
359.727 297.977 1
411.387 346.124 1
260.776 253.155 1
157.797 259.868 2
187.666 307.77 1
207.717 319.044 2
158.805 331.476 2
186.258 359.343 1
476.44 111.924 3
404.083 147.686 1
450.717 221.045 1
368.033 192.849 1
411.178 287.131 1
234.993 223.441 1
164.792 180.246 1
171.061 191.351 2
185.186 214.145 2
142.182 217.929 1
253.331 298.991 1
262.627 320.172 1
142.05 240.403 1
167.738 332.354 1
436.012 253.041 1
329.041 230.356 2
383.962 222.203 1
375.564 173.811 1
330.954 187.331 2
387.571 331.746 4
320.844 249.316 3
159.027 342.887 1
477.789 68.1964 1
459.113 97.5856 1
476.994 197.141 3
402.556 135.248 1
385.426 122.698 1
473.593 242.542 1
367.604 147.031 1
418.304 219.025 1
429.198 247.464 1
445.93 305.717 1
417.425 276.559 1
351.858 201.079 2
341.359 200.084 1
370.15 252.962 1
309.377 205.015 3
352.385 260.902 1
402.785 363.169 1
380.008 340.924 1
334.458 299.965 2
268.151 236.601 1
241.99 225.776 1
374.882 423.099 2
175.439 182.865 3
209.169 234.891 1
271.159 364.801 1
175.125 323.307 1
408.081 107.083 2
346.981 183.248 1
330.749 222.919 2
305.362 200.806 1
162.739 174.869 1
232.786 290.408 1
371.992 170.78 2
376.73 312.732 2
348.044 286.597 1
219.686 378.502 1
164.993 356.727 2
432.699 109.062 1
469.112 159.326 1
470.617 188.53 2
407.152 145.906 2
358.137 166.731 3
457.169 315.911 1
459.486 341.861 1
341.327 190.074 2
407.144 287.839 1
459.584 386.002 1
297.131 202.616 1
369.378 350.973 1
383.68 362.276 1
324.501 309.982 1
229.971 225.433 1
164.052 178.585 1
170.786 189.823 1
184.361 215.51 2
237.189 290.948 1
135.243 354.898 1
403.542 291.291 1
331.135 225.234 2
336.413 256.961 2
320.766 313.394 1
378.232 224.247 2
323.931 189.7 2
389.787 304.887 1
283.546 202.108 1
228.188 301.971 1
445.144 456.548 1
438.502 453.724 1
432.739 452.199 1
384.675 332.837 5
369.628 430.752 1
166.322 198.367 1
159.163 329.465 1
477.451 57.1017 2
478.203 134.999 1
435.195 35.802 2
477.64 195.469 2
442.507 96.9047 1
412.56 45.7172 1
474.191 252.244 3
440.23 183.627 1
408.107 94.8057 1
408.583 103.028 1
468.131 306.783 1
467.366 318.104 2
465.892 375.672 1
333.148 44.5451 1
365.306 160.782 2
355.134 179.441 2
366.997 239.673 1
291.316 53.3543 1
321.364 152.084 1
333.904 183.452 2
338.597 216.02 1
262.381 59.7734 1
335.461 298.805 2
328.246 398.873 1
322.887 393.832 1
246.606 223.792 1
259.055 277.7 1
271.199 363.547 2
198.731 234.318 2
222.753 358.133 4
204.963 334.33 2
389.873 131.052 5
385.727 124.408 1
333.474 219.843 6
296.289 379.426 1
237.027 286.502 1
427.084 257.419 1
374.263 114.369 1
373.797 227.737 1
327.722 264.568 2
218.29 378.978 1
199.902 370.312 2
465.572 73.3825 1
467.299 86.3451 1
470.944 103.405 2
470.175 125.888 1
467.45 139.469 2
467.264 158.894 1
469.788 187.21 1
383.594 130.974 1
457.293 340.031 1
459.261 383.274 1
389.02 183.943 1
412.126 279.999 1
350.002 186.684 2
342.323 205.214 1
383.33 359.181 1
334.554 221.981 3
372.344 345.493 1
308.962 156.508 1
322.071 304.983 1
251.75 234.262 1
240.219 218.101 1
292.614 373.037 3
246.154 296.456 1
186.301 213.081 2
189.866 266.471 2
338.178 250.308 2
363.455 141.479 1
375.226 224.292 1
326.019 185.663 1
372.498 191.895 1
339.492 255.653 2
293.374 158.583 1
349.265 357.98 1
490.478 188.346 1
327.687 269.537 2
323.379 256.124 1
234.584 387.839 1
215.126 380.721 1
159.042 179.118 1
477.739 80.2232 1
477.823 87.7813 1
478.068 98.8558 1
477.799 111.931 1
474.873 211.046 1
466.509 305.341 1
466.557 318.853 1
466.137 338.849 1
459.603 443.175 2
460.082 452.034 1
458.227 458.58 1
449.954 184.322 1
434.049 34.7555 1
421.703 25.6448 1
409.402 425.411 2
407.581 101.623 1
406.04 439.995 1
399.983 259.116 2
395.748 350.109 1
388.09 143.687 1
387.713 420.343 2
385.422 136.164 1
379.63 253.285 2
377.271 443.083 1
372.555 277.563 1
364.877 239.748 4
361.186 333.847 1
318.214 152.347 1
309.758 183.38 1
291.928 371.284 1
269.902 363.516 1
264.62 228.387 1
262.765 293.027 1
255.608 356.848 7
238.42 253.497 2
224.498 357.705 1
217.077 70.2933 1
210.284 313.463 1
195.135 379.314 1
179.055 238.451 1
174.266 261.129 1
95.7444 461.044 1
83.9436 454.814 1
372.905 91.7732 2
336.425 222.156 1
429.747 268.267 1
421.852 178.273 1
404.061 141.183 1
373.446 115.196 1
367.261 225.827 1
360.221 303.392 1
324.436 258.894 1
295.119 328.546 1
253.537 396.064 1
161.891 151.569 1
157.88 296.226 1
465.488 72.2713 1
468.987 124.564 1
465.55 141.21 1
461.627 240.883 2
462.832 287.863 1
454.291 307.817 1
453.593 337.298 1
454.13 353.816 1
391.949 182.076 1
382.139 129.424 1
371.693 341.943 1
365.588 92.2443 1
353.409 413.36 1
334.779 122.825 1
321.489 300.775 1
299.542 211.113 1
291.525 235.534 1
280.953 350.663 1
248.044 294.991 2
214.419 360.375 1
205.211 316.083 2
183.065 212.53 2
182.014 381.167 1
172.24 185.601 1
336.434 283.239 1
318.566 182.875 1
258.556 396.574 2
374.861 189.468 2
330.76 101.703 1
428.726 455.955 1
395.789 444.836 3
368.242 435.401 2
374.006 332.285 2
308.741 414.95 1
324.479 256.73 1
344.16 189.552 1
286.08 371.911 1
276.13 400.035 1
239.459 372.25 1
159.144 105.011 1
461.851 451.023 1
466 360.453 1
463.841 352.159 1
467.446 306.025 1
475.346 209.67 1
421.394 359.038 1
452.688 185.363 2
399.94 351.724 1
479.037 80.9647 1
418.505 272.828 1
394.05 340.836 1
355.365 426.956 1
406.303 261.322 1
373.658 275.742 1
403.699 168.217 1
353.861 325.467 1
340.875 221.075 3
370.2 95.45 1
360.66 106.341 1
273.223 370.904 1
260.607 396.126 1
254.447 367.994 1
266.604 296.48 1
242.776 254.62 1
213.937 316.328 4
194.755 299.968 1
194.766 68.1568 1
193.782 302.426 2
171.227 173.343 1
428.139 268.231 1
368.886 329.894 2
358.539 186.357 2
454.14 350.228 1
453.142 333.698 1
463.779 286.509 1
455.438 306.755 1
469.05 180.954 1
380.276 419.224 1
466.634 78.2443 1
376.798 341.457 1
394.305 260.305 1
398.672 180.459 1
375.642 134.816 2
365.148 167.612 1
349.954 206.487 1
297.59 376.789 1
375.197 77.9531 1
299.126 209.215 1
252.511 357.719 1
308.31 146.385 1
253.722 295.303 1
241.259 261.521 1
205.615 313.84 2
173.824 181.56 1
329.347 274.638 1
307.527 299.032 1
265.186 404.136 1
326.64 268.875 1
352.474 231.141 2
329.8 223.759 3
345.866 188.528 1
188.364 270.419 1
157.568 268.205 1
161.95 193.019 2
398.724 342.104 1
414.931 268.184 1
478.038 181.074 1
324.905 383.446 1
350.535 315.29 1
375.707 276.284 1
388.403 248.637 1
293.93 373.047 1
340.771 303.034 1
289.404 353.18 1
258.443 371.342 3
404.667 162.725 3
280.24 334.963 2
236.255 386.97 1
340.748 219.695 1
456.213 55.2096 1
228.019 361.4 1
337.595 172.177 3
216.963 338.599 1
198.786 345.631 2
357.973 119.572 1
375.635 90.0024 1
125.305 381.786 1
207.84 236.418 1
179.45 69.8937 1
412.046 266.697 1
452.016 52.9522 1
185.808 376.188 1
180.066 178.117 1
434.74 365.724 1
365.998 327 1
421.078 172.643 1
233.388 395.279 1
209.658 386.791 1
319.122 228.079 1
237.179 330.986 1
157.188 323.776 1
452.997 347.687 1
454.295 330.342 1
456.686 310.116 1
464.816 285.999 1
391.547 349.67 1
464.175 240.48 3
469.691 178.391 1
404.251 264.164 1
470.19 149.397 1
333.506 303.351 2
252.688 391.64 1
398.067 162.568 2
274.261 331.256 1
246.96 366.626 2
260.341 298.784 1
301.663 204.1 1
207.193 336.878 1
206.274 312.729 1
312.125 131.342 1
209.634 282.649 1
139.845 223.319 1
349.966 157.531 2
324.133 267.048 1
276.397 243.693 1
275.123 194.775 1
362.152 246.407 2
430.112 363.2 1
283.205 375.878 1
487.784 194.145 1
350.819 228.853 2
194.213 330.634 1
332.236 221.563 3
345.899 186.071 1
414.577 363.547 1
332.749 416.758 1
451.313 292.475 1
284.418 400.649 1
431.971 288.8 1
417.72 271.209 2
237.098 384.992 1
343.934 305.049 3
287.036 343.654 1
391.705 248.214 1
231.636 360.503 2
328.512 288.475 1
194.098 370.044 1
270.699 292.627 1
266.13 301.776 1
366.421 209.14 1
341.587 217.981 1
451.547 88.8329 1
403.488 123.589 1
336.964 171.317 1
423.97 101.039 1
391.019 125.668 2
321.136 156.44 1
197.705 240.09 2
146.348 277.345 1
357.841 115.669 1
179.408 239.859 2
366.324 99.258 1
196.947 208.201 1
191.839 189.384 1
165.589 191.86 1
170.741 72.0796 1
241.572 347.938 1
356.489 226.956 1
403.868 161.995 1
389.859 124.551 1
182.814 377.471 1
321.058 261.393 1
335.021 216.973 1
157.218 347.593 2
434.152 115.428 1
155.357 321.407 1
153.55 248.381 2
157.232 182.065 1
455.126 344.391 1
417.538 355.762 1
405.634 359.577 1
467.164 286.68 1
468.001 240.858 1
437.309 265.347 1
407.068 264.584 1
343.321 311.044 1
471.994 176.88 1
372.83 248.76 2
230.885 337.86 2
375.636 232.874 1
473.176 149.098 1
182.433 360.203 2
436.459 144.169 1
370.077 161.368 1
308.299 148.541 1
167.982 233.544 1
493.6 221.57 1
318.259 256.426 1
332.98 221.661 1
155.397 289.704 1
263.863 361.761 1
372.374 241.425 1
349.523 223.917 2
155.026 211.246 2
374.561 406.125 1
419.907 373.872 1
284.325 399.088 1
239.031 385.28 2
376.458 330.209 1
451.235 289.65 1
196.302 370.362 1
434.812 286.554 1
362.85 295.804 4
174.718 359.516 1
326.711 285.081 1
395.304 250.305 1
380.592 240.281 1
342.349 253.233 1
164.567 310.578 1
178.136 304.284 1
198.434 292.254 1
383.202 221.017 1
225.005 272.301 1
352.454 225.196 1
308.185 237.261 1
364.472 206.625 3
225.83 248.703 1
281.685 227.697 1
178.615 256.246 1
150.69 265.141 1
427.803 168.73 1
183.439 240.786 1
149.373 243.444 1
188.133 227.62 1
313.063 174.734 1
198.126 206.003 1
326.482 160.031 1
403.315 124.618 1
168.163 195.474 1
337.353 126.967 1
152.286 86.254 1
137.843 65.2521 1
287.401 377.356 2
360.203 292.143 4
215.781 319.65 1
348.097 154.183 2
324.457 154.783 1
358.385 107.909 1
484.849 208.628 2
487.728 182.277 1
363.74 187.392 1
465.675 318.229 1
247.592 326.32 1
473.035 239.84 1
199.573 310.835 1
143.48 295.533 1
305.016 236.963 1
218.804 266.756 1
143.475 294.285 1
476.147 177.377 2
144.556 257.718 1
174.734 232.481 1
345.928 149.591 2
316.574 145.222 1
146.628 147.953 1
373.253 202.773 1
486.034 221.386 1
318.57 244.58 1
391.126 135.853 1
348.065 158.18 1
482.933 160.487 1
224.798 274.414 1
387.027 306.922 2
165.836 355.089 4
195.151 369.223 2
208.59 370.965 1
268.693 395.487 1
487.274 108.058 1
460.995 112.935 2
376.728 116.196 1
369.12 124.204 1
393.298 165.377 1
426.377 166.629 2
441.308 173.731 1
184.731 191.91 3
367.131 192.031 1
195.352 202.062 1
484.767 205.789 1
470.843 216.346 1
313.065 237.953 2
260.135 243.718 1
190.188 250.775 1
203.089 272.117 1
480.854 271.865 1
463.119 308.927 1
477.271 323.963 1
179.974 324.597 1
356.654 325.89 1
411.441 341.274 1
392.214 351.261 2
430.592 355.784 1
416.386 374.667 1
385.348 117.356 1
369.877 125.731 1
168.875 188.327 1
320.037 242.527 1
192.648 304.214 1
262.434 260.879 1
543.575 264.225 1
449.518 277.047 1
386.96 318.075 1
216.511 322.36 1
486.843 222.383 1
193.885 260.363 1
371.023 265.035 1
487.329 160.499 1
324.033 265.079 1
197.227 270.492 1
471.755 335.184 1
210.264 296.518 2
165.704 351.821 1
225.34 373.085 1
375.874 114.641 2
454.379 146.518 1
411.573 141.282 1
342.467 137.623 1
334.114 148.351 1
440.838 172.394 2
467.446 212.396 1
318.315 181.739 2
279.809 224.61 1
320.663 231.925 2
371.852 245.867 1
186.522 227.881 2
259.619 241.726 1
354.38 278.237 1
189.376 244.914 2
441.621 304.404 1
231.224 266.767 1
329.545 304.515 1
354.88 322.943 1
226.761 366.16 1
148.443 353.619 1
385.454 110.462 1
356.257 176.184 1
171.651 187.722 1
320.769 235.18 1
441.387 307.403 1
228.1 289.18 1
157.393 287.211 3
287.051 356.188 1
476.638 188.499 1
260.663 255.142 1
335.716 275.779 2
275.107 272.854 1
175.461 267.212 1
383.883 318.106 1
176.523 292.24 1
184.293 207.871 2
327.044 246.734 1
365.126 267.662 1
192.454 250.247 1
455.507 254.481 1
328.315 250.532 1
489.625 97.3711 1
342.375 285.368 1
316.79 403.449 1
310.019 402.966 1
171.88 353.571 2
202.598 365.135 1
436.496 106.021 1
479.355 140.486 1
410.769 139.662 1
461.548 211.598 1
326.617 199.908 1
370.021 245.821 1
356.635 243.216 1
388.932 260.422 1
417.419 278.897 1
447.123 309.806 1
237.821 217.536 1
469.544 331.984 1
185.446 229.406 2
148.951 234.75 1
208.091 286.264 1
183.678 294.465 1
178.402 324.689 1
338.283 144.143 1
358.838 168.666 1
468.497 334.902 1
183.983 210.003 1
383.831 158.039 1
389.155 221.106 1
473.353 184.286 1
354.868 177.907 1
419.162 227.849 2
329.378 234.903 1
338.585 259.766 2
363.357 265.483 1
169.26 193.55 1
192.182 246.331 1
199.733 252.989 1
140.189 236.89 1
233.165 288.62 1
141.944 251.503 1
439.192 252.46 2
377.321 169.948 1
358.373 296.331 1
311.401 406.793 1
223.241 376.41 1
201.564 367.708 2
415.663 82.0927 1
443.933 110.312 2
477.696 139.886 1
404.096 107.169 1
389.467 132.039 1
336.811 148.8 1
470.487 292.532 2
324.972 200.172 1
397.781 261.829 2
415.584 280.488 1
386.3 261.769 1
437.32 300.776 1
311.625 206.352 1
380.119 259.839 1
464.329 380.32 3
278.744 241.265 1
173.273 184.491 1
185.773 192.106 1
351.16 324.163 1
211.275 232.561 1
213.225 250.662 1
192.468 238.505 1
145.968 231.803 1
205.849 289.883 1
398.033 203.169 1
327.852 231.48 1
231.624 290.44 1
385.44 220.705 2
467.911 161.657 1
392.067 211.703 1
416.092 227.874 2
435.95 244.047 1
360.903 267.969 2
400.181 298.683 1
370.105 279.497 2
230.79 227.916 1
192.208 248.005 1
234.127 292.611 1
134.861 248.435 1
184.278 260.668 2
492.036 181.595 1
392.11 329.387 1
285.957 225.395 1
333.776 413.362 1
313.36 406.529 1
200.302 368.339 1
183.42 360.556 1
166.954 354.104 1
449.655 103.973 1
409.666 106.313 1
401.894 99.4439 2
390.585 131.589 2
473.826 249.152 2
365.673 148.419 1
417.679 219.959 1
428.077 248.475 1
466.52 311.172 1
338.852 187.927 2
336.633 203.282 1
367.174 241.894 1
222.265 73.3756 1
370.144 254.792 1
209.242 73.3577 3
306.885 199.29 1
190.48 78.1154 1
378.191 342.844 1
333.28 301.049 1
176.518 188.245 2
196.151 234.822 1
192.678 334.08 1
377.138 164.276 2
402.958 198.248 1
342.427 186.741 1
143.347 244.068 1
487.874 292.156 1
326.71 188.57 1
220.79 377.397 1
463.407 160.61 1
411.358 142.579 2
356.994 168.847 1
392.871 210.021 2
333.847 195.39 1
455.173 343.057 1
397.106 296.397 1
319.195 314.777 1
181.688 219.008 1
195.519 242.16 1
270.358 260.697 1
254.35 392.548 3
164.339 355.291 1
473.915 69.4781 1
474.711 84.4282 1
476.162 94.8593 1
475.993 196.923 1
472.337 253.179 1
379.352 161.292 1
343.993 199.994 1
351.28 239.366 1
260.32 61.26 1
377.789 340.642 1
331.787 300.313 1
212.795 71.1048 1
144.194 238.507 1
375.942 227.226 2
322.65 190.162 2
167.94 352.625 2
465.552 190 1
447.699 319.001 1
386.124 193.765 1
311.901 153.005 1
340.185 250.192 2
373.422 364.597 1
360.179 352.667 1
314.275 310.264 1
284.307 379.475 1
182.178 216.934 1
442.562 322.293 1
388.981 297.755 1
362.173 274.677 1
430.309 38.1891 1
372.547 430.41 1
163.64 340.792 2
472.595 57.4307 1
474.184 87.0509 1
475.957 98.2178 1
474.213 136.099 1
473.192 252.603 1
439.2 184.281 1
462.879 319.183 1
385.988 144.37 1
408.257 289.096 1
378.845 338.597 2
317.03 152.529 1
359.474 336.739 2
379.983 422.16 2
332.081 299.308 1
263.544 228.498 1
255.941 215.078 1
168.604 169.998 1
209.279 236.126 2
171.513 324.697 2
371.587 225.436 1
329.492 260.516 1
160.568 298.197 1
167.912 357.085 1
381.587 130.821 1
381.382 184.208 2
350.74 103.274 1
344.876 245.926 4
311.453 146.763 1
359.493 346.673 1
281.751 192.855 1
381.578 297.943 1
363.351 273.813 1
433.011 270.913 1
382.445 107.308 1
372.551 431.718 1
215.487 70.5673 1
475.04 59.3682 1
474.483 88.4679 1
460.74 350.739 3
457.296 442.883 1
445.956 184.279 1
431.284 33.9972 1
396.903 258.713 1
382.958 113.756 1
383.367 136.087 2
373.523 442.488 1
357.473 333.512 1
352.786 125.166 1
349.367 114.698 1
346.221 135.241 1
338.268 223.007 1
296.178 370.493 2
267.786 363.193 1
258.865 292.839 1
254.302 214.367 1
192.002 299.917 1
191.329 378.669 1
255.473 293.127 2
372.78 116.005 1
378.092 331.745 1
370.171 132.315 1
370.331 224.305 1
362.393 303.801 1
203.28 374.795 1
178.142 268.697 1
169.908 214.93 2
169.977 255.78 1
166.149 349.705 1
168.532 359.133 2
159.149 295.35 1
386.026 184.197 1
375.975 258.891 1
357.363 92.9871 1
358.009 340.964 1
323.43 124.669 1
288.73 209.961 1
202.018 236.718 2
347.939 256.709 2
350.642 341.722 1
430.498 270.241 1
369.796 436.076 1
388.975 99.8438 1
166.019 358.211 2
213.251 73.3016 2
462.53 338.282 2
469.633 287.461 2
462.792 317.721 1
469.544 241.833 2
472.536 224.233 1
400.035 422.294 1
448.994 184.808 1
385.059 339.593 1
350.739 425.808 1
369.06 275.432 1
327.976 397.801 1
382.47 135.022 1
359.097 209.24 1
292.037 405.437 1
295.385 373.586 1
309.77 201.48 1
265.804 361.698 2
226.742 373.476 1
242.137 255.838 1
196.13 378.974 1
411.971 139.87 1
297.248 383.437 1
244.866 392.948 2
204.416 376.832 1
164.389 323.042 1
171.54 256.457 1
156.346 294.278 1
437.066 376.729 1
454.293 239.282 1
311.86 294.702 1
293.962 377.413 1
284.946 207.835 1
212.622 357.608 1
202.373 313.604 2
201.595 234.706 2
423.724 174.324 2
386.714 249.746 1
159.605 268.527 1
464.002 316.948 1
463.207 307.085 1
419.704 358.052 1
471.304 234.216 1
405.096 362.301 1
472.523 207.834 1
406.539 262.37 2
348.078 315.398 1
252.569 368.08 1
265.265 297.392 1
227.054 372.169 1
223.565 360.508 2
245.235 256.939 1
264.004 360.378 1
211.439 315.303 1
174.788 177.646 1
485.505 355.837 1
362.638 190.283 1
324.159 249.976 1
169.373 360.407 2
175.952 256.032 1
447.111 329.282 1
443.287 341.99 1
434.657 375.313 1
459.191 284.826 1
450.41 306.649 1
456.854 238.469 1
364.16 335.956 1
387.266 256.95 1
377.774 190.112 1
322.12 297.437 1
352.84 160.644 1
263.409 325.439 1
247.072 354.401 1
284.212 243.12 1
288.866 204.309 1
220.286 356.042 1
187.589 327.85 1
172.076 180.502 1
436.579 370.822 1
430.755 285.296 1
286.245 376.892 1
385.746 248.087 1
210.549 385.906 1
237.896 331.716 3
416.927 87.0525 3
159.976 270.979 2
197.609 84.5375 1
159.664 106.645 1
464.275 314.998 1
419.121 344.491 1
404.003 353.84 1
413.254 267.567 4
344.868 309.157 1
293.375 372.174 1
289.775 354.558 1
279.319 334.37 1
234.634 385.776 1
225.967 360.545 1
379.35 158.429 1
190.676 370.07 1
251.543 262.394 1
171.898 246.109 1
378.673 251.004 1
144.137 225.932 1
481.59 359.44 1
361.932 189.503 1
333.586 224.57 1
159.636 324.639 1
446.398 341.106 1
448.941 326.548 1
453.331 309.319 1
462.396 284.996 1
410.03 341.672 1
453.876 231.542 1
467.273 148.886 1
272.753 331.197 1
245.289 350.25 1
306.144 125.733 1
284.746 377.138 2
324.32 279.455 1
421.423 170.858 2
323.639 251.017 1
158.566 269 1
157.974 211.504 1
463.997 355.339 1
346.478 308.587 2
235.57 383.124 1
386.573 243.058 1
212.585 375.127 1
402.548 178.432 2
197.317 342.951 1
400.64 119.119 2
336.242 169.289 2
389.321 122.384 1
381.276 237.909 1
220.618 346.302 1
268.348 303.192 1
182.811 184.681 2
236.656 326.209 1
334.469 218.359 1
158.88 344.338 2
183.654 304.019 1
456.094 311.173 1
464.32 284.744 1
457.356 232.514 1
369.531 195.874 2
211.29 264.361 1
138.99 210.159 1
452.637 228.318 1
175.171 300.627 2
369.953 133.515 1
159.275 182.229 1
467.295 386.251 1
467.469 357.319 1
419.388 372.101 2
468.612 336.063 1
449.523 284.616 1
274.068 368.326 1
236.687 382.25 1
432.592 277.789 1
412.594 272.193 1
381.05 255.828 1
198.644 346.712 2
378.878 236.586 2
270.544 290.604 1
479.691 183.991 1
204.306 317.395 1
381.546 218.543 1
362.389 226.47 1
480.938 115.086 1
198.239 242.383 1
149.717 263.4 1
357.27 107.993 1
447.4 280.562 1
378.359 252.84 1
440.896 124.918 2
349.103 155.492 1
343.544 309.524 1
487.524 214.522 1
321.268 257.165 1
187.78 266.205 1
437.726 262.958 1
194.786 305.85 1
374.927 205.997 1
303.415 198.328 1
373.146 245.857 1
155.073 286.122 1
156.133 249.877 2
365.203 193.212 2
397.953 332.706 1
375.717 328.094 1
195.57 367.388 1
475.24 293.342 1
449.776 282.559 1
344.923 292.819 1
408.724 250.318 1
225.102 270.143 1
308.169 239.482 1
351.941 222.833 1
150.398 261.866 1
188.02 228.821 1
427.91 171.25 2
381.727 164.327 1
326.711 149.235 1
338.248 122.582 2
151.92 156.298 1
431.785 274.454 3
379.754 206.531 3
467.801 117.849 1
340.381 307.228 1
263.751 302.65 1
158.297 273.286 1
395.64 170.424 1
443.402 262.894 1
328.372 261.197 1
220.834 256.455 1
143.562 272.952 1
221.312 254.85 1
390.492 138.125 1
196.621 274.416 1
449.004 276.07 1
355.289 292.376 1
475.439 299.329 1
149.748 313.438 1
386.891 311.744 1
472.951 326.237 1
160.301 346.202 1
194.514 364.809 1
345.304 143.887 1
333.6 167.016 1
155.14 181.836 2
387.169 177.634 1
184.391 195.263 1
484.62 212.207 1
336.574 232.25 1
190.933 254.396 1
390.691 252.674 1
401.247 266.617 2
413.98 275.473 1
480.824 277.089 1
463.532 312.248 1
153.686 319.551 1
357.143 331.108 1
476.49 337.476 1
391.339 140.339 1
258.638 249.803 1
472.322 329.594 1
173.586 348.694 1
188.826 356.73 2
170.435 187.191 1
549.338 256.236 2
183.394 198.393 1
170.753 215.744 2
401.95 267.486 1
189.906 246.668 1
473.799 298.608 1
478.764 311.11 1
334.973 165.826 1
381.367 191.837 1
417.741 226.79 2
364.028 262.786 1
198.602 258.174 1
264.624 253.033 1
271.952 259.48 1
357.79 294.433 1
155.393 328.032 1
478.832 141.564 1
339.231 143.365 1
357.034 172.719 1
347.286 180.985 1
462.962 219.277 1
183.435 196.625 1
471.623 298.389 1
146.894 219.645 1
191.073 241.792 1
147.3 245.391 1
209.865 279.971 1
357.036 174.537 2
364.446 259.839 3
182.804 202.77 1
375.872 271.436 2
470.424 303.431 1
177.496 253.343 1
199.188 256.636 1
166.945 347.005 1
172.57 351.175 1
477.696 128.268 1
476.814 145.931 1
474.861 177.58 1
324.463 203.772 1
467.953 299.004 1
468.16 316.96 1
435.003 306.933 1
147.223 238.976 1
232.141 284.146 1
335.243 149.353 1
356.137 173.792 1
446.318 237.72 1
466.167 302.858 1
307.887 225.254 1
170.314 193.845 4
389.524 219.816 1
260.222 251 1
380.615 165.807 1
396.416 325.158 1
171.179 351.29 1
186.911 355.863 2
441.779 114.524 1
475.09 145.322 1
405.637 129.424 1
404.035 143.331 1
450.803 217.23 1
322.715 203.346 1
393.129 264.631 2
366.918 253.795 1
413.213 284.077 1
144.399 235.333 1
463.799 303.337 1
331.28 228.077 1
408.211 238.095 1
358.087 270.714 2
379.918 165.025 2
351.353 280.309 1
395.343 326.012 1
162.792 207.916 1
178.451 352.348 1
476.641 106.803 1
446.247 215.985 1
328.529 210.987 1
308.603 207.155 1
329.186 305.887 1
175.418 189.345 3
142.762 246.354 1
432.52 226.959 2
343.521 258.1 2
377.36 206.77 1
373.486 167.51 1
390.785 329.945 1
348.847 284.514 1
365.626 304.146 3
164.83 344.8 1
443.108 108.144 1
415.534 112.026 1
473.976 199.028 1
409.091 143.606 2
461.091 298.606 1
340.663 187.672 1
396.164 264.246 1
408.276 277.084 1
409.02 284.61 1
274.254 241.753 1
232.819 224.141 1
174.14 190.553 1
141.186 244.617 1
447.694 293.298 1
402.032 291.005 2
403.79 237.536 1
379.492 220.871 1
392.539 299.628 1
319.062 206.433 1
285.356 198.952 1
378.574 312.299 2
389.498 330.973 1
470.987 85.2774 1
472.919 96.4442 1
473.104 198.42 1
409.181 76.8483 1
459.237 299.161 1
410.388 285.222 1
395.117 265.755 1
341.652 202.344 1
336.192 217.693 2
370.707 344.427 1
324.841 303.748 1
397.774 202.027 1
360.448 269.384 2
337.924 246.656 2
369.16 142.773 1
387.78 209.31 2
374.759 202.418 1
367.525 304.391 2
399.188 440.105 1
356.211 421.506 1
469.311 136.654 1
381.319 126.026 1
397.638 265.383 1
388.15 261.051 1
372.481 340.987 1
324.369 301.565 1
179.095 78.1717 1
360.898 103.534 1
326.299 186.701 1
269.115 391.739 1
371.823 185.596 2
330.363 118.719 1
343.341 249.562 2
351.59 351.786 1
378.271 313.644 1
358.445 292.483 1
315.174 409.26 1
166.057 348.527 1
167.075 355.987 1
467.093 58.9427 1
468.2 88.4423 1
472.161 124.234 1
468.176 138.126 1
412.621 146.643 1
381.198 145.007 1
373.432 339.097 1
324.476 299.967 1
249.73 215.437 1
235.638 254.113 1
210.708 235.444 1
453.138 235.287 1
452.948 352.585 1
389.235 180.314 1
326.198 139.873 1
321.625 186.687 1
265.636 394.14 1
340.742 102.369 1
346.063 345.861 2
297.745 146.403 1
407.36 139.758 1
371.49 431.854 1
469.069 71.0003 1
467.826 78.9513 1
467.392 89.2635 1
457.77 237.431 1
458.409 304.866 1
392.31 258.676 1
380.514 27.277 1
384.855 422.464 1
373.676 337.998 1
336.341 223.413 1
304.908 212.156 1
441.613 351.432 1
373.272 28.2371 1
319.928 298.535 1
343.542 93.3513 1
307.289 125.225 1
271.685 207.845 1
269.873 350.233 1
434.198 270.82 1
370.349 426.692 1
366.147 302.861 1
451.86 440.674 1
459.242 304.007 2
473.969 112.026 1
469.486 141.957 1
367.188 439.821 1
392.567 257.178 1
375.274 337.323 1
326.424 296.895 1
302.351 384.505 1
303.676 199.757 1
201.763 336.151 1
186.725 376.669 1
205.702 238.724 2
177.983 322.841 1
405.498 68.1513 1
336.085 274.106 1
334.077 331.758 2
431.876 269.847 1
372.063 436.692 1
415.648 87.6596 1
167.633 358.243 1
457.862 336.676 1
467.116 222.854 1
462.317 230.356 2
404.478 423.465 1
471.708 126.388 1
396.087 258.029 1
419.438 142.474 1
362.032 239.969 1
355.511 207.482 1
327.201 296.184 1
300.057 375.624 1
257.113 294.003 1
223.754 371.286 1
347.579 294.985 1
305.969 291.224 1
284.853 378.577 1
287.803 373.898 1
165.706 186.8 1
455.718 347.474 1
457.612 335.107 1
459.68 306.277 1
419.657 347.385 1
466.011 241.464 1
468.454 222.956 1
467.517 197.486 1
384.013 342.196 1
396.495 191.258 1
328.621 296.567 1
357.949 206.846 1
367.423 164.075 1
245.157 365.147 1
259.774 295.637 1
223.057 369.84 1
208.95 313.49 1
201.773 332.522 1
274.13 240.084 1
275.87 199.291 1
432.568 285.392 1
214.162 387.021 1
189.091 307.418 1
458.137 333.5 1
397.271 349.535 1
468.826 198.687 1
476.05 118.2 1
358.755 205.267 1
248.438 260.215 1
143.039 225.587 1
280.918 242.84 1
273.85 212.265 1
326.343 287.3 1
429.073 166.088 1
162.678 273.369 1
199.684 85.9861 1
458.554 348.633 1
461.075 332.317 1
404.095 351.384 1
377.694 254.595 2
382.204 239.387 1
440.885 148.269 2
374.12 152.808 1
257.333 269.132 1
339.398 171.431 1
184.686 187.167 1
223.461 349.956 2
146.919 223.49 1
341.741 227.505 1
282.022 214.399 1
434.256 368.225 1
323.693 283.182 1
427.641 166.443 1
423.393 172.367 1
325.492 234.664 2
180.703 307.93 1
459.34 349.965 1
408.094 354.462 1
431.826 276.84 1
381.697 236.905 1
266.68 285.95 1
342.299 161.404 1
145.227 219.91 1
221.777 327.005 1
340.138 223.703 1
398.398 168.677 1
361.438 187.164 1
160.376 182.605 1
444.359 274.255 1
430.986 273.811 1
269.701 288.941 1
434.208 176.486 1
197.681 284.734 1
350.092 156.143 1
490.883 222.728 1
342.409 303.878 1
468.425 320.858 1
372.886 318.395 2
447.318 275.103 1
175.026 295.639 1
350.649 216.844 1
250.212 250.66 1
148.627 254.651 1
178.498 232.037 1
349.026 152.178 2
387.372 313.289 1
341.047 305.419 1
226.027 303.488 1
230.714 289.888 1
484.72 214.341 1
387.325 180.869 1
470.083 326.746 1
286.137 313.003 1
216.679 320.377 1
332.81 274.459 1
148.326 291.199 1
260.966 257.355 1
363.027 224.08 1
480.515 181.104 1
313.014 210.088 1
375.28 163.275 1
150.917 149.292 1
331.76 270.742 1
367.931 202.306 1
