1165
557.812  44.9098  430.867  42.2156
408.502  276  323.379  256.124
396.458  196.102  316.779  189.173
604.569  201.041  470.375  194.655
440.156  232.631  343.302  220.439
330.268  248.139  281.124  229.748
567.044  391.317  428.473  381.005
574.369  161.482  442.009  154.807
465.359  164.536  361.592  160.87
51.082  307.981  161.849  260.711
593.196  105.517  459.83  96.8716
528.358  366.205  399.699  349.805
549.313  24.0493  424.611  23.6072
531.794  302.381  403.953  289.909
471.838  444.05  358.396  410.118
132.772  268.194  193.496  237.238
567.25  111.923  438.161  105.577
530.775  104.043  407.371  103.123
468.11  215.52  360.169  205.858
536.137  116.582  411.749  113.913
546.462  289.214  415.905  279.301
520.633  180.843  398.294  175.02
271.703  239.892  252.71  221.493
576.976  162.59  444.233  155.776
468.73  219.4  362.189  209.839
560.933  109.932  431.605  105.198
422.795  189.63  333.904  183.452
545.97  226.595  418.304  219.025
545.823  174.025  418.688  167.952
132.686  271.475  191.501  240.23
594.881  108.235  461.4  99.3464
72.5721  250.779  171.001  223.995
531.522  147.678  407.012  143.778
475.437  236.357  367.261  225.827
487.022  252.127  373.779  240.103
278.697  437.815  252.097  369.859
506.842  266.657  386.946  254.367
500.741  122.948  385.426  122.698
438.22  230.305  341.587  217.981
561.581  88.0491  435.406  81.4912
461.745  173.173  358.838  168.666
250.172  228.348  244.318  211.993
160.36  328.9  202.539  280.692
429.055  305.911  334.334  281.337
545.35  286.596  414.79  276.317
589.594  153.712  454.379  146.518
517.767  140.783  399.616  136.629
271.085  417.454  248.579  354.733
599.743  123.315  464.322  114.812
127.103  415.501  187.48  337.909
96.045  243.812  178.259  220.232
388.82  181.319  311.087  183.01
239.417  237.26  239.094  218.199
333.932  431.108  278.903  374.244
465.837  207.123  360.43  198.873
563.165  379.871  425.792  369.018
500.798  137.908  385.422  136.164
595.354  155.498  460.392  147.873
561.51  255.102  429.198  247.464
289.028  339.414  259.774  295.637
125.372  243.367  189.027  220.818
508.744  138.092  391.126  135.853
358.264  373.337  293.096  331.307
545.272  237.508  417.416  229.528
519.741  263.863  395.268  252.088
66.0857  467.652  163.489  366.637
398.621  204.862  319.73  196.271
290.409  251.512  261.255  230.816
416.303  195.413  329.971  188.255
429.517  308.905  334.431  283.624
500.647  243.069  383.643  232.637
581.469  303.988  443.105  297.275
400.041  152.199  321.364  152.084
578.559  186.981  446.185  180.2
148.821  403.886  197.26  330.733
618.414  308.278  474.732  306.348
133.29  266.671  191.892  236.855
547.206  280.048  416.461  270.39
513.579  268.755  391.383  256.708
531.516  94.8878  409.428  93.4103
574.03  283.994  438.015  276.82
554.306  169.042  425.437  162.993
231.226  322.872  232.821  280.743
620.442  109.721  483.67  98.5624
472.382  218.425  364.508  208.898
103.887  359.721  179.165  298.716
556.255  291.356  423.359  282.372
529.445  279.528  401.95  267.486
592.017  298.913  453.01  294.3
532.125  149.054  407.605  144.886
589.272  309.137  449.244  303.466
495.812  255.512  380.625  244.163
528.293  102.102  406.176  100.88
379.827  241.789  307.887  225.254
438.006  164.745  342.106  163.14
602.356  115.237  466.955  106.188
524.597  144.561  402.357  140.911
602.846  107.874  468.214  98.2099
291.675  249.643  261.857  229.44
577.429  305.726  439.206  298.065
471.372  261.029  363.45  247.79
556.604  105.21  428.098  101.236
475.179  148.548  367.604  147.031
553.468  283.462  421.001  273.872
609.649  200.633  473.775  194.138
210.579  271.913  224.417  243.184
375.92  248.975  305.478  234.55
481.52  253.864  369.777  241.313
437.385  168.599  342.366  165.799
505.468  261.371  386.714  249.746
529.285  275.631  403.416  264.982
529.427  273.944  403.487  263.328
286.211  417.592  255.608  356.848
620.7  102.315  484.152  90.6948
579.723  189.477  447.408  182.743
620.687  83.9294  484.582  71.4125
537.666  231.924  411.33  223.611
505.146  130.661  387.739  130.083
592.925  107.206  459.216  98.6854
591.283  307.336  451.244  301.825
551.29  223.999  421.506  216.283
149.263  48.4887  205.526  88.3082
533.614  145.96  410.246  141.169
556.315  68.2454  429.16  64.8091
573.759  156.631  441.56  149.877
439.271  333.182  340.052  305.564
265.543  395.164  247.146  336.239
549.993  228.35  421.339  220.978
590.32  101.261  457.051  92.9538
300.911  330.785  264.786  292.237
536.451  167.526  413.531  161.503
569.881  104.586  439.326  99.0095
323.791  429.562  273.867  372.056
620.604  359.185  474.645  359.571
512.254  272.611  390.345  260.258
278.721  434.974  251.618  369.152
518.197  80.1828  399.07  81.6671
105.059  204.915  183.697  194.028
195.597  355.746  218.182  300.167
574.998  160.467  442.808  153.844
428.593  188.953  336.779  182.867
504.652  146.358  388.09  143.687
581.361  374.659  441.149  368.023
549.493  283.091  416.932  272.721
538.843  149.765  411.555  145.992
512.99  160.389  394.341  155.7
600.103  124.62  464.888  115.875
579.788  303.693  441.224  296.67
620.615  91.1628  484.523  78.8519
427.981  178.741  336.968  174.122
576.695  386.641  436.729  378.653
464.819  206.994  358.785  198.703
497.627  256.987  382.115  245.746
573.662  181.626  442.116  174.609
514.19  286.713  391.512  273.701
600.628  142.068  464.792  134.119
469.107  220.364  360.804  209.942
539.422  375.173  407.768  360.052
572.258  282.407  435.488  274.637
573.787  157.835  441.391  151.082
603.364  114.397  468.077  105.04
527.231  270.891  401.487  259.998
620.632  78.629  484.568  65.8653
562.242  377.896  424.183  365.311
334.229  419.923  279.504  365.664
536.237  86.2187  413.051  84.9881
528.41  269.624  402.093  258.683
474.648  124.931  376.728  116.196
546.718  281.358  414.086  270.279
457.695  207.203  354.951  198.575
568.083  39.733  439.664  34.7491
511.601  269.026  390.288  256.736
269.021  464.554  247.018  389.255
507.551  149.058  390.188  145.607
480.796  252.313  369.508  239.645
605.664  307.944  462.943  304.235
342.465  426.367  283.373  371.147
611.649  77.8384  476.465  66.233
414.155  196.401  328.493  188.992
237.498  239.931  235.265  221.171
539.937  83.2931  415.663  82.0927
572.11  388.834  433.012  380.575
603.79  116.369  467.861  107.29
431.553  307.432  335.089  281.072
562.719  87.6826  435.406  81.4912
564.481  92.1463  436.143  86.1961
526.002  96.14  405.395  95.1657
578.891  102.457  447.086  95.4256
157.09  324.47  202.12  276.949
476.929  252.513  366.997  239.673
392.039  205.615  315.395  196.887
554.083  286.177  421.023  276.158
321.564  424.769  272.746  366.752
487.761  352.455  372.032  331.698
205.462  380.282  220.153  320.041
545.012  281.285  415.354  271.487
576.326  375.733  436.743  368.357
537.753  277.431  409.01  266.984
477.41  306.796  364.635  287.164
536.214  145.981  411.573  141.282
618.511  314.331  474.18  312.694
581.166  81.6647  449.875  74.0589
290.891  418.402  258.197  357.972
582.193  306.36  443.048  299.635
585.932  281.011  448.109  275.434
490.102  109.048  377.989  111.154
474.801  160.996  367.337  157.55
555.197  171.161  426.255  165.134
326.243  242.298  279.809  224.61
537.63  84.988  414.701  83.1649
571.413  102.055  441.153  96.1061
524.6  192.523  399.442  186.193
419.532  234.684  331.594  222.254
617.742  324.53  472.679  322.794
500.573  248.652  381.697  236.905
552.343  284.632  419.703  275.022
529.245  277.778  403.392  267.213
296.817  331.939  262.765  293.027
498.766  257.836  381.404  245.985
571.291  294.186  434.812  286.554
614.381  384.234  468.569  384.669
500.55  259.155  382.82  246.882
500.484  259.64  381.36  246.859
598.757  124.157  463.871  115.862
593.29  109.751  459.298  101.756
616.646  340.582  471.326  338.702
559.014  379.558  422.783  368.832
286.178  232.234  260.758  215.239
247.994  409.94  238.515  346.261
427.685  300.094  334.282  277.364
88.4387  165.368  178.193  168.135
555.861  168.957  426.788  162.503
78.5309  235.733  172.571  214.178
575.957  158.877  444.417  152.104
604.336  115.186  468.69  106.349
143.467  269.88  196.123  239.664
158.044  323.83  202.12  276.949
289.229  251.149  263.544  228.498
567.598  296.677  431.971  288.8
534.548  273.91  407.011  263.027
497.057  253.499  380.272  241.905
588.183  311.215  448.091  305.481
532.651  272.044  406.539  262.37
527.725  275.298  401.875  264.419
549.796  284.714  418.018  275.12
441.077  211.214  346.754  202.438
556.103  166.96  426.977  160.542
594.014  106.909  460.649  97.8251
139.643  430.175  192.822  347.665
565.123  191.812  433.857  184.824
513.616  97.2495  395.404  98.4006
559.287  110.766  430.967  105.969
30.5495  374.956  153.97  301.998
580.136  304.512  441.629  297.789
340.118  384.753  283.06  337.559
545.349  279.598  412.749  268.351
543.753  358.277  410.368  343.751
605.062  116.279  469.341  106.801
433.323  197.125  341.327  190.074
604.335  198.46  468.845  192.194
558.45  198.979  429.177  191.869
603.931  126.793  467.801  117.849
577.162  159.912  444.395  152.837
481.543  240.145  371.376  229.216
566.6  282.733  431.785  274.454
424.807  318.942  331.711  293.759
565.457  293.002  430.755  285.296
587.7  315.894  447.123  309.806
537.748  285.851  409.165  275.439
573.784  282.508  438.483  275.476
499.635  128.003  384.554  127.773
559.911  380.336  422.783  368.832
110.388  196.296  185.546  188.708
580.123  169.534  446.582  162.997
500.445  113.081  385.749  113.97
518.341  138.245  399.533  134.838
547.967  231.191  419.391  223.781
556.708  174.864  427.803  168.73
572.893  282.334  436.836  274.604
172.345  263.65  207.84  236.418
150.935  310.893  197.998  268.024
611.001  346.153  467.288  345.273
348.072  244.899  290.352  228.833
455.167  149.617  354.405  148.347
563.987  380.705  425.289  368.969
486.968  455.771  369.042  426.192
501.858  365.75  381.418  345.728
99.1454  248.25  180.346  222.762
570.774  376.004  431.05  366.073
504.337  98.0183  388.975  99.8438
139.439  357.56  194.337  297.9
497.159  121.372  383.148  121.852
297.882  311.117  263.88  277.063
515.781  140.338  397.264  137.177
425.861  186.861  336.128  181.303
94.6656  287.82  178.136  249.618
585.953  187.749  452.756  180.497
548.736  226.59  420.253  218.696
338.282  428.693  281.676  372.406
436.919  165.724  342.106  163.14
496.144  136.202  382.47  135.022
503.959  353.696  381.846  333.732
618.53  323.476  473.416  321.979
398.804  269.16  319.082  254.304
451.223  133.419  351.384  135.537
196.832  355.019  218.776  298.905
584.644  130.886  450.891  123.429
239.044  240.351  236.566  221.85
550.85  255.208  419.97  246.166
151.179  232.446  200.201  213.926
551.29  223.999  423.048  216.388
568.873  402.871  430.783  393.995
611.66  383.179  465.662  381.411
532.412  174.278  409.911  168.466
604.671  180.099  468.987  172.396
580.887  305.82  442.318  299.394
602.321  116.469  467.212  106.988
625.448  225.105  484.634  220.574
512.531  98.4761  394.007  100.395
318.215  423.48  271.483  366.228
589.342  155.772  454.67  148.118
285.143  316.385  259.055  277.7
565.037  377.899  426.885  367.559
579.514  172.472  447.502  164.999
533.127  275.428  407.575  265.449
126.289  243.365  190.958  219.99
602.529  133.84  466.696  124.961
546.082  178.394  419.389  172.421
450.046  204.145  348.972  196.247
546.438  224.602  418.933  216.738
600.677  118.71  465.366  109.602
544.855  227.941  417.679  219.959
419.077  191.918  330.367  186.061
545.236  174.988  418.396  169.218
608.704  139.183  472.041  130.058
346.584  392.807  287.036  343.654
527.282  273.101  401.415  262.321
403.198  242.089  320.947  228.089
569.674  386.676  431.582  377.609
616.474  195.532  479.978  188.498
232.274  427.605  230.552  357.108
484.404  265.022  371.696  251.115
518.851  266.115  395.827  254.446
576.774  307.933  438.484  300.716
507.725  146.475  390.062  144.069
497.541  293.291  379.207  278.192
538.02  276.224  410.011  265.661
358.294  375.852  293.35  333.779
488.501  252.335  373.779  240.103
543.994  276.155  416.059  267.141
591.881  148.473  456.902  140.587
110.153  396.533  181.54  322.629
442.531  327.801  342.409  303.878
233.428  244.46  234.993  223.441
108.965  198.977  185.335  189.795
471.801  238.803  364.027  227.917
353.098  235.01  293.587  220.553
274.48  434.966  249.652  367.579
496.871  368.983  377.526  346.931
553.12  167.763  424.849  162.04
587.039  282.26  449.004  276.07
425.715  199.596  334.761  192.327
418.871  326.388  327.201  296.184
465.231  129.658  360.459  131.281
563.882  120.453  434.152  115.428
529.689  102.647  407.581  101.623
589.93  157.222  455.34  149.447
414.794  195.365  330.107  187.719
572.11  388.834  432.866  379.248
578.259  189.309  447.718  182.796
551.145  378.444  415.709  365.054
348.041  243.743  290.244  228.424
509.765  143.408  391.339  140.339
153.066  235.266  201.366  215
315.674  233.029  273.43  217.382
589.242  127.15  454.783  119.278
603.111  200.083  467.618  193.161
548.042  257.41  418.383  248.339
616.732  342.553  471.096  341.458
370.897  248.952  302.104  233.2
484.24  251.375  371.21  239.282
588.52  99.7116  455.271  91.3734
587.798  156.825  453.51  149.109
575.67  157.424  443.363  150.179
529.766  190.529  406.09  183.466
488.628  352.241  371.23  330.173
433.31  232.468  340.875  221.075
578.669  304.801  439.886  297.719
190.945  376.783  215.041  316.086
473.634  221.206  364.356  210.7
515.167  142.469  397.495  138.923
600.466  81.9961  466.829  71.3588
589.323  152.782  454.611  145.024
563.912  192.29  433.719  185.057
615.096  386.275  469.187  387.369
376.851  246.814  306.582  227.626
450.963  134.776  351.496  136.137
491.486  352.092  373.199  330.533
514.188  351.003  389.789  332.298
595.582  139.148  460.23  130.854
561.769  105.06  432.968  100.513
493.021  239.747  378.062  228.434
271.994  230.451  254.302  214.367
579.394  305.815  441.379  299.586
540.253  300.466  409.837  289.181
546.142  356.986  412.978  344.387
577.196  158.381  444.417  152.104
475.115  253.453  364.602  240.329
576.037  157.674  443.704  151.379
137.376  269.242  193.934  239.18
600.262  158.655  464.649  150.332
517.206  184.072  396.56  178.44
618.6  291.918  476.064  289.25
620.679  111.404  483.741  99.9088
498.416  361.807  377.789  340.642
437.464  141.099  343.041  142.052
537.852  302.88  408.835  290.714
251.125  262.301  241.68  237.654
471.127  220.014  362.73  210.595
464.254  130.544  359.794  132.011
453.654  214.874  351.194  204.554
521.924  78.6269  400.438  80.8796
590.331  371.87  447.656  366.729
572.398  179.713  440.838  172.394
570.603  105.942  441.682  99.4966
104.103  205.851  182.65  195.312
535.391  85.8996  411.621  84.6179
594.252  208.859  458.351  202.018
596.01  124.504  461.412  115.64
563.946  112.491  435.192  105.98
282.902  340.053  256.762  296.901
121.677  317.18  188.364  270.419
148.773  402.94  196.964  329.501
518.327  357.35  391.826  339.478
82.9106  353.236  172.483  291.414
516.928  265.57  394.928  254.007
618.277  297.189  475.613  294.687
222.266  27.9362  234.751  67.7969
516.213  138.487  397.461  135.741
240.971  346.443  236.467  297.833
606.779  139.547  470.278  130.417
514.897  288.411  392.274  274.676
429.807  324.192  335.461  298.805
573.975  359.749  435.085  352.298
425.388  177.078  336.964  171.317
531.522  147.678  407.908  142.793
596.632  139.985  460.03  131.993
110.111  323.324  183.385  274.263
602.494  197.013  467.071  189.86
524.327  168.314  403.868  161.995
76.4187  226.444  171.644  208.835
530.826  188.844  406.545  181.806
169.334  352.802  206.413  297.931
497.903  365.011  378.191  342.844
213.969  280.599  225.83  248.703
561.694  112.617  432.761  107.966
291.14  416.255  257.479  356.696
502.423  129.764  386.725  129.297
573.227  105.024  443.299  98.7744
574.777  283.237  438.483  275.476
428.309  186.09  335.996  180.272
247.222  247.574  239.664  226.73
500.846  363.716  379.5  343.086
295.889  435.339  260.543  371.783
448.342  132.748  350.59  135.33
615.486  363.361  469.688  363.244
130.435  270.273  190.493  240.025
511.217  246.171  391.291  235.42
486.463  251.309  372.302  239.182
598.889  158.446  463.686  150.025
533.544  302.474  404.693  290.435
246.379  400.571  238.22  336.763
566.836  39.5614  439.664  34.7491
620.871  112.815  483.852  101.297
109.809  200.157  184.497  191.573
622.971  194.976  486.313  187.735
483.825  223.431  373.105  214.748
464.342  98.8729  364.889  99.776
438.065  163.523  342.299  161.404
542.913  362.671  410.238  349.294
614.929  360.521  469.318  360.252
620.04  169.269  482.933  160.487
249.88  392.786  239.318  332.748
590.321  147.928  455.481  139.957
560.924  110.855  432.095  106.429
547.149  176.722  420.656  170.926
546.191  283.555  415.775  274.471
305.18  247.379  267.887  229.708
501.016  179.748  385.796  174.572
549.952  257.587  419.989  248.531
51.9077  433.809  159.708  341.619
216.343  256.344  226.181  231.891
240.508  400.727  234.312  338.853
243.795  396.395  236.933  336.603
562.472  115.355  433.547  110.506
547.252  178.004  419.389  172.421
595.224  140.441  460.03  131.993
590.068  151.075  454.963  143.208
93.012  181.382  178.588  178.988
252.746  393.439  240.924  332.764
620.128  167.318  482.993  158.396
405.024  196.813  322.65  190.162
492.621  171.662  380.615  165.807
587.938  287.276  449.776  282.559
564.799  252.174  432.202  244.302
437.464  141.099  344.52  141.919
111.699  197.63  186.467  189.931
109.102  196.711  184.654  189.294
572.103  376.555  431.633  366.737
565.307  283.83  432.592  277.789
607.849  122.013  471.443  112.201
610.103  199.937  473.977  192.889
144.303  309.022  196.883  264.977
509.956  309.472  386.83  293.841
565.981  258.051  432.449  251.327
620.826  133.743  483.031  123.336
566.691  283.93  432.013  275.343
551.146  286.056  418.555  276.664
526.609  146.502  404.035  143.331
474.979  254.629  364.931  241.963
432.238  141.023  341.304  139.832
603.79  116.369  468.69  106.349
404.179  194.166  322.547  187.988
246.542  231.267  240.43  214.088
493.495  77.7894  380.401  83.0991
619.47  192.677  482.837  185.209
476.777  254.363  365.932  241.66
552.969  174.556  423.452  167.796
389.84  226.948  313.356  215.25
474.468  186.668  366.16  181.393
496.9  448.961  376.265  421.844
471.058  441.821  358.869  409.009
227.941  302.017  231.224  266.767
609.751  185.978  473.896  178.152
618.422  166.22  481.353  157.259
554.903  294.613  422.645  284.796
598.794  120.745  464.419  111.146
512.402  97.4887  395.404  98.4006
553.17  261.353  422.729  252.51
548.977  349.877  414.851  337.664
610.632  443.264  465.912  446.886
523.47  126.34  401.943  124.939
617.31  343.863  471.542  343.218
413.92  328.332  324.141  297.876
590.812  99.5429  457.433  92.2008
457.945  206.979  355.83  199.375
495.618  152.644  380.038  149.709
589.996  128.018  455.326  119.855
603.125  198.059  467.995  190.795
572.875  177.421  440.956  171.35
136.351  312.47  194.836  266.06
303.073  242.725  266.998  224.185
557.778  268.883  428.004  262.922
241.12  238.085  238.31  218.757
472.557  163.085  365.306  160.782
475.62  295.005  363.975  277.804
191.631  401.793  214.625  334.554
326.39  241.158  279.809  224.61
294.139  241.045  262.591  222.657
387.025  226.523  313.007  214.297
406.521  267.392  320.037  242.527
415.875  216.042  330.293  205.699
620.459  145.74  482.752  135.759
567.502  122.738  437.818  117.272
425.11  222.863  334.033  212.315
352.514  244.956  292.551  226.761
531  272.117  404.559  260.578
467.832  221.33  361.43  212.237
355.171  244.37  295.761  225.566
255.263  392.967  242.447  331.583
391.831  237.126  315.032  221.226
620.562  143.93  482.839  133.858
619.003  202.187  482.114  195.262
609.734  187.175  473.894  179.341
309.734  367.133  269.054  320.769
455.875  206.859  352.812  199.015
549.5  255.163  419.809  246.05
405.636  242.911  321.193  226.944
109.37  195.135  184.316  188.331
456.684  212.429  352.015  201.992
453.64  158.617  352.792  157.852
173.668  294.487  207.626  258.913
500.796  335.385  379.821  316.809
481.488  320.141  363.007  293.342
566.474  108.182  437.205  101.31
411.666  310.46  322.573  279.463
90.6315  180.298  176.699  178.3
561.129  352.004  424.43  342.055
612.517  346.538  467.288  345.273
293.629  340.047  261.422  295.618
492.492  353.465  373.601  332.067
457.582  246.033  352.102  232.129
183.861  260.841  213.189  233.411
76.6226  235.157  171.574  213.292
549.765  24.7448  426.192  23.7587
509.742  246.245  390.34  235.244
461.766  298.645  353.136  276.822
452.796  230.406  356.819  223.326
471.175  163.716  366.474  160.331
571.538  369.858  434.074  361.376
326.212  429.751  275.768  372.444
571.661  375.299  432.239  366.979
351.243  246.44  294.077  226.343
234.856  337.35  235.085  288.75
45.8494  284.704  160.085  244.718
620.238  166.065  483  156.91
618.244  201.297  481.396  194.235
460.524  169.915  358.137  166.731
548.036  368.246  413.519  355.218
485.294  441.334  368.588  411.957
485.226  351.085  368.431  328.294
587.533  100.966  455.781  93.3276
552.708  288.195  420.139  277.395
574.067  177.495  441.949  169.884
197.38  407.381  216.93  339.286
515.036  357.068  389.259  338.92
548.723  365.535  413.706  352.139
273.245  243.449  252.026  224.05
350.387  395.778  289.327  346.943
182.781  308.891  214.678  266.912
452.276  170.672  351.562  168.263
503.78  449.058  381.48  424.323
183.312  262.958  214.031  234.286
527.626  127.419  405.502  125.48
591.875  283.738  453.325  277.742
487.578  264.281  374.948  251.039
562.184  370.822  424.808  360.884
566.71  117.188  437.427  111.919
175.92  405.16  207.315  333.723
215.149  256.812  227.304  232.961
495.886  248.266  382.204  239.387
601.683  189.19  466.077  181.416
580.539  373.677  441.025  366.418
577.164  188.693  444.001  182.772
486.313  258.502  371.852  245.867
486.358  171.828  374.954  168.086
318.754  421.038  272.341  364.223
550.169  286.058  417.425  276.559
482.296  173.386  371.179  169.909
508.301  132.868  390.501  130.256
609.473  189.006  473.891  181.122
339.888  240.808  286.132  222.877
495.412  292.867  377.061  277.499
226.939  302.557  229.76  265.964
548.041  357.472  414.372  345.776
498.653  267.511  380.157  254.913
548.996  256.316  419.445  247.016
513.964  292  389.202  277.538
544.48  285.423  414.005  273.945
547.176  353.055  412.871  340.039
503.655  138.41  388.666  136.603
427.916  440.179  331.813  397.749
499.721  181.076  384.421  176.187
622.794  257.594  482.514  253.868
448.886  225.475  348.762  215.44
245.029  253.491  239.215  230.314
503.273  128.068  387.74  127.849
590.353  307.472  449.591  302.466
354.761  254.364  293.446  233.785
78.9049  350.268  170.67  289.023
205.575  265.427  221.583  239.681
469.249  252.242  360.597  239.339
378.378  242.956  306.067  228.998
530.011  147.348  406.308  142.371
331.05  362.267  280  319.348
407.93  300.035  321.321  275.003
286.682  233.245  259.537  216.027
515.472  23.729  399.905  29.5542
538.846  277.106  411.034  266.262
216.112  296.396  226.415  259.689
519.699  364.714  392.458  347.082
589.615  293.579  451.235  289.65
525.685  344.909  397.128  329.167
325.45  249.194  277.947  229.801
190.738  259.947  216.491  234.657
404.533  244.71  319.95  227.331
597.171  123.834  462.362  114.441
559.442  391.003  421.663  379.559
289.905  255.746  260.804  232.963
616.005  354.227  470.33  354.304
307.151  468.415  263.997  397.868
550.141  288.322  417.419  278.897
595.562  123.445  461.652  115.902
426.198  319.521  333.872  294.704
532.232  147.114  409.349  141.355
373.647  254.958  305.016  236.963
266.838  396.487  246.462  337.586
506.559  129.6  388.726  127.711
213.528  310.586  225.005  272.301
422.342  201.676  336.562  193.038
292.711  434.855  257.649  370.246
617.701  340.727  471.934  340.345
295.921  246.997  264.62  228.387
546.121  373.135  412.906  361.434
470.28  162.3  363.73  160.502
513.733  355.704  388.114  337.311
430.957  175.943  337.726  173.682
190.759  263.011  215.35  235.282
380.533  268.885  306.585  244.864
76.4298  223.242  171.674  207.146
535.607  350.535  404.41  336.24
238.73  241.768  237.193  221.098
510.121  98.4114  391.65  99.294
515.121  441.749  389.606  419.282
456.282  310.779  350.528  289.527
231.262  285.716  232.8  253.017
547.493  291.339  415.531  281.789
297.393  418.936  260.476  357.802
619.328  200.941  482.49  193.678
572.684  385.991  432.796  378.177
563.499  377.751  425.487  367.949
493.513  291.596  375.707  276.284
156.443  426.25  200.171  347.979
618.283  192.708  481.565  184.885
534.628  320.894  403.841  307.327
464.643  205.024  361.688  198.176
602.724  202.394  467.199  195.008
549.29  179.418  422.854  173.861
406.998  302.653  323.693  283.182
52.8597  445.89  159.749  348.997
462.686  207.372  357.274  197.796
548.336  285.401  416.133  276.04
429.278  327.712  333.28  301.049
229.723  338.572  230.981  291.325
548.813  380.103  413.054  366.011
228.61  433.832  228.019  361.4
420.604  151.786  332.784  150.506
619.289  195.179  482.585  187.486
500.781  105.521  384.954  109.455
604.335  198.46  469.062  190.879
301.249  420.848  263.863  361.761
542.794  360.676  409.243  346.761
496.799  171.293  381.574  167.786
538.48  280.422  405.759  268.107
443.521  294.227  341.819  271.69
571.388  362.067  432.778  351.362
530.08  463.131  399.951  443.012
213.226  312.484  225.184  273.47
514.865  290.137  390.736  277.046
536.277  361.127  404.25  345.997
431.192  234.777  336.425  222.156
474.941  185.481  366.326  180.797
473.08  275.928  362.354  260.637
562.394  370.161  424.234  359.608
473.688  160.364  366.797  158.392
460.825  266.927  354.476  251.689
308.717  243.554  271.679  225.664
559.259  279.601  426.896  270.325
482.155  467.318  365.667  433.037
122.377  297.48  187.985  255.912
407.93  300.035  321.344  276.151
527.507  138.606  402.556  135.248
433.647  294.286  336.695  273.118
426.102  308.755  333.646  283.295
427.661  235.548  334.663  223.116
175.268  353.095  208.568  299.672
202.051  408.687  219.262  340.628
529.329  189.671  405.267  182.046
415.564  206.117  328.502  196.043
116.563  259.44  187.61  231.935
463.73  201.627  359.702  195.071
245.561  233.128  239.963  214.942
212.908  275.39  224.23  245.065
437.506  228.253  341.919  215.317
440.159  224.317  343.445  214.55
300.386  335.556  263.794  294.113
183.214  403.246  209.208  334.275
466.981  349.242  355.991  323.773
565.513  113.732  436.877  108.728
529.186  281.472  403.231  271.873
130.086  465.843  187.534  370.635
537.753  277.431  410.082  266.123
507.752  450.693  384.122  425.427
216.022  347.049  224.667  296.469
342.214  384.759  285.557  337.847
466.558  271.869  358.559  257.151
372.38  260.654  302.335  238.504
618.898  255.763  478.893  251.31
89.9301  215.241  177.203  202.13
551.054  254.915  421.466  245.652
251.16  290.723  242.073  256.948
535.277  261.085  408.724  250.318
427.521  146.879  338.283  144.143
620.726  108.359  483.869  98.569
287.034  231.037  260.505  216.292
431.906  319.934  334.803  294.35
544.876  291.187  413.203  281.358
540.557  276.652  412.781  265.952
595.726  156.691  460.392  147.873
587.472  283.954  449.518  277.047
296.695  421.672  261.611  362.41
546.098  171.727  419.202  166.865
430.079  439.967  333.521  398.625
446.99  203.624  347.607  196.66
604.336  115.186  468.077  105.04
586.038  314.058  445.521  308.711
545.575  295.883  413.184  285.614
618.439  308.318  474.629  307.88
491.426  172.633  378.407  169.097
442.532  152.67  346.448  153.536
235.032  296.137  234.205  260.512
592.104  195.717  456.687  187.804
557.528  274.345  426.241  265.211
514.676  174.797  395.64  170.424
469.15  358.62  357.473  333.512
306.551  252.5  268.232  231.377
564.538  378.299  425.487  367.949
618.534  249.261  479.232  244.481
446.903  273.963  345.331  256.968
617.349  248.2  478.224  243.292
600.774  140.892  464.792  134.119
603.979  199.914  468.845  192.194
376.094  244.504  304.386  229.285
454.721  152.71  352.047  151.51
454.897  208.039  353.254  200.75
527.37  345.913  397.829  330.237
292.676  275.696  262.171  246.966
450.435  283.189  347.296  265.245
323.945  362.91  274.716  316.744
133.492  306.591  192.072  262.401
439.261  325.526  339.277  300.759
90.2003  251.059  177.276  225.994
622.373  251.99  482.713  247.61
622.544  222.174  484.888  216.122
528.753  273.811  403.568  261.824
504.934  179.968  389.103  175.326
590.811  195.41  455.462  187.41
201.362  381.35  218.896  322.357
260.096  394.777  243.177  335.182
547.172  351.492  412.706  339.01
535.991  264.911  408.664  253.529
464.486  352.34  353.861  325.467
514.697  292.558  390.578  279.67
197.389  295.697  217.158  258.723
532.97  301.916  403.166  289.785
345.763  251.31  288.258  231.505
415.994  247.166  329.041  230.356
182.004  405.136  210.826  336.667
285.757  234.262  259.537  216.027
341.738  258.535  286.12  236.726
617.338  250.385  478.058  245.473
128.859  363.497  189.657  300.204
462.712  300.187  354.303  280.546
611.131  442.603  466.867  445.88
502.16  270.953  384.029  260.28
468.374  322.892  360.08  300.417
188.744  310.095  212.904  268.754
162.445  361.491  203.071  301.082
208.099  256.621  224.938  232.848
520.626  260.694  395.304  250.305
73.5306  294.537  171.252  253.889
130.372  364.212  189.389  301.554
450.555  189.826  348.628  182.549
558.974  257.307  428.077  248.475
525.329  273.132  401.207  260.918
361.265  266.284  296.347  241.78
601.532  138.034  465.795  128.225
188.991  359.687  214.042  301.615
492.617  271.058  379.399  257.916
235.158  405.867  233.627  342.89
178.176  261.189  211.275  232.561
526.456  345.184  397.678  330.427
414.596  422.71  324.988  382.097
414.891  252.746  324.705  233.633
559.673  294.845  427.166  285.173
566.32  270.787  434.273  262.721
132.238  269.457  192.953  236.658
596.282  198.576  461.246  190.561
440.635  320.692  340.419  297.744
482.799  254.704  373.146  245.857
348.727  430.746  285.48  373.752
585.378  97.2839  451.547  88.8329
93.012  181.382  179.349  179.895
495.935  449.708  376.265  421.844
258.58  468.441  240.673  389.847
406.178  215.153  322.383  205.862
438.325  246.902  340.384  233.18
173.34  305.098  207.631  263.445
469.375  307.854  360.724  292.386
240.332  402.37  234.291  337.899
561.029  279.055  428.348  269.516
198.776  310.536  217.76  268.955
84.3916  353.264  171.956  291.144
564.481  92.1463  435.064  85.4292
432.301  231.801  337.627  220.668
378.168  196.524  306.787  188.046
501.904  450.323  380.683  424.634
101.472  244.332  182.328  221.802
314.988  421.469  271.199  363.547
568.543  271.752  436.339  263.964
555.216  382.777  419.907  373.872
489.671  178.084  375.869  171.569
189.054  308.447  213.155  267.351
252.466  289.016  245.235  256.939
119.461  199.84  188.774  192.309
441.927  269.121  343.238  254.416
204.049  387.275  218.987  323.203
335.652  362.481  282.811  320.734
461.507  267.605  354.832  252.923
607.403  204.027  471.842  196.31
486.729  351.396  368.431  328.294
133.829  263.473  193.75  235.762
189.814  389.219  213.327  322.747
423.61  233.233  335.633  225.408
488.762  262.199  373.56  250.341
539.422  375.173  408.83  359.204
554.183  181.792  427.051  176.597
211.811  273.529  223.619  243.301
512.719  332.453  387.21  315.485
446.707  206.037  347.781  199.112
478.083  441.654  364.404  410.345
446.699  191.906  350.002  186.684
565.251  253.294  432.202  244.302
576.606  176.338  446.113  167.625
444.316  272.703  343.735  256.237
488.89  353.327  370.25  331.316
419.215  156.761  331.639  154.182
547.771  354.969  413.055  342.819
441.131  268.672  341.186  251.451
136.319  274.115  193.041  243.842
590.313  194.326  454.375  186.06
449.658  208.264  349.176  201.044
472.716  361.395  359.474  336.739
332.371  226.424  280.77  212.277
454.634  441.654  349.132  405.122
212.206  274.373  225.892  246.237
552.11  377.301  415.709  365.054
377.564  223.087  308.603  207.155
217.262  346.512  225.246  295.387
550.473  169.063  423.253  164.452
194.421  257.45  217.23  234.137
454.561  336.763  347.775  310.974
532.182  358.888  400.769  343.395
256.811  393.227  241.282  333.926
527.384  23.4818  409.68  27.0325
421.105  236.662  331.135  225.234
456.789  282.045  351.481  265.567
403.812  149.033  323.762  153.568
509.886  309.797  386.163  294.947
446.155  187.206  346.981  183.248
443.262  272.804  342.328  255.143
317.78  469.732  268.576  400.279
90.7222  208.064  178.086  197.806
602.902  214.71  467.093  207.262
394.811  242.413  315.042  229.244
616.005  354.227  469.052  354.028
603.103  219.578  467.446  212.396
465.857  291.036  355.3  271.384
552.982  175.387  419.471  168.342
349.083  234.493  292.853  220.003
428.955  440.412  333.292  398.888
419.426  341.12  324.476  299.967
525.297  367.613  399.94  351.724
327.324  465.861  273.363  399.151
289.596  262.888  260.448  237.356
528.574  153.475  407.714  149.859
235.688  247.686  235.889  224.499
475.112  355.336  361.476  332.619
229.51  287.033  231.671  253.282
438.652  229.316  342.127  215.227
558.41  299.319  425.676  288.802
499.164  448.547  378.817  421.712
130.779  283.919  190.188  250.775
506.137  366.162  382.214  346.817
280.813  432.637  254.447  367.994
460.913  344.111  352.486  320.806
492.169  357.667  372.273  335.857
619.371  194.429  482.683  186.047
448.378  191.437  353.121  186.134
503.031  275.188  383.041  258.795
332.856  433.329  277.113  372.818
436.321  326.647  337.266  302.298
435.711  142.305  340.983  142.402
586.786  281.964  449.489  274.651
198.049  407.687  218.178  339.753
552.867  351.944  417.36  341.474
247.46  413.45  236.941  346.734
100.23  244.329  178.749  219.195
505.135  358.835  381.247  339.172
563.388  441.292  427.2  431.302
460.938  206.728  354.183  199.722
485.858  261.034  371.277  249.132
475.788  118.436  375.874  114.641
446.671  281.605  344.889  264.43
95.8396  188.521  179.407  181.38
406.299  204.037  321.617  196.804
435.528  323.492  336.532  298.723
136.323  271.391  193.793  237.997
225.206  336.526  228.865  288.442
431.985  235.292  338.381  220.013
201.815  388.345  217.954  323.217
385.658  188.698  309.758  183.38
526.091  127.223  405.012  126.195
295.658  432.379  261.501  370.763
539.735  376.18  406.759  363.017
216.807  23.8318  231.713  66.7287
69.2638  358.111  166.151  292.986
218.078  347.34  225.788  295.289
565.133  441.322  428.649  431.58
120.484  40.8592  192.651  85.9926
529.313  357.361  398.724  342.104
418.164  207.421  331.812  200.869
563.884  443.001  427.775  433.196
81.4098  406.836  169.971  325.58
489.18  110.3  377.277  109.831
115.931  455.307  181.105  362.219
428.365  22.8944  338.76  43.3203
521.763  140.943  398.071  136.862
465.331  120.295  360.401  121.166
509.374  111.927  390.226  110.87
384.748  181.126  308.664  192.882
429.333  149.727  337.599  147.61
416.642  327.022  324.724  298.692
563.167  465.597  426.487  455.033
485.441  265.931  371.797  254.73
422.858  184.928  333.593  177.463
508.083  274.406  388.451  259.757
25.5314  166.463  155.349  171.195
225.912  333.653  229.268  286.089
441.004  337.837  343.321  311.044
354.761  254.364  292.704  232.376
187.347  407.37  214.626  337.54
250.817  225.422  242.353  212.632
430.756  149.314  339.144  152.891
243.87  250.273  240.179  225.804
432.229  306.944  335.025  285.323
530.08  463.131  401.11  443.323
432.411  233.977  336.425  222.156
620.698  103.745  484.22  89.9376
185.982  467.103  209.129  377.64
199.386  307.407  217.957  266.085
435.915  273.081  337.834  255.836
330.35  241.867  281.685  227.697
475.234  240.021  364.809  230.172
591.045  464.964  449.594  462.849
616.664  354.681  469.704  355.328
192.179  378.27  215.781  319.65
556.874  463.813  421.421  450.89
70.2231  214.913  168.953  198.551
522.54  349.91  393.485  333.658
228.93  298.05  231.018  260.793
583.125  456.434  443.525  452.41
448.35  209.135  350.371  202.78
441.131  300.975  340.007  279.483
491.148  217.377  379.031  206.739
432.516  330.841  333.966  303.853
229.83  285.076  231.602  251.455
438.191  212.459  342.323  205.214
490.048  179.047  378.418  171.172
451.454  293.049  345.956  272.388
179.2  260.782  213.004  230.893
148.32  48.9987  202.136  88.9547
554.229  263.931  423.312  253.292
490.043  214.338  373.253  202.773
103.596  46.6143  186.266  91.3593
616.784  339.471  471.755  335.184
453.831  163.007  354.797  162.02
485.209  290.74  369.06  275.432
443.632  152.899  348.097  154.183
226.083  344.309  229.848  292.338
300.791  258.419  264.859  234.636
516.917  186.028  395.843  177.542
438.281  191.381  340.663  187.672
540.836  88.5837  419.179  87.0868
244.634  260.28  239.477  233.272
398.117  147.399  318.029  148.202
469.96  350.404  357.384  327.161
477.013  358.583  361.186  333.847
170.319  315.145  206.733  268.773
625.817  254.949  486.198  250.063
273.618  297.971  251.543  262.394
488.964  168.022  373.486  167.51
563.578  276.241  430.27  265.823
247.095  391.306  240.187  333.772
466.341  209.753  360.416  203.488
447.55  162.578  348.065  158.18
166.199  358.082  206.946  295.087
418.051  333.863  324.841  303.748
441.488  319.063  339.893  296.133
24.3311  166.175  155.371  171.496
143.344  268.076  197.705  240.09
480.275  350.873  362.834  326.172
384.612  200.37  310.322  194.579
445.15  345.01  341.234  318.333
587.173  456.72  447.243  453.715
483.51  356.891  365.501  333.715
104.286  46.7864  185.233  90.7203
388.708  151.139  317.097  153.538
487.744  240.623  379.345  229.483
198.372  258.08  222.209  234.175
471.184  189.958  367.113  185.772
600.511  117.593  462.717  107.356
296.478  335.835  264.277  297.732
284.876  258.603  259.633  231.56
337.732  238.388  286.76  224.471
620.26  134.411  482.471  122.037
423.316  317.929  326.711  285.081
146.301  321.307  196.652  271.655
438.951  208.995  341.652  202.344
609.878  449.271  466.794  452.146
603.979  199.914  469.062  190.879
457.083  194.146  357.042  189.731
189.461  259.451  217.244  235.498
508.614  318.944  384.182  303.71
548.991  440.761  416.809  427.034
157.054  332.683  203.362  277.687
484.53  327.986  366.895  308.236
343.204  431.508  286.245  376.892
140.636  403.605  195.546  331.966
480.944  178.569  379.058  173.856
96.1955  336.023  177.887  278.14
563.463  461.184  427.56  450.743
224.262  21.0546  234.887  65.4823
139.877  221.26  196.947  208.201
185.405  48.4441  217.43  87.1182
572.128  465.486  434.423  457.432
165.332  307.086  204.79  262.552
245.144  390.273  240.027  332.159
549.763  380.56  411.281  365.744
125.023  193.698  191.839  189.384
521.776  166.36  404.667  162.725
422.517  197.884  331.225  193.251
512.95  186.171  393.482  182.709
343.757  266.913  285.322  243.685
486.296  327.956  367.916  308.471
346.197  430.7  287.975  377.039
445.091  281.6  339.278  257.764
121.81  186.284  188.585  184.317
484.04  203.227  369.483  192.516
498.33  81.1971  386.905  86.9843
447.376  231.085  349.523  223.917
429.449  148.623  336.322  147.111
498.024  229.643  383.634  223.634
176.988  351.793  207.846  294.697
325.087  248.394  281.916  229.896
410.849  212.884  326.617  199.908
344.467  274.789  286.945  245.092
216.02  319.334  224.798  274.414
444.326  187.469  346.871  178.6
523.359  103.362  404.529  104.715
541.671  378.282  405.096  362.301
554.924  360.307  417.101  349.746
489.695  159.547  379.35  158.429
446.423  285.7  343.143  267.787
131.528  425.009  191.601  346.302
144.817  323.929  195.567  273.128
423.114  118.459  337.353  126.967
563.996  264.62  431.868  254.193
506.149  122.457  379.202  134.391
330.57  221.324  283.313  211.331
453.266  179.021  353.337  177.227
141.823  220.295  195.352  202.062
213.149  303.771  225.102  270.143
145.337  226.101  199.767  211.954
120.805  41.4739  191.229  86.6728
552.856  107.986  423.97  101.039
380.728  220.68  305.392  206.757
451.125  179.598  351.723  171.149
415.361  255.984  329.378  234.903
434.34  231.289  340.138  223.703
490.313  242.472  375.596  227.273
533.057  459.862  397.256  439.622
426.108  236.431  334.052  227.53
298.457  313.762  266.142  281.638
243.87  250.273  240.179  225.804
