172
644.635  376.897  434.892  415.528
604.242  141.47  379.959  165.619
575.055  117.504  349.103  138.204
648.344  171.856  427.764  198.718
452.826  151.296  214.13  172.64
464.272  124.272  228.217  144.361
408.142  153.521  165.434  174.438
682.434  193.741  463.309  222.046
428.514  131.839  186.974  150.752
471.665  157.21  235.151  179.536
441.228  161.166  201.986  183.476
682.543  187.521  463.859  215.77
652.696  165.817  432.73  192.521
658.563  164.281  438.123  190.817
701.788  179.287  484.182  207.532
400.158  159.331  151.251  180.444
422.329  150.453  180.47  171.315
588.262  161.501  362.74  186.572
677.032  188.988  458.401  217.296
413.951  172.189  170.24  195.388
643.294  174.59  422.396  201.402
640.414  162.123  420.087  188.209
407.261  198.809  165.958  225.074
673.521  189.744  455.029  217.884
637.673  378.627  428.326  418.68
641.132  165.248  420.229  191.511
640.154  163.725  418.918  189.867
447.798  114.32  208.671  132.699
458.839  152.86  222.718  174.667
688.445  186.627  470.368  215.06
425.072  151.725  181.541  172.572
425.236  178.94  183.036  203.323
457.654  134.226  219.901  153.984
405.589  162.269  161.801  184.212
644.251  379.837  435.612  419.882
661.349  165.678  442.532  192.641
648.429  176.21  429.123  203.628
695.607  198.565  476.965  227.44
645.182  374.457  436.121  414.473
457.848  160.865  220.366  183.708
407.241  158.511  162.671  180.065
406.65  159.698  162.98  181.422
622.094  146.5  402.234  171.174
428.765  144.358  188.773  165.068
684.026  186.966  465.557  214.963
647.206  162.301  427.579  188.409
409.639  153.608  167.179  174.339
449.952  167.968  211.53  191.611
685.745  187.17  468.273  215.313
579.059  164.42  353.491  189.326
636.412  172.174  415.297  198.602
642.126  375.387  433.284  415.185
661.185  173.808  445.414  201.142
388.23  165.709  141.324  187.898
364.264  182  114.52  205.281
642.701  166.402  422.734  193.219
420.61  161.484  178.863  183.785
681.384  192.578  462.624  221.255
641.541  373.966  432.736  413.781
409.74  151.548  167.573  172.001
413.877  182.924  170.408  208.084
624.66  147.36  405.002  171.627
420.296  171.639  177.372  195.332
428.338  135.115  186.833  154.02
420.737  158.809  178.561  180.131
686.012  172.719  467.617  199.924
678.346  189.481  459.379  218.042
465.26  123.734  228.137  142.498
704.455  178.863  486.436  207.38
640.064  386.321  431.258  427.375
599.249  163.26  375.803  188.365
456.674  109.438  218.014  126.723
408.272  162.916  164.292  184.419
405.535  160.733  161.239  182.774
720.795  175.987  503.043  204.667
691.053  177.121  472.178  204.481
471.457  149.505  235.408  171.527
379.569  154.982  130.133  175.737
414.54  157.873  172.127  178.892
647.298  182.992  427.347  210.961
594.031  172.386  368.602  198.567
636.73  170.917  415.7  197.059
637.353  387.477  428.216  428.445
647.444  181.595  426.899  209.454
368.979  178.875  117.884  201.79
411.225  153.285  167.45  174.637
368.538  154.898  112.62  175.208
659.552  180.07  439.347  208.042
675.34  188.438  456.629  217.158
393.872  161.607  147.034  183.655
403.533  159.299  159.715  180.122
694.448  196.419  475.49  225.585
459.13  168.862  211.369  193.168
471.887  156.551  236.089  178.31
482.956  173.366  249.691  198.679
671.756  187.572  452.987  216.312
637.881  369.041  428.434  407.721
608.5  161.677  385.386  186.599
657.365  180.278  437.185  208.375
219.743  204.757  692.609  133.232
627.957  165.02  405.219  191.783
460.689  144.179  223.648  165.845
628.26  379.417  418.26  420.492
599.222  160.839  375.573  185.484
386.402  176.336  140.15  200.253
364.445  172.047  114.442  195.046
416.849  154.573  175.893  175.076
651.701  376.323  443.527  415.365
656.236  173.45  436.204  199.755
639.38  387.068  430.15  428.233
642.591  160.754  422.031  187.673
676.909  188.38  458.109  215.725
627.661  392.001  419.846  433.636
460.395  124.179  223.362  144.752
598.221  162.276  374.233  186.828
569.548  165.117  346.959  189.581
412.608  198.592  168.074  225.242
698.601  195.179  479.978  224.7
597.357  152.515  374.189  176.261
665.11  151.269  445.405  176.293
460.793  168.878  211.369  193.168
347.621  153.405  131.678  174.378
385.281  150.144  148.2  170.168
398.992  149.269  156.651  170.724
283.14  176.826  21.9302  197.144
408.774  152.878  167.519  172.874
426.245  160.491  183.019  183.427
417.811  312.206  184.805  349.168
411.378  197.385  166.824  223.606
637.375  383.033  427.551  424.03
643.798  165.005  423.595  192.508
631.306  166.177  408.229  191.269
625.876  371.733  415.196  412.866
454.9  109.068  216.215  125.558
634.603  395.343  425.245  437.163
433.923  174.513  192.057  197.576
463.161  130.883  225.696  149.175
587.728  172.703  364.734  197.59
699.967  181.586  481.412  210.933
692.706  179.735  474.215  206.491
389.707  156.396  142.453  178.361
471.424  152.673  235.191  173.25
644.293  372.943  436.358  412.113
575.984  103.377  349.658  120.602
640.207  374.506  432.427  414.207
462.218  144.527  224.598  166.68
431.439  145.38  193.958  165.091
687.251  171.918  470.096  198.177
640.925  391.848  431.499  433.679
681.288  175.478  464.377  204.742
637.113  177.386  415.895  202.788
652.253  357.241  444.378  395.56
475.819  165.414  240.094  187.451
578.329  115.125  351.45  134.496
385.055  173.793  136.609  198.463
410.264  200.552  166.859  226.036
608.515  153.877  385.312  177.133
631.081  349.369  421.949  387.38
656.541  164.064  434.341  192.4
395.963  152.663  150.416  175.028
431.439  145.38  195.415  164.752
425.375  158.372  182.07  181.994
428.478  141.927  187.061  163.99
427.531  144.105  187.656  166.746
429.706  139.48  188.167  161.339
652.727  355.938  444.652  392.899
413.921  175.333  170.48  201.239
386.801  180.528  139.246  206.739
579.909  123.979  353.775  143.299
607.692  152.648  384.793  175.175
459.414  159.62  222.682  179.662
387.466  152.727  136.341  169.893
