4378 27674
553.309 111.46 41
569.591 119.008 30
765.558 122.499 2
549.257 124.106 5
539.327 125.082 22
560.846 132.623 15
753.969 133.267 15
548.481 135.059 4
675.773 136.721 6
750.387 141.427 21
668.947 146.583 4
728.666 144.432 18
545.807 156.694 7
709.821 158.88 39
715.142 163.414 12
755.851 173.593 2
698.511 177.692 39
143.053 177.429 6
674.845 180.012 16
685.461 173.536 10
742.223 178.692 16
643.069 179.868 1
760.366 182.275 16
671.804 185.064 24
137.354 184.615 10
592.131 186.49 24
663.727 187.699 37
751.27 193.122 11
635.908 200.449 17
574.649 197.281 1
657.431 196.656 3
161.076 198.061 2
173.111 200.383 74
606.934 204.988 1
625.479 207.416 23
89.2279 206.532 8
596.363 202.64 40
711.837 206.512 22
131.503 209.292 36
142.292 205.887 7
793.322 208.784 2
17.8517 209.889 1
750.248 209.828 15
476.838 213.361 7
552.901 213.586 8
532.184 214.052 2
627.983 212.94 4
519.759 212.159 16
767.664 215.562 11
484.857 216.975 23
121.988 214.699 51
128.749 219.501 22
183.99 218.384 26
197.817 216.216 83
160.169 220.824 32
597.49 217.324 25
504.818 220.225 37
517.377 217.727 27
91.0042 222.621 3
475.007 223.014 13
172.534 222.11 7
410.961 226.639 7
20.531 226.365 1
531.543 225.853 8
784.937 225.829 2
159.485 228.018 8
82.7239 223.209 41
218.6 225.915 45
555.367 232.056 9
591.239 230.246 3
64.591 229.23 16
669.287 231.804 7
199.094 233.312 15
693.708 232.22 17
9.55836 233.444 1
98.959 235.059 17
231.431 230.839 46
231.658 232.974 5
20.0046 234.782 2
426.791 236.726 2
472.919 236.755 16
658.656 240.221 2
22.8792 241.769 1
347.098 242.696 5
577.571 244.427 18
170.982 247.134 12
405.735 243.439 7
84.153 243.302 13
236.639 243.464 32
420.952 244.71 27
435.788 245.254 15
60.3037 247.735 4
65.8801 247.315 23
471.243 249.118 37
100.951 244.477 10
26.7181 251.498 4
53.3344 247.327 23
344.97 251.068 11
652.535 251.512 4
153.5 252.241 6
250.763 249.742 80
621.151 255.047 53
635.462 252.493 42
42.5556 253.094 13
360.098 255.466 16
439.692 256.055 4
484.351 250.872 28
466.153 255.315 30
339.287 260.798 31
402.152 257.13 24
500.689 258.951 3
687.851 257.286 4
257.074 258.473 16
22.3325 259.433 3
450.181 259.636 41
508.835 266.069 17
630.492 262.125 10
365.494 264.432 25
95.5953 264.791 3
556.155 262.133 19
154.613 263.389 27
598.732 260.65 48
105.594 267.61 1
113.662 268.39 1
236.232 269.733 77
369.78 270.061 1
497.424 269.041 7
531.446 269.585 9
545.425 269.598 24
13.8498 270.839 2
36.7867 269.273 22
515.879 269.401 67
79.3016 269.3 19
337.512 267.051 29
398.491 267.999 45
150.132 277.399 7
616.643 273.783 14
69.4356 273.779 3
191.234 271.876 13
239.826 273.755 1
321.18 270.301 18
637.822 273.759 11
20.4806 276.156 1
273.145 273.614 42
383.12 273.58 53
232.425 276.283 10
580.79 276.247 43
711.74 278.854 8
552.492 279.477 3
223.501 278.178 9
313.589 283.355 71
488.303 280.105 14
734.909 281.245 1
354.29 281.172 23
182.978 281.628 17
245.734 284.222 10
284.69 282.219 40
392.194 282.92 18
629.787 282.257 7
594.913 281.265 8
203.759 283.049 10
147.817 285.501 11
208.436 286.81 1
634.657 286.054 3
192.56 286.157 43
261.221 287.144 5
583.488 288.14 13
708.262 286.439 4
375.054 287.411 25
467.661 289.016 11
597.231 291.229 6
792.889 290.442 3
311.644 289.137 23
500.686 292.425 4
297.728 290.39 21
398.449 292.103 4
521.562 292.42 3
166.065 290.433 15
177.379 291.687 15
304.395 290.187 28
562.119 293.524 25
187.303 293.024 13
621.348 291.228 15
727.811 291.288 28
631.157 294.561 1
18.3094 295.643 2
90.9039 292.475 17
469.819 297.068 9
203.895 294.362 13
256.748 294.624 8
559.866 295.568 16
565.377 294.344 17
104.178 295.866 11
147.307 295.006 17
370.45 298.727 17
465.82 301.244 3
504.839 298.267 6
105.712 301.966 1
481.904 301.58 10
729.005 300.863 6
546.853 302.995 3
134.796 301.799 16
270.788 302.499 17
331.052 301.707 31
312.833 305.214 49
396.539 303.005 16
30.3388 306.547 5
224.568 303.022 22
371.952 306.297 1
251.23 306.948 40
619.595 308.428 3
645.684 306.121 22
19.5356 307.888 1
220.719 307.734 1
490.211 307.354 11
279.89 308.371 11
159.337 307.369 14
410.63 309.605 2
542.88 309.116 43
230.942 310.273 5
266.995 309.34 18
553.403 307.035 25
582.854 308.601 40
104.077 311.928 2
188.471 309.871 23
483.162 311.613 2
133.342 310.411 27
242.587 312.359 8
577.062 311.838 21
599.107 313.529 2
728.993 312.49 7
39.8202 314.94 6
297.435 314.344 50
331.224 312.859 16
561.747 314.277 2
370.807 315.653 7
397.604 316.563 12
617.259 313.836 35
36.9688 317.099 1
548.514 317.229 2
129.544 314.813 18
422.582 318.288 18
715.927 317.951 27
597.667 319.645 23
432.934 321.497 6
745.348 321.869 6
558.841 322.054 13
236.123 319.513 14
442.422 321.165 17
501.594 322.884 3
86.8237 321.149 24
371.145 326.078 15
398.054 323.063 11
591.622 326.029 14
668.45 322.048 6
220.901 322.737 15
600.214 330.246 37
293.991 327.884 2
307.784 326.406 6
108.398 328.176 6
181.339 327.279 15
67.6708 331.039 1
134.278 328.658 5
213.372 328.595 28
300.778 331.082 1
370.754 332.879 3
648.521 330.78 6
97.2608 331.117 32
490.072 336.498 7
562.932 331.797 2
166.465 331.397 32
449.685 333.159 3
627.553 329.552 24
739.652 332.37 3
545.104 332.223 9
577.984 332.26 16
585.245 330.641 32
601.94 333.512 5
730.107 330.65 17
19.5237 335.084 1
404.839 332.41 34
189.644 332.71 37
213.877 335.837 1
679.165 340.948 18
558.19 342.223 30
72.6705 339.058 7
656.517 341.17 2
44.0901 342.71 3
115.932 342.979 8
212.592 343.164 12
498.426 345.353 51
784.661 342.794 1
92.4069 343.913 30
332.895 341.58 30
560.451 347.566 10
608.017 343.253 4
640.381 342.856 7
723.726 343.576 2
541.679 342.013 22
199.943 346.143 4
154.399 347.461 9
350.124 344.529 13
360.704 349.145 5
524.087 344.545 15
262.889 347.687 2
401.446 348.092 3
678.737 347.864 17
134.678 348.828 5
498.614 347.465 7
741.325 351.114 7
515.284 347.602 51
560.034 353.704 10
235.043 351.714 7
168.047 352.508 29
185.304 350.029 31
252.04 352.186 7
637.25 353.188 15
645.834 354.134 10
401.643 354.806 2
523.453 354.598 1
577.545 351.218 13
315.666 358.909 33
367.826 354.962 3
708.08 350.186 54
67.2658 356.282 8
776.093 357.482 1
626.323 357.956 4
127.195 358.376 4
321.775 359.335 1
213.25 358.642 28
465.536 358.784 28
674.987 360.179 12
741.13 361.333 4
788.456 359.581 1
21.2634 361.075 3
136.817 361.071 9
515.888 360.669 28
586.371 358.832 12
699.11 358.203 10
769.815 361.128 11
393.199 358.274 10
725.963 361.153 4
160.001 363.587 19
286.049 361.749 15
527.332 368.627 21
51.7539 364.951 17
83.6798 365.379 16
360.188 363.973 11
561.869 364.316 23
215.056 368.176 4
260.469 366.725 26
349.463 366.878 9
538.319 367.942 15
99.4278 370.641 19
500.111 366.926 13
460.139 368.619 28
672.033 369.775 24
101.213 370.94 2
203.1 369.736 44
449.546 365.415 75
469.225 371.186 2
143.428 373.826 35
159.627 373.93 32
372.226 370.391 72
443.525 370.095 15
528.167 368.508 20
337.884 373.085 1
418.369 368.459 73
66.6908 374.498 23
83.8709 373.023 11
399.885 369.427 45
192.94 374.818 17
219.571 370.406 31
233.3 380.173 18
363.995 373.1 7
204.215 375.7 1
315.621 373.585 41
771.933 375.568 4
100.455 374.808 6
150.388 375.914 5
170.653 374.397 15
297.953 373.929 36
328.32 372.896 54
331.176 375.12 3
162.829 378.446 2
280.819 375.812 30
270.693 376.986 47
84.8319 379.7 5
238.872 379.7 9
461.004 381.313 3
516.847 379.525 3
612.793 380.529 2
471.973 380.609 13
45.4264 380.053 23
400.922 384.931 23
308.017 386.141 20
423.456 382.397 23
149.135 385.825 12
784.831 386.468 2
144.229 386.628 1
776.604 386.284 5
790.734 387.186 1
451.075 387.062 29
254.38 388.779 3
127.631 387.958 47
678.924 388.515 24
757.735 388.342 20
768.878 389.611 1
39.9497 389.964 10
371.208 397.285 25
559.621 393.356 5
743.989 389.714 12
752.927 390.109 8
667.163 389.387 20
696.927 389.749 20
705.742 387.704 54
710.914 391.11 8
724.335 387.829 48
731.134 389.073 11
384.808 393.373 33
575.739 392.084 9
19.6113 392.906 5
83.009 391.138 13
117.826 392.949 10
403.425 393 14
391.399 394.213 8
53.6714 396.282 6
131.83 396.286 3
532.484 396.25 34
535.409 396.921 1
582.595 396.017 7
549.26 396.025 38
613.055 397.034 51
649.608 396.77 39
57.1536 402.821 5
43.7107 403.429 4
168.678 404.704 12
80.2136 405.552 14
603.982 409.03 3
610.345 408.667 2
55.4153 409.675 1
36.4258 411.191 1
28.7952 412.802 1
17.4089 414.145 1
21.7737 414.423 2
169.078 413.612 1
6.7683 416.411 1
154.819 415.985 7
790.22 416.603 2
117.69 417.825 11
136.72 417.809 18
653.338 415.426 32
90.2124 417.626 17
165.966 420.884 3
784.324 418.826 1
64.7355 417.828 4
175.881 420.271 1
71.586 420.833 6
154.384 423.136 25
55.5691 427.315 2
146.313 425.183 20
677.764 428.291 16
762.303 427.923 5
686.041 430.041 5
735.93 429.023 6
114.901 429.031 24
112.579 429.564 5
23.9692 432.976 1
93.1647 433.882 7
88.4762 437.187 2
81.338 438.201 1
74.6982 438.328 10
62.1529 439.953 7
53.4463 441.615 6
45.7537 443.919 4
29.4377 446.009 4
13.5115 448.548 1
560.757 113.645 12
759.997 118.523 6
577.214 121.734 2
693.295 125.697 41
555.823 125.369 1
544.892 128.539 3
675.113 130.412 9
699.108 133.423 3
671.231 132.742 3
693.485 134.009 1
759.137 135.061 6
777.552 139.639 1
553.182 141.373 65
688.456 140.945 1
537.189 143.269 10
681.312 143.718 70
758.896 147.524 3
734.242 147.449 1
789.431 148.351 1
703.233 150.232 1
535.992 150.373 4
551.738 151.074 16
562.333 150.605 16
650.609 151.378 18
658.756 151.248 7
690.75 152.051 3
541.692 152.842 3
724.943 154.236 7
753.049 152.665 14
731.395 156.424 40
782.667 155.118 1
770.775 158.391 5
720.031 158.867 4
755.73 161.228 6
701.139 161.425 2
681.75 166.357 12
740.033 164.504 18
709.44 167.542 7
785.582 168.424 2
555.447 170.398 33
583.047 174.447 1
651.075 173.696 1
721.875 173.484 9
779.297 175.127 1
635.853 175.387 17
773.217 176.144 1
741.167 176.814 1
765.734 178.826 6
793.508 178.678 1
650.258 181.753 14
150.571 182.188 45
606.503 181.212 6
708.04 180.503 37
584.133 181.564 19
659.027 182.932 3
744.487 185.603 8
613.857 185.184 3
643.488 187.359 73
741.598 186.987 3
776.834 185.143 1
793.035 185.219 1
152.799 189.903 6
627.076 185.675 8
145.135 187.345 16
588.806 188.509 3
683.247 186.425 30
722.125 189.521 4
139.71 191.099 4
163.069 189.114 7
776.926 191.149 3
736.148 193.04 12
581.518 199.198 36
687.799 195.263 21
593.912 195.17 7
729.234 195.482 8
757.309 196.324 7
771.54 195.669 4
153.142 196.871 36
650.145 196.97 3
167.643 196.822 10
624.196 195.166 4
666.615 196.946 7
742.446 199.693 11
137.127 200.107 3
632.936 201.584 43
728.548 201.501 14
482.22 202.059 3
739.245 201.886 6
98.6275 206.936 33
12.3794 204.364 1
567.156 205.663 16
149.14 204.844 1
575.852 204.98 17
703.161 204.717 6
754.548 205.04 1
782.863 204.659 1
529.764 207.685 9
157.62 208.191 12
569.302 210.194 12
187.358 207.614 18
485.378 209.698 11
660.423 208.351 20
737.777 209.86 11
175.965 213.265 17
618.748 211.53 30
112.19 211.639 8
605.037 211.206 1
774.624 211.163 4
8.049 211.881 1
23.4322 211.932 3
91.1777 213.468 7
715.563 212.723 10
727.629 216.036 16
755.627 218.295 12
139.541 214.426 7
587.485 213.052 16
132.296 213.826 2
745.499 214.611 7
567.377 216.192 27
437.233 216.396 2
670.464 217.84 15
192.196 216.748 17
481.239 220.272 11
494.418 217.116 36
525.617 218.231 4
536.449 221.005 20
607.891 217.173 24
695.345 220.228 38
785.12 219.02 1
680.731 221.958 12
773.163 221.524 4
117.27 227.024 13
437.419 223.172 8
626.358 225.795 12
658.002 220.92 12
12.0422 224.318 1
196.011 227.506 23
204.704 226.883 18
417.132 226.546 19
431.164 225.104 3
522.013 223.269 3
26.759 226.593 12
122.082 226.568 6
492.528 231.394 59
506.338 226.631 12
695.075 227.789 7
132.223 228.642 27
166.82 226.63 5
182.542 227.4 2
565.9 229.17 15
747.904 226.927 4
95.042 229.661 47
480.112 230.638 5
677.245 229.319 4
175.478 231.333 35
424.68 226.651 35
545.472 230.584 18
71.2065 231.492 11
788.819 230.882 1
638.056 233.211 3
114.88 233.959 9
79.5176 234.955 17
143.572 235.553 15
184.021 232.908 3
218.142 236.959 20
595.099 234.199 42
677.256 237.075 60
64.581 235.531 5
190.781 238.286 34
440.058 234.81 19
539.27 234.552 5
484.186 241.565 42
671.227 240.186 13
684.92 234.982 8
697.628 239.768 7
124.578 238.629 7
174.855 238.208 4
414.987 242.542 10
103.586 240.339 11
235.834 239.997 4
600.502 239.182 4
639.282 242.057 13
713.372 240.274 36
432.578 241.768 3
545.262 241.592 14
198.569 242.812 3
356.853 248.762 23
664.137 244.914 28
726.859 242.445 1
76.0513 245.028 32
110.822 243.338 7
176.792 248.348 43
413.181 243.599 6
477.836 242.857 14
495.093 244.269 11
519.095 245.008 14
119.075 244.299 9
130.295 246.348 5
794.577 243.455 1
28.4635 243.118 12
146.52 244.832 2
221.498 252.384 27
433.168 244.502 1
733.817 245.285 2
427.487 244.137 12
589.807 246.946 18
599.295 246.184 9
159.058 247.912 19
553.218 248.708 27
622.521 248.345 14
660.538 255.747 25
245.48 247.486 4
351.35 248.85 7
367.883 247.527 14
531.684 250.123 44
124.629 249.357 4
187.258 249.539 6
788.639 248.899 1
411.183 250.359 21
444.464 248.043 16
642.669 252.878 29
90.6765 250.477 22
105.372 253.204 23
221.746 252.24 10
751.486 252.691 7
56.3201 257.797 35
177.925 253.293 23
506.635 255.385 20
758.524 252.524 9
126.535 254.531 2
137.788 256.713 22
164.282 255.419 7
210.802 255.069 2
237.268 255.388 9
370.76 256.091 23
429.008 254.36 12
579.71 256.281 26
612.641 256.622 17
729.903 255.542 2
30.0738 257.641 3
109.717 256.801 1
116.319 257.392 3
227.394 258.247 7
255.392 256.891 7
479.989 261.646 60
570.269 257.308 21
51.7155 259.432 4
96.4004 258.05 5
152.684 259.235 6
511.27 258.731 1
516.917 258.834 1
675.056 255.811 4
45.948 260.734 3
218.5 260.372 12
575.469 261.403 7
131.494 260.742 4
759.535 260.625 5
347.603 262.91 24
415.841 260.584 9
469.369 263.975 17
118.521 263.194 2
251.952 263.891 7
495.703 262.817 11
197.46 263.413 27
206.202 263.739 11
409.991 265.743 41
504.753 262.866 30
26.6957 265.475 8
264.28 268.16 53
376.094 267.258 23
673.123 265.324 7
692.702 263.168 19
457.563 267.486 16
539.096 266.52 26
42.7774 268.662 10
223.375 267.45 3
774.779 267.183 1
50.8261 269.387 9
238.663 268.017 4
446.165 267.75 9
485.284 269.385 6
610.143 267.45 7
633.719 268.302 8
124.309 270.401 5
183.204 268.725 21
20.0966 269.91 1
512.749 270.174 21
93.1876 271.171 2
160.614 272.477 13
212.287 270.778 5
374.728 270.774 1
525.244 270.747 6
622.883 270.596 3
643.213 272.497 7
764.856 271.291 2
790.837 270.312 1
131.75 275.114 16
426.016 271.024 24
537.839 271.768 2
247.648 273.081 1
328.67 275.543 19
688.143 273.077 1
117.245 273.595 27
345.14 273.819 17
413.892 276.948 24
42.8224 273.658 2
543.401 273.202 10
666.091 275.661 18
38.8156 276.321 1
84.6248 276.881 16
206.798 275.754 6
469.348 277.177 11
484.516 275.734 3
10.0464 277.326 1
147.91 276.822 3
213.924 277.112 6
265.174 278.452 8
560.204 277.991 18
572.585 276.797 1
600.529 278.708 7
162.426 278.161 3
588.894 280.814 13
51.8407 282.023 16
190.544 278.797 6
324.926 279.018 8
340.939 281.443 5
623.061 280.117 32
59.7822 279.867 13
75.2698 280.71 9
139.596 280.295 7
239.171 282.227 18
392.012 281.416 11
501.76 279.958 10
526.705 283.881 19
117.364 280.996 10
460.675 281.015 23
513.986 282.772 8
686.279 280.599 10
276.671 285.394 9
95.7917 284.029 5
549.806 283.375 2
654.835 282.497 29
720.513 282.55 4
736.267 287.249 19
791.852 283.481 1
457.792 286.557 6
622.032 284.507 3
36.6134 285.099 8
498.807 286.38 16
589.366 284.909 2
52.1334 288.088 6
89.8076 287.984 11
160.097 286.246 2
447.398 285.699 7
465.183 286.198 3
76.2428 288.206 10
139.169 289.033 18
418.941 287.411 12
613.692 292.107 26
734.445 287.018 2
101.096 287.954 8
322.2 291.751 39
602.125 285.217 19
785.462 288.009 1
185.424 289.084 2
337.366 289.817 47
407.75 288.732 28
627.462 289.918 11
242.167 289.501 27
286.576 289.731 3
342.962 289.554 19
475.665 294.322 24
704.41 292.304 10
719.359 290.039 5
770.047 290.016 1
227.221 290.528 2
541.412 291.441 3
748.151 292.184 18
193.247 298.92 20
220.658 291.395 1
415.37 292.34 5
434.146 290.932 29
441.205 291.686 10
104.688 292.925 3
265.758 293.825 19
590.285 293.615 5
12.998 293.737 3
247.575 294.873 4
379.903 292.535 1
459.874 294.818 10
528.395 293.974 27
290.223 296.05 22
392.279 294.953 27
497.04 296.571 16
612.126 296.526 4
733.868 295.315 7
34.9646 296.03 6
307.897 296.078 9
298.698 298.011 6
770.259 298.635 5
792.956 297.923 1
5.59117 297.807 1
109.432 298.006 1
164.423 298.102 21
385.661 303.552 24
512.17 297.415 6
640.069 299.629 17
746.808 297.686 2
191.763 299.837 9
326.956 300.554 8
409.1 300.881 15
434.572 302.822 20
533.968 300.688 16
629.911 300.58 22
15.0593 300.896 1
97.931 300.783 1
212.397 301.235 38
453.725 301.114 6
720.417 300.811 18
785.487 301.41 1
76.3921 302.456 3
179.738 303.26 9
526.414 301.817 12
109.311 303.266 10
151.191 303.339 8
198.324 303.084 3
260.332 302.696 8
558.922 305.315 12
46.7604 303.529 8
603.599 304.225 10
277.548 305.29 6
314.936 304.222 9
470.034 304.42 1
539.341 306.216 6
756.038 305.542 11
27.1088 306.061 7
38.1974 305.889 7
266.086 307.157 4
477.767 307.095 14
589.412 306.42 2
105.924 307.017 5
204.436 307.003 9
390.386 307.481 5
438.045 306.277 15
535.66 308.663 9
612.717 306.147 8
776.505 307.206 2
793.153 306.681 1
565.487 307.403 3
96.3019 310.022 19
131.816 311.159 4
214.815 308.659 8
403.409 308.723 8
637.153 307.496 6
705.894 310.165 8
33.9939 310.211 2
386.3 310.188 6
625.597 310.232 17
11.6479 311.048 3
142.866 310.789 1
225.962 315.339 20
328.194 310.46 7
378.936 311.053 13
468.016 311.053 3
527.454 310.677 3
84.929 312.007 12
164.769 312.392 3
19.6096 313.013 1
196.689 313.016 4
234.381 316.257 28
306.361 312.873 16
425.15 312.616 2
452.254 314.504 22
65.7756 314.488 12
410.298 314.298 24
632.661 314.243 14
121.727 315.614 12
192.094 316.809 10
497.718 315.166 18
538.487 315.825 17
722.781 314.577 1
249.09 317.735 19
279.198 315.616 16
553.057 315.956 6
612.336 316.318 2
713.963 317.715 9
746.258 315.629 2
101.077 318.239 13
157.221 316.471 22
338.539 318.435 8
480.273 317.666 13
606.727 317.643 13
661.924 316.416 27
139.432 318.6 17
582.169 320.937 5
640.727 319.188 4
777.044 318.389 4
170.78 319.681 9
324.617 318.434 15
348.303 318.653 4
501.91 318.352 5
7.34226 319.955 2
44.871 320.305 6
219.014 319.597 7
439.576 320.271 6
467.056 321.129 23
65.9831 323.09 15
188.578 321.349 21
211.329 320.608 7
263.767 322.177 5
199.983 322.462 5
363 321.668 7
453.216 321.438 7
476.18 323.533 10
383.776 323.727 7
619.798 324.291 9
645.096 325.08 15
74.4817 323.54 10
245.744 324.777 1
300.4 326.39 4
697.083 325.188 12
227.671 325.561 9
510.075 323.465 5
568.99 328.911 14
719.493 325.355 11
43.041 326.834 4
671.96 331.629 19
481.595 330.06 46
736.205 326.261 3
104.591 328.586 5
123.605 329.4 26
202.841 328.942 3
284.834 331.084 10
5.48901 330.282 1
18.698 332.034 3
90.8771 329.414 16
190.337 330.329 4
378.534 330.862 11
399.512 330.832 10
442.336 332.132 18
387.179 329.654 8
544.209 328.602 4
248.959 338.162 26
314.541 334.362 4
571.202 334.35 13
614.579 331.059 37
142.526 333.323 9
178.127 335.425 10
293.765 333.465 9
350.489 332.783 1
416.079 334.16 26
779.456 332.418 2
794.087 333.34 1
11.779 333.682 1
70.6155 334.045 3
130.355 334.901 3
277.828 333.408 6
306.466 335.522 48
510.934 334.482 19
460.311 336.2 3
219.514 336.944 23
391.715 337.374 5
63.3499 337.582 5
432.94 338.525 4
607.896 336.897 3
100.315 337.502 5
123.172 338.951 11
165.036 339.86 8
478.581 337.545 9
582.739 338.405 15
662.738 339.504 22
722.922 338.486 8
756.393 339.379 6
764.704 338.065 1
39.4313 339.164 14
88.9721 339.458 3
266.062 336.099 4
340.706 339.696 8
447.621 338.652 1
466.93 339.085 3
535.602 340.232 21
554.3 342.905 9
574.336 340.698 16
630.788 339.454 8
161.235 340.273 2
512.739 342.411 8
691.66 340.1 5
356.763 340.553 5
299.469 342.495 16
411.183 346.757 14
131.521 343.289 9
142.185 344.235 28
179.587 344.219 3
283.798 343.102 36
331.818 340.747 7
5.22519 344.347 1
239.114 340.451 17
618.988 346.951 10
734.862 343.673 11
745.936 341.611 22
193.565 344.873 6
454.651 348.354 14
482.098 345.395 26
601.135 346.028 31
651.849 348.558 19
750.914 345.243 2
39.4707 346.343 5
100.987 345.333 6
316.391 347.959 33
383.372 347.115 27
364.187 347.56 28
629.652 347.31 12
687.074 348.328 13
206.369 347.871 13
227.508 347.785 1
338.352 348.326 7
779.85 348.093 1
20.3557 349.555 1
24.9118 348.929 1
220.679 354.495 32
277.263 350.513 13
331.236 349.368 4
372.287 349.528 5
536.897 350.86 20
546.552 349.034 2
639.103 350.764 35
72.4455 351.684 3
162.349 351.082 24
346.515 349.553 2
356.416 350.061 3
554.505 350.415 5
618.773 350.653 4
11.5065 351.469 2
519.933 351.396 4
749.54 350.13 7
266.399 352.518 11
697.501 351.595 6
790.136 352.132 1
44.8873 352.75 2
225.006 352.651 2
292.92 354.621 17
326.002 354.488 13
381.402 355.532 8
430.471 352.507 5
446.041 351.703 14
610.217 358.254 52
723.753 352.521 18
492.939 355.459 14
757.431 355.403 15
681.924 357.74 12
6.19313 357.365 1
143.186 355.451 9
249.653 358.404 35
372.184 356.966 10
392.272 356.71 3
732.173 357.71 7
99.9885 361.144 26
257.143 357.561 14
480.043 359.917 23
652.934 359.116 9
780.91 357.787 2
170.429 361.243 6
227.64 359.195 5
269.301 359.301 22
309.622 359.504 17
600.073 359.383 21
99.018 361.072 6
365.22 360.278 5
457.772 362.026 8
794.523 360.05 1
68.8143 361.76 3
285.458 361.209 2
473.693 365.03 28
704.389 362.272 21
11.6676 361.623 1
157.085 363.285 6
186.844 361.894 14
241.944 363.537 8
326.259 362.309 8
669.629 361.276 3
520.845 363.527 8
91.4235 363.794 5
201.109 364.045 14
355.412 364.117 3
465.689 364.579 4
576.096 365.226 37
592.663 363.451 28
775.24 364.372 1
59.8954 364.172 8
144.163 366.238 25
220.3 366.525 10
275.497 367.023 8
641.248 366.697 15
682.351 364.807 14
304.048 366.4 19
344.218 366.847 43
625.318 365.27 16
473.611 370.755 14
617.362 367.262 2
763.16 367.186 10
168.796 369.025 13
260.46 371.388 9
292.002 365.957 9
608.079 367.318 13
96.5922 369.526 1
177.7 369.777 22
226.838 369.422 5
365.393 368.397 5
379.335 368.86 2
670.15 369.085 12
90.3442 370.428 19
359.363 371.793 3
719.03 372.01 23
739.798 370.925 6
775.437 371.521 4
791.407 371.244 1
74.9654 375.285 22
242.181 372.792 21
546.465 372.156 21
624.331 372.708 15
652.131 372.085 1
727.197 371.649 9
46.3484 373.644 6
475.627 374.246 16
28.936 374.491 4
108.577 374.469 30
676.06 374.404 4
34.9522 378.543 13
457.582 375.728 9
556.886 375.788 36
93.5947 375.787 1
147.273 371.484 9
422.314 376.84 6
440.233 379.886 27
595.132 375.814 12
765.039 378.422 8
59.5108 377.548 18
369.178 381.022 10
407.83 381.058 42
491.391 377.616 37
125.805 377.927 7
255.207 376.848 37
305.79 377.598 15
337.961 378.776 48
526.074 380.557 39
578.748 377.554 18
681.333 378.586 5
705.005 378.342 3
788.023 377.954 1
80.6068 378.921 9
361.51 378.952 7
710.745 378.86 7
750.635 378.669 9
9.13603 379.785 1
155.638 380.943 7
218.323 383.117 47
230.315 381.114 7
448.663 378.232 6
189.718 382.498 12
292.981 390.919 25
319.036 389.595 36
390.581 383.065 6
467.121 380.823 9
544.313 386.178 20
183.928 381.304 35
276.802 382.925 11
285.355 382.204 6
296.044 382.816 7
328.197 385.044 24
89.6215 383.957 14
122.283 382.826 2
438.317 382.991 1
127.528 383.49 1
172.201 384.914 33
263.298 383.519 10
341.011 385.432 13
107.467 385.767 19
306.227 385.019 2
358.314 387.728 26
407.615 388.986 16
705.893 386.575 3
47.8812 389.335 21
56.1201 385.227 8
211.785 388.365 11
219.806 390.836 19
234.039 388.788 24
584.279 388.061 35
136.855 391.251 16
162.392 388.125 16
207.161 388.539 7
438.251 390.107 17
25.7367 393.679 12
349.491 390.316 8
363.72 392.385 11
607.342 390.214 10
151.892 392.71 31
416.081 390.566 18
63.333 393.249 17
94.1605 393.405 30
142.515 393.24 15
199.167 390.399 30
212.355 395.252 35
317.98 393.478 25
587.271 393.739 12
454.021 396.938 73
622.215 395.483 10
767.127 396.651 8
121.955 398.371 28
230.658 396.542 13
601.632 396.668 12
715.92 397.888 16
555.381 395.42 1
594.552 394.969 33
513.546 396.534 12
565.293 398.067 14
608.767 397.395 4
660.193 400.637 25
13.1799 397.803 1
24.2925 397.99 4
81.2422 400.417 17
151.051 401.044 11
535.037 402.218 7
456.868 403.425 12
505.541 404.154 10
512.776 404.298 10
613.389 404.049 1
620.123 404.227 1
14.4844 404.987 1
23.4382 405.24 1
649.429 405.18 1
51.1905 408.575 12
102.662 406.249 20
443.933 409.718 8
10.5844 409.906 3
186.054 411.708 12
391.877 408.738 1
520.971 408.742 14
495.181 410.703 18
501.01 410.383 13
115.839 411.416 2
123.703 411.379 8
175.719 410.578 1
70.5719 412.17 1
76.5406 415.197 9
88.4605 412.507 5
607.331 413.431 11
58.5326 414.596 8
591.283 414.873 28
782.878 413.992 1
662.007 411.524 28
32.9278 417.062 8
169.566 419.629 21
18.4641 419.274 1
181.924 419.263 4
53.2703 420.296 1
103.404 420.453 3
156.731 421.1 1
790.415 421.208 1
80.2238 422.715 17
138.858 422.865 5
94.8676 424.86 12
651.898 425.273 9
40.8271 425.101 6
128.229 424.33 4
61.5633 426.125 19
24.1755 429.486 4
5.74548 427.536 1
159.709 429.603 6
45.7934 430.6 3
14.4093 430.779 1
65.5622 432.089 5
103.706 431.78 3
146.722 432.29 6
73.5684 432.426 3
766.181 431.562 2
648.111 434.214 3
28.8064 436.359 6
6.85511 436.302 1
661.062 436.191 4
682.444 437.713 5
18.7932 437.401 1
723.529 438.152 3
778.89 441.268 2
5.58513 454.051 1
552.857 109.306 4
569.62 117.967 4
538.106 123.914 7
661.206 186.627 3
608.596 198.222 8
549.284 207.695 16
607.556 248.07 32
624.062 257.169 14
165.005 259.714 7
78.0692 269.562 6
229.532 270.964 12
147.051 294.181 33
235.999 300.406 36
478.393 297.505 16
500.664 298.646 12
624.036 302.742 17
450.947 316.022 3
34.9809 323.616 20
176.9 326.9 9
647.666 326.456 1
753.403 330.525 20
698.621 343.388 33
659.674 346.323 6
688.939 350.577 39
220.461 355.873 6
21.5572 370.757 3
570.263 371.759 36
158.583 374.558 5
168.787 374.172 2
506.131 375.254 50
208.568 380.435 21
506.318 388.162 11
573.903 397.363 3
785.226 394.014 1
169.75 420.424 1
190.335 422.472 30
706.159 438.424 2
543.87 136.226 4
750.99 143.254 2
554.338 154.988 5
679.288 159.615 8
712.79 158.856 8
675.918 182.529 2
574.831 186.65 15
737.363 194.287 1
106.227 201.337 11
154.872 197.335 4
85.8243 208.134 4
690.266 210.535 52
195.169 217.253 3
425.21 220.602 15
497.469 218.921 6
21.5765 222.205 1
82.77 222.789 5
217.937 228.229 2
549.386 227.576 10
616.304 230.122 28
632.115 238.106 40
651.313 240.965 43
20.7776 247.948 1
56.5757 240.46 9
473.804 252.244 2
343.785 254.95 1
35.5009 268.876 1
54.3734 271.42 5
385.615 275.435 1
543.731 280.231 16
287.428 283.585 2
488.161 286.985 12
300.68 291.656 2
444.426 298.619 11
131.901 302.239 3
449.013 303.898 13
256.391 312.416 18
89.6629 320.534 6
581.802 330.274 5
127.095 351.623 9
711.447 353.663 14
468.56 353.175 9
584.87 355.66 7
84.2371 362.882 1
767.358 368.652 3
344.938 368.628 3
446.569 365.586 8
466.072 369.091 1
137.07 372.392 3
400.429 371.114 4
432.012 380.226 19
46.6269 379.485 1
259.889 379.301 3
67.0538 379.59 12
483.161 381.387 8
62.7293 383.114 6
21.057 386.505 2
467.026 390.202 5
700.208 391.073 1
746.526 390.225 1
627.571 399.24 16
648.398 399.022 4
565.435 411.542 34
715.986 428.4 19
759.701 429.547 4
703.516 430.187 18
749.538 430.148 9
690.999 128.853 4
702.165 136.837 1
763.171 136.192 1
552.93 146.402 13
680.354 145.232 1
565.564 154.006 4
774.377 156.115 1
684.532 169.328 2
555.735 173.887 4
709.398 181.391 2
148.122 186.471 5
684.889 185.093 14
776.561 194.29 1
584.17 197.634 12
598.077 200.975 5
745.883 203.553 14
98.0505 211.036 13
549.745 210.68 2
13.6067 211.892 1
28.751 212.604 1
178.261 216.423 9
731.99 218.183 13
148.917 218.956 76
695.412 222.587 4
756.534 220.414 3
684.499 223.885 1
776.444 222.896 1
515.053 229.09 20
30.2633 229.726 1
95.1717 230.477 3
200.305 229.342 8
499.636 231.969 16
570.792 232.9 5
74.7953 237.875 7
223.307 239.671 9
677.077 237.137 2
141.412 241.906 21
715.419 241.821 3
31.7245 244 1
415.522 247.123 8
483.751 243.932 8
166.954 249.119 6
249.802 248.309 1
497.509 249.007 14
572.108 247.475 9
624.658 249.165 2
355.885 250.308 1
531.916 250.05 2
587.452 252.918 6
664.515 251.332 13
647.009 258.608 10
104.417 257.104 5
374.574 258.269 1
582.606 260.128 4
611.031 258.822 5
57.3592 259.408 3
139.127 260.461 2
480.549 262.771 5
31.1555 264.141 5
211.619 264.809 7
354.043 263.013 4
410.26 265.417 2
694.372 265.222 8
463.748 269.32 3
264.695 271.14 4
236.179 270.778 4
429.467 271.489 1
153.448 277.999 13
329.49 278.841 2
651.14 276.084 9
669.31 277.139 3
625.224 281.539 5
483.69 281.267 6
527.818 282.89 2
559.695 285.11 28
602.399 285.011 1
53.7908 285.365 6
394.147 283.734 2
686.482 283.077 3
117.946 286.692 1
375.514 286.471 1
39.7934 287.115 2
738.761 288.341 1
85.4512 291.817 4
660.93 290.24 13
323.817 296.805 9
614.885 293.778 11
708.094 294.783 1
38.4412 294.897 2
199.972 295.542 6
749.235 295.628 1
270.151 296.735 39
291.437 304.471 10
738.611 295.02 4
120.425 296.818 31
215.221 301.043 10
627.024 305.811 3
43.4633 306.227 1
155.603 303.119 4
187.263 303.37 12
758.317 308.65 2
129.8 313.096 1
226.086 318.987 3
567.41 315.385 4
663.574 317.066 3
234.195 318.981 6
452.738 318.675 1
142.085 322.106 3
160.012 323.42 15
192.266 319.857 3
342.558 322.029 5
541.083 320.235 1
216.064 323.945 1
699.429 323.773 2
626.335 326.441 22
468.823 330.124 42
567.928 331.888 11
94.0001 331.466 3
404.056 331.961 6
487.203 331.237 9
756.654 331.536 2
439.958 336.04 3
282.537 336.283 1
417.95 337.511 4
43.6135 337.677 9
221.026 338.764 1
240.049 343.639 23
541.643 341.641 1
579.763 344.189 5
701.378 344.862 3
70.5234 346.836 12
283.249 348.924 5
516.868 345.242 1
602.411 347.887 3
387.251 348.823 9
658.575 350.351 11
103.331 352.398 16
449.779 353.337 6
569.431 349.252 15
638.779 353.481 9
432.68 353.739 7
537.216 355.603 4
760.713 354.937 2
330.304 355.477 5
250.913 358.194 2
192.855 357.472 23
596.981 360.358 2
476.587 364.717 2
734.591 363.401 10
782.092 363.943 1
417.795 366.858 2
371.007 367.507 4
580.746 367.478 1
681.221 372.95 5
642.877 369.343 2
147.408 371.431 19
19.8142 374.387 1
278.608 373.073 1
385.478 376.984 26
471.345 377.841 2
506.277 377.146 2
556.638 380.532 11
199.231 383.055 12
367.618 384.063 5
411.458 381.915 12
422.981 381.684 1
441.645 381.395 3
525.955 382.815 5
17.4725 383.745 3
288.09 390.448 11
275.787 391.951 17
321.175 389.194 3
546.861 387.417 2
173.868 389.239 9
49.5481 393.186 3
96.7127 397.595 11
150.831 394.826 6
28.3497 395.998 1
65.867 400.59 14
455.742 397.736 3
788.166 396.593 1
216.265 398.945 3
123.739 400.923 2
405.774 398.636 9
494.919 398.314 13
716.63 400.264 3
759.657 399.522 9
164.416 403.899 28
182.059 400.063 14
354.744 400.994 31
379.36 401.153 46
433.858 401.927 12
664.321 404.379 12
528.776 408.734 11
574.617 420.762 8
80.6557 426.083 8
644.75 425.327 8
26.3536 430.221 2
34.2544 440.475 2
10.5561 441.125 1
753.607 442.319 2
586.931 253.968 3
654.132 279.394 1
561.838 289.504 2
120.256 296.307 4
540.05 326.089 3
705.851 344.223 8
140.328 405.418 11
593.784 422.105 6
623.484 189.164 6
563.314 195.205 1
127.913 213.494 4
201.708 212.999 7
509.417 217.703 11
83.4734 223.696 1
228.474 230.146 3
637.674 244.754 6
338.791 264.57 3
394.978 270.11 7
549.017 274.462 1
309.861 289.722 1
642.576 288.369 29
647.007 317.08 19
300.639 321.408 5
82.4413 335.953 15
598.648 334.051 1
620.187 333.573 3
711.7 346.579 5
93.3138 356.667 6
138.029 354.748 9
184.678 355.51 2
264.77 379.588 3
82.4161 395.435 1
636.545 398.616 10
723.573 428.309 3
753.155 432.14 1
555.289 148.179 1
686.702 149.013 6
575.741 162.473 1
560.985 180.276 5
716.159 184.802 1
641.408 194.226 17
583.828 207.095 7
728.036 221.325 1
148.995 229.218 12
542.623 225.693 3
103.499 229.397 3
762.246 229.718 2
490.908 240.427 1
218.973 245.539 2
678.969 242.134 3
39.3891 248.5 1
82.5161 249.486 6
421.504 257.821 11
624.347 264.824 5
665.712 256.193 1
68.2091 264.215 1
354.813 266.149 17
486.657 260.061 10
592.556 262.808 15
565.645 289.298 3
603.582 291.878 10
126.785 297.104 4
331.042 298.324 1
276.017 299.83 1
233.324 323.875 1
634.113 332.27 1
765.511 330.343 1
103.423 333.841 1
292.778 343.188 3
425.064 349.887 3
668.924 347.316 18
605.375 360.044 6
692.672 359.987 4
482.082 369.158 7
148.18 374.356 5
88.6065 378.872 1
207.989 392.638 1
334.037 392.489 19
283.84 395.29 6
52.8976 399.15 1
103.888 405.776 1
461.366 404.011 2
675.125 409.1 3
750.321 407.517 1
483.022 414.383 9
528.475 415.103 6
618.516 420.826 1
221.151 424.454 1
494.194 440.956 1
687.242 449.061 1
308.611 349.51 3
736.702 141.942 2
624.019 182.128 12
562.242 199.145 2
130.256 207.257 1
208.256 219.046 6
633.649 227.543 7
466.883 251.528 8
398.226 266.834 1
311.908 283.924 3
594.382 335.562 3
719.287 347.724 1
547.984 355.914 6
449.092 366.308 1
60.3762 379.067 1
751.841 178.398 3
594.831 225.727 1
508.501 266.114 3
433.372 282.793 3
580.367 297.516 2
353.699 301.722 1
620.551 378.053 2
220.761 398.346 8
305.874 408.445 1
335.147 408.049 1
427.899 408.092 1
479.718 409.687 8
691.836 420.951 1
615.768 430.346 1
150.545 466.748 1
509.082 469.873 1
675.709 267.878 1
126.608 408.051 3
646.31 182.584 1
71.9778 234.827 3
476.284 233.599 1
398.223 251.566 3
315.713 274.743 1
704.403 274.907 1
148.388 282.317 1
464.601 326.867 1
492.991 435.703 1
359.648 247.488 3
685.016 158.294 8
719.605 183.935 1
763.317 187.348 4
633.115 190.256 10
147.029 201.06 3
167.47 209.533 12
163.988 211.153 6
696.149 210.012 1
554.653 217.755 6
674.25 222.826 4
153.595 233.345 6
601.933 233.411 3
506.929 245.482 2
142.779 249.967 1
584.709 251.919 3
598.176 271.812 4
727.23 270.51 1
145.54 271.857 3
582.642 273.657 1
518.595 278.456 4
42.6517 282.593 6
214.975 287.308 14
697.852 289.021 6
387.115 292.05 6
760.643 301.524 2
130.474 302.668 1
115.798 306.442 11
741.597 310.009 4
772.149 312.642 4
503.428 313.247 3
547.869 313.677 3
213.255 313.144 4
342.829 324.549 1
513.461 330.685 4
239.502 330.01 5
553.782 330.205 8
253.127 331.75 3
517.874 331.911 10
160.078 330.228 6
287.185 336.449 8
325.198 338.596 5
487.819 337.749 8
591.939 339.321 1
138.834 352.053 7
282.252 351.861 3
637.99 358.045 9
233.764 356.37 6
338.292 367.023 7
588.623 371.569 8
78.6614 371.975 3
290.94 373.648 10
510.824 378.1 2
571.65 377.769 5
136.484 379.927 2
236.928 383.128 3
59.3427 383.453 3
97.7592 383.396 11
69.6194 385.629 8
688.428 385.307 9
336.326 391.592 15
373.753 392.884 12
95.8989 416.646 8
110.922 418.835 6
143.298 417.192 3
551.323 121.034 5
768.472 134.662 8
682.757 184.735 6
103.045 207.279 4
638.107 209.653 5
606.37 214.296 2
431.886 217.326 17
755.253 216.072 2
668.969 224.457 4
137.176 242.138 5
189.367 244.097 4
761.732 244.646 4
169.79 249.91 3
80.354 252.85 6
60.972 268.182 1
376.428 277.386 4
213.049 280.515 3
21.3141 284.359 1
380.819 284.095 1
68.6738 285.114 3
375.778 295.421 2
62.9304 301.042 9
203.402 314.944 16
526.384 320.812 5
128.464 322.624 2
390.828 327.404 7
581.302 328.725 2
460.935 332.64 2
237.896 339.458 4
60.9099 345.482 1
68.0259 344.354 2
76.3583 345.211 9
728.911 345.413 3
472.394 347.2 4
451.413 347.825 3
569.727 348.059 4
117.162 352.729 1
192.752 357.448 1
665.883 359.301 6
472.487 363.649 1
227.859 363.737 4
695.606 366.142 1
506.254 367.715 3
711.25 367.368 9
775.588 367.353 1
448.287 373.878 2
348.185 376.4 3
735.619 376.586 9
400.081 378.632 4
599.513 383.236 7
79.8698 389.539 14
108.445 397.747 18
697.856 398.108 9
725.116 397.19 6
732.103 398.891 4
94.4639 413.582 2
733.929 427.017 1
112.441 428.116 7
35.412 436.054 1
98.9128 439.296 5
698.418 242.76 3
655.552 168.744 3
144.69 205.877 1
139.877 246.33 6
94.992 251.394 8
232.775 260.241 1
445.461 299.97 1
532.206 330.539 20
650.986 365.71 8
297.217 372.706 1
315.883 372.524 1
431.238 372.902 14
491.817 384.969 32
38.6533 385.795 3
307.159 391.017 8
399.692 390.781 1
566.782 397.261 6
69.7827 418.428 1
704.404 140.395 1
565.252 157.933 2
663.591 209.618 2
144.496 221.068 1
545.167 221.36 7
117.416 230.606 3
202.121 231.844 2
77.1314 241.436 1
355.303 258.041 9
448.007 254.21 1
463.025 271.427 3
738.067 292.429 2
710.755 298.326 2
499.96 306.266 6
108.54 311.5 1
222.708 319.821 1
159.572 325.92 8
418.856 343.007 9
480.207 348.227 1
604.16 353.772 3
621.561 354.417 8
448.182 356.796 1
234.556 365.67 17
527.831 367.703 3
579.217 370.548 6
186.893 382.829 1
227.132 381.911 1
211.887 383.372 1
528.921 387.09 9
368.644 386.023 2
290.021 394.959 11
546.883 390.943 2
392.657 401.894 9
134.851 401.856 7
621.035 412.829 3
185.761 441.266 1
642.966 191.654 2
547.851 220.839 4
432.486 266.837 10
529.229 413.659 1
621.989 419.28 3
551.95 419.648 8
621.618 218.693 7
226.98 225.95 1
277.17 273.468 2
558.861 353.638 1
455.233 366.926 1
322.324 368.682 5
558.571 185.686 4
584.828 218.724 4
492.86 249.829 7
672.636 252.145 2
421.29 263.577 5
628.667 266.326 2
358.43 273.668 7
469.89 282.999 7
603.494 298.805 8
123.194 298.875 1
396.636 298.834 2
634.762 328.553 3
105.527 338.244 2
425.434 353.843 2
605.244 363.915 1
478.869 374.326 2
205.914 395.725 1
331.228 397.818 5
413.733 397.199 7
673.56 413.242 4
221.989 433.686 1
691.8 455.824 1
558.523 207.644 9
205.439 212.705 1
527.579 211.68 2
628.417 228.885 5
397.677 263.771 1
394.275 372.379 2
549.132 375.096 2
596.844 233.171 2
509.785 275.557 11
770.68 128.893 3
760.382 126.153 5
741.218 156.042 3
675.191 161.351 5
681.688 192.335 2
643.447 207.505 15
649.894 242.391 1
553.166 163.314 12
667.107 279.906 2
713.377 324.458 1
608.631 227.303 2
644.424 277.079 7
743.229 378.265 7
645.961 283.991 3
638.035 293.685 1
651.112 313.997 2
567.179 249.504 3
530.068 224.067 2
568.191 270.404 3
620.22 331.232 4
569.109 285.31 2
492.27 212.458 2
607.346 327.42 2
573.264 298.215 8
516.387 247.643 7
614.229 347.16 3
633.38 367.618 4
584.99 322.098 2
597.007 340.595 1
526.939 286.387 4
437.416 213.372 1
513.308 291.644 24
480.206 270.673 5
520.589 309.787 18
442.997 244.675 3
551.354 364.962 7
497.826 321.033 4
422.319 253.132 6
534.337 367.403 1
510.424 361.324 3
459.919 318.005 1
514.706 372.964 9
556.029 411.856 13
499.45 359.338 6
364.454 242.417 1
374.241 263.18 2
429.84 331.752 13
408.911 322.087 2
431.539 372.738 3
331.2 283.363 8
411.802 365.438 6
412.473 372.812 4
414.249 381.882 4
388.641 369.212 7
375.274 379.888 1
262.49 271.283 1
374.143 385.487 2
354.986 370 2
344.924 372.288 2
226.943 261.628 4
224.599 332.155 5
133.533 250.508 6
107.319 229.574 5
98.7797 236.027 2
110.432 268.575 2
173.765 340.264 4
123.232 341.203 6
172.447 393.567 3
55.691 289.728 4
122.347 355.847 14
73.703 310.684 1
64.8987 308.895 6
123.08 369.706 28
83.9794 344.825 8
133.304 428.797 6
35.4651 383.195 3
771.599 120.074 1
772.093 165.747 1
764.944 164.711 1
743.286 149.391 1
752.599 166.664 12
766.624 203.396 1
731.161 180.397 9
695.483 145.635 7
767.39 232.309 3
662.05 158.893 16
653.633 150.268 2
652.244 158.646 5
720.167 235.154 6
653.941 187.916 2
769.153 320.402 1
695.089 257.273 3
743.399 322.582 1
756.938 363.718 6
611.977 222.179 2
759.645 374.36 1
699.827 316.214 4
668.103 286.336 3
603.369 223.921 1
611.228 232.672 6
711.08 337.786 5
754.657 397.17 5
639.986 286.12 3
618.409 264.368 12
649.862 336.3 23
674.293 361.041 1
624.736 321.286 6
737.342 437.285 2
556.306 261.736 1
598.013 310.391 2
585.523 299.363 14
648.282 372.712 1
518.097 251.98 1
529.71 269.092 1
518.517 266.053 6
613.322 375.491 5
653.737 413.637 2
598.314 369.169 7
487.705 258.756 12
648.755 423.34 1
522.569 306.002 5
471.955 269.492 5
433.109 230.856 9
499.398 310.547 4
522.734 338.539 3
565.236 379.04 9
419.847 237.401 15
450.884 276.041 15
564.979 392.048 9
538.696 384.093 12
485.719 327.573 1
564.402 418.522 1
408.568 278.193 26
454.705 335.634 7
500.1 398.134 4
415.175 322.64 8
432.704 345.861 3
463.358 387.909 8
437.971 363.279 5
400.312 342.378 4
466.478 413.529 15
392.098 350.248 8
400.431 366.137 2
374.605 347.526 4
342.655 331.606 14
245.269 257.782 4
223.923 237.97 3
255.704 269.742 7
254.408 275.655 8
327.737 350.323 1
294.478 322.352 3
352.564 399.646 3
261.879 314.956 3
321.006 381.858 1
152.307 213.499 3
166.296 233.597 8
206.601 282.346 4
187.179 267.629 2
279.711 366.089 3
295.582 394.956 12
109.977 216.836 7
127.598 237.079 2
251.662 364.642 8
91.4631 238.155 4
141.9 299.582 2
166.075 322.982 5
122.121 287.777 3
83.3596 257.273 5
169.948 364.744 4
124.439 321.27 2
52.353 267.443 3
78.7714 295.313 7
149.214 368.355 1
130.068 370.031 7
35.6607 278.295 1
27.9678 272.154 1
186.731 431.114 1
49.6946 294.774 5
112.05 362.479 10
139.909 411.635 5
59.838 353.741 5
98.8778 391.376 4
36.8009 373.367 1
34.7184 398.396 1
27.7186 450.428 3
698.823 320.488 4
596.512 258.865 4
614.353 285.632 5
613.878 312.856 7
484.361 215.833 2
355.541 246.365 2
178.537 364.83 4
747.782 144.067 2
559.967 133.88 2
557.423 197.896 18
675.524 348.418 1
561.503 295.83 1
497.236 254.563 8
548.015 332.432 3
443.33 238.297 1
399.821 260.097 1
491.081 388.132 2
389.008 323.125 6
431.103 390.408 13
397.605 393.139 3
176.756 292.427 1
200.156 372.037 1
66.2803 304.541 2
77.2952 333.211 4
678.92 172.325 5
663.026 165.591 5
663.359 204.417 3
682.091 226.799 1
534.417 136.652 4
539.951 160.569 1
607.865 239.175 9
704.317 365.176 1
544.407 213.127 3
711.461 402.466 6
639.814 371.427 2
664.612 441.418 1
643.635 428.321 3
536.133 322.817 3
556.519 343.822 1
622.299 411.538 2
431.155 221.258 4
452.652 271.296 1
433.047 254.338 9
556.061 401.866 4
476.077 367.993 1
486.986 402.779 8
327.365 281.739 1
472.163 433.128 4
430.189 403.508 2
443.852 424.782 2
231.928 244.405 3
215.981 242.676 4
185.224 272.091 1
191.269 302.148 2
211.477 413.077 4
179.698 440.099 1
111.857 403.378 3
63.014 369.876 2
681.211 229.764 2
578.987 203.504 1
544.597 269.802 2
486.275 405.829 1
175.582 288.202 2
99.7774 228.515 8
668.064 185.184 3
685.021 214.908 3
616.261 217.11 9
707.182 349.46 1
558.142 240.925 1
664.887 352.754 2
607.163 331.808 5
638.107 399.684 1
572.356 365.176 2
457.642 259.05 6
513.067 334.311 1
388.538 272.835 3
484.759 389.502 13
330.303 268.645 2
320.757 377.26 2
164.186 357.051 2
131.161 355.098 3
641.616 198.19 1
555.083 184.463 6
621.459 261.893 1
582.217 268.893 3
490.344 243.785 1
601.779 363.59 1
680.171 453.769 1
550.452 351.378 1
612.34 423.157 1
453.358 283.492 1
420.909 269.987 3
519.544 419.155 1
353.809 276.022 5
477.399 446.714 1
410.236 394.598 3
326.075 396.842 2
145.807 229.503 8
281.001 398.692 1
214.129 431.968 1
572.537 281.423 9
349.462 285.547 2
619.099 185.566 4
539.539 214.024 3
455.138 257.136 1
385.227 267.581 7
439.329 369.863 1
301.068 286.974 2
180.484 363.04 7
579.477 232.901 4
498.972 276.959 1
418.57 298.101 1
758.912 350.128 2
702.82 368.643 5
698.943 332.474 2
694.624 340.905 1
686.747 336.73 1
659.842 407.823 3
652.152 351.903 1
635.728 427.764 1
624.274 277.398 4
591.832 357.424 2
576.106 268.479 4
576.54 343.73 1
574.439 321.191 7
569.171 145.061 8
568.044 242.473 4
568.717 274.3 3
550.767 296.773 6
535.931 377.417 2
527.216 261.403 3
491.854 276.322 1
483.469 248.01 6
482.162 224.72 4
458.837 275.018 5
412.122 348.301 2
366.505 396.87 3
356.709 375.613 9
314.293 365.119 17
286.072 371.702 2
280.723 357.438 2
220.332 283.011 3
209.148 366.723 2
190.186 229.718 3
164.759 263.32 1
147.909 360.945 6
143.985 396.113 2
93.306 217.129 4
90.7737 254.819 3
34.209 332.718 3
33.5123 291.392 1
766.848 264.122 3
760.132 219.412 1
731.457 171.232 6
730.949 320.961 1
724.206 261.536 6
722.285 200.14 2
715.944 308.907 1
699.21 217.166 2
695.442 158.403 4
691.19 332.376 14
688.996 377.432 6
680.607 267.327 4
662.921 374.52 3
654.608 312.161 2
652.191 286.82 5
639.628 405.345 2
629.742 180.001 4
629.449 277.934 10
628.58 354.029 4
627.902 245.596 1
618.264 241.751 7
615.548 284.807 2
614.734 247.626 8
609.382 368.5 2
605.276 401.354 4
594.623 351.085 5
587.793 401.971 4
586.041 348.307 5
570.705 223.04 4
571.275 301.956 4
565.202 139.069 8
560.733 237.699 6
558.03 401.6 1
549.136 289.65 9
548.817 362.084 1
544.433 114.132 5
539.41 401.719 2
533.89 242.048 3
533.293 278.032 2
528.044 336.823 1
521.455 237.963 3
518.404 355.394 3
505.343 354.231 4
503.604 310.209 4
501.778 235.366 5
499.999 338.273 1
475.719 351.279 3
461.938 347.181 2
451.07 363.105 1
446.919 402.878 12
444.633 417.842 7
441.251 406.792 3
437.015 253.417 2
435.567 262.265 2
433.859 312.03 6
428.292 304.017 3
421.328 391.05 10
404.851 318.895 4
399.242 384.257 1
384.122 369.845 1
371.166 336.625 1
349.731 356.154 9
346.67 366.13 2
337.466 310.463 3
300.934 314.113 6
298.972 387.772 1
296.992 367.515 8
259.355 359.117 2
253.687 306.154 1
215.4 270.799 3
210.529 348.235 3
200.291 292.202 1
201.057 313.26 1
198.781 335.222 10
191.506 389.33 8
178.606 354.709 10
169.301 309.029 10
171.858 361.541 2
170.279 272.767 2
167.839 202.164 1
158.538 194.035 3
150.774 355.206 8
125.618 337.841 3
118.322 387.16 1
116.79 372.218 1
115.277 360.501 2
107.995 252.631 1
81.7122 325.477 8
70.6255 380.184 1
67.6245 400.668 6
67.2411 239.985 1
57.8068 240.678 2
47.1016 415.058 3
40.5387 356.752 3
32.248 436.243 1
763.608 263.433 2
692.657 208.719 1
677.632 264.932 5
640.462 350.059 1
601.207 202.868 3
436.594 349.297 5
253.046 295.037 1
85.6438 221.337 4
64.5296 365.947 1
743.143 431.061 2
702.766 353.247 1
671.043 429.024 1
651.575 281.69 2
644.045 399.282 2
581.708 379.278 2
570.618 217.89 7
565.96 332.518 1
542.787 397.149 3
508.476 405.765 2
417.72 352.774 5
377.924 395.076 3
313.174 308.534 1
123.196 220.112 1
114.636 419.951 1
112.641 305.913 2
674.86 397.811 16
670.459 366.147 1
663.938 139.818 6
659.81 164.05 2
645.915 316.699 3
645.66 337.694 3
640.437 290.012 3
629.934 408.512 1
622.434 187.242 1
620.396 357.375 1
594.36 219.306 3
595.179 261.297 1
593.465 330.852 3
584.248 302.849 1
580.787 401.745 1
556.848 362.043 2
547.662 251.674 1
537.782 154.745 3
493.074 405.112 4
458.37 351.696 6
442.973 270.158 3
440.84 421.342 4
424.83 402.663 2
395.991 252.193 5
334.147 263.647 2
281.227 361.824 4
196.507 298.723 1
178.132 285.755 3
149.9 218.697 3
145.356 262.036 6
115.213 247.95 3
110.894 317.644 15
96.3121 246.047 4
90.2591 314.124 1
87.2459 342.727 5
78.6401 328.709 2
62.6888 374.508 3
63.195 316.092 1
666.504 174.193 9
587.756 259.956 4
557.45 192.283 7
535.357 252.536 2
491.9 233.565 3
325.869 388.906 4
282.808 392.719 3
703.545 155.957 3
664.116 428.6 1
657.321 265.403 3
631.4 307.042 1
626.935 333.355 1
523.725 394.12 4
450.884 256.539 1
418.647 346.552 1
381.689 271.083 3
221.257 228.317 1
613.307 301.699 2
602.565 419.757 8
587.321 265.39 8
579.267 210.457 6
550.299 185.916 2
520.196 163.206 1
484.188 369.444 4
477.659 440.895 1
439.619 432.531 1
352.534 269.744 3
322.734 393.82 3
274.692 396.976 3
227.625 350.894 1
215.53 251.851 5
181.967 305.535 1
131.059 293.67 1
635.706 165.089 2
420.495 363.646 5
286.436 366.506 1
495.936 276.622 1
337.619 305.535 3
759.202 395.02 1
750.332 395.118 2
708.76 395.936 2
701.733 398.329 3
735.166 349.628 3
569.028 419.88 3
592.029 382.845 2
621.022 338.553 3
642.887 305.467 1
574.814 353.435 2
654.748 235.425 2
462.343 411.402 5
483.816 386.798 2
459.865 386.936 7
436.156 397.437 4
469.9 347.283 2
393.672 383.743 1
501.765 273.464 4
379.402 377.346 5
442.436 313.717 1
559.641 158.827 1
572.439 132.056 5
362.13 335.505 5
302.411 371.517 1
293.005 360.177 3
259.207 327.042 5
169.122 392.39 1
102.397 448.142 1
75.4322 426.426 1
31.5087 394.477 1
101.687 200.767 1
48.3496 252.829 1
772.09 424.276 1
771.433 327.691 1
738.977 347.109 5
764.23 309.752 1
749.914 305.84 1
732.918 274.508 3
600.461 406.987 1
701.654 302.353 2
613.213 385.452 4
582.214 413.729 9
672.468 312.767 6
655.048 319.441 5
612.562 360.088 1
625.673 341.769 5
742.675 222.524 1
664.431 287.251 7
676.629 275.362 6
761.67 171.41 1
657.186 274.646 7
642.795 287.8 1
770.513 145.329 1
648.128 267.034 8
761.885 150.94 4
656.76 230.396 5
459.31 421.63 16
648.837 232.045 3
657.251 216.509 4
715.239 150.56 5
643.171 204.091 3
563.453 279.353 2
659.275 177.127 1
444.542 390.404 2
504.234 326.889 3
535.144 293.415 2
587.645 222.404 7
668.01 140.872 4
581.427 228.025 6
682.905 120.261 3
608.662 186.869 3
438.259 349.775 1
454.679 329.938 3
421.668 353.85 3
426.577 344.194 7
572.638 194.946 2
430.855 328.643 2
542.165 202.198 7
454.261 292.024 2
486.497 213.355 1
403.237 293.141 3
546.699 146.369 3
409.731 270.963 1
296.386 362.376 6
303.987 350.858 2
544.442 105.848 1
530.103 118.021 1
323.839 306.522 2
312.741 312.368 1
273.104 341.506 8
276.451 323.298 12
250.802 337.254 5
230.149 343.735 8
202.522 358.444 3
205.063 252.29 4
41.1882 401.498 2
118.559 321.576 9
106.424 274.16 10
27.834 341.263 2
67.1283 301.38 4
27.1457 325.103 1
75.7029 254.738 3
131.251 194.296 6
37.5311 260.444 3
757.625 317.262 3
63.5619 415.967 1
83.0597 389.243 2
753.909 398.884 2
623.35 325.588 1
566.68 351.06 1
658.356 255.231 3
548.914 329.053 1
545.467 295.336 1
445.491 257.283 1
197.523 399.061 4
213.718 224.758 1
191.051 214.313 1
100.922 197.388 1
724.624 386.668 1
673.53 425.792 1
663.028 386.205 4
737.749 302.425 12
646.312 394.14 2
688.046 330.136 1
672.885 344.22 1
723.809 288.96 1
685.417 206.406 7
659.01 227.052 1
745.079 138.368 1
694.842 173.922 1
722.97 141.792 4
436.862 390.728 5
463.428 351.5 7
595.138 213.12 1
663.379 138.996 1
677.026 118.389 1
558.904 236.839 2
395.403 386.941 2
377.744 389.034 4
394.88 367.974 1
567.483 185.791 2
512.284 214.264 2
389.668 300.913 4
312.102 343.248 1
365.885 279.364 4
418.001 213.689 3
360.876 259.969 1
299.069 316.416 1
308.253 285.094 1
236.681 355.17 3
246.102 340.174 1
282.933 295.341 5
200.255 368.227 2
181.762 348.352 1
131.328 370.542 2
179.008 280.786 4
149.082 261.875 2
92.8876 245.857 1
130.882 184.554 6
499.483 212.416 5
286.752 391.99 2
104.351 274.136 3
122.586 210.915 3
677.559 444.835 1
665.774 408.963 4
596.641 353.516 1
656.132 255.886 1
521.316 385.624 9
563.456 327.152 2
591.615 288.708 2
557.111 287.226 3
474.151 357.108 1
572.201 230.043 1
412.802 358.453 7
279.269 344.447 1
319.012 299.916 6
94.5729 402.602 4
177.421 235.326 1
114.451 291.901 2
95.2118 225.581 1
665.693 377.302 2
609.709 419.451 1
636.135 389.955 3
674.771 199.778 5
661.736 172.295 3
533.655 263.439 1
610.802 180.977 2
649.068 130.354 1
502.736 208.111 1
454.079 244.238 1
383.248 256.399 3
321.269 258.781 1
298.085 278.052 1
176.648 297.737 3
116.329 202.138 2
398.532 397.841 6
316.732 398.932 1
187.771 197.504 9
501.503 269.648 3
437.649 227.46 1
282.846 260.338 1
532.823 231.899 6
587.41 236.675 9
233.562 288.472 3
707.348 312.902 2
498.815 328.871 2
80.1566 337.308 2
107.103 343.916 5
172.339 353.8 2
622.436 397.544 1
536.57 134.65 2
773.134 171.52 4
505.72 258.212 1
485.958 271.908 1
29.5896 275.205 1
247.265 298.235 2
376.251 298.897 1
89.3871 304.53 2
527.541 306.96 1
595.27 314.972 4
551.059 321.423 3
640.125 322.367 1
768.983 324.394 3
122.817 334.246 1
522.906 340.987 1
644.543 341.1 1
662.029 341.34 1
590.059 345.716 4
150.946 352.15 1
527.393 351.827 6
72.2583 355.781 1
689.603 363.013 1
241.521 368.706 2
398.32 401.414 7
703.464 400.289 1
416.479 415.696 1
553.516 325.488 2
294.143 389.927 2
261.994 392.77 2
730.393 142.395 2
648.651 166.855 9
594.459 187.026 2
675.445 215.513 4
599.808 267.1 2
268.664 271.912 2
142.442 349.306 3
260.88 375.384 1
452.991 382.431 2
744.764 386.14 1
480.267 391.567 2
735.799 161.768 4
557.77 179.045 2
571.018 213.72 1
613.338 212.105 2
97.8514 222.18 2
735.346 221.694 4
141.042 225.06 2
697.204 229.057 2
755.285 228.036 4
116.479 237.754 3
203.558 235.644 1
508.853 236.06 1
236.036 248.237 1
646.219 260.299 1
58.1709 266.334 3
103.56 264.723 1
142.932 265.043 6
582.185 264.25 3
151.264 290.124 1
706.578 303.592 5
442.549 341.944 1
580.202 345.823 1
88.4075 375.852 1
643.09 382.14 6
337.268 386.691 1
64.8928 401.703 1
99.1583 403.058 5
181.164 406.667 1
714.36 409.493 7
554.815 417.49 4
183.645 448.657 1
463.383 254.877 2
670.224 380.633 8
561.609 387.895 3
586.34 222.587 1
104.278 248.036 1
421.451 273.566 2
631.068 272.53 1
355.989 285.175 4
604.22 372.488 2
203.895 399.373 4
287.207 406.168 1
331.879 405.632 1
415.035 404.174 2
465.947 409.082 1
675.811 420.3 1
615.339 339.89 3
596.136 405.405 1
453.517 339.668 2
391.335 316.501 2
762.947 168.216 2
653.153 161.454 4
748.456 243.495 1
722.822 321.935 1
647.725 289.056 1
605.079 342.192 3
623.146 387.67 6
512.606 309.329 2
436.887 259.423 1
512.366 318.486 5
517.248 319.71 2
545.285 340.858 3
457.086 297.102 1
505.68 359.041 1
373.768 282.238 1
444.439 348.711 9
210.484 238.349 8
272.128 285.189 1
469.572 429.343 2
164.919 236.266 1
283.702 331.092 1
327.269 368.981 5
140.148 237.24 1
141.572 258.542 1
154.491 274.289 1
276.296 370.844 1
136.676 274.836 3
115.952 327.37 6
183.697 433.596 1
136.055 424.846 1
166.132 242.607 4
261.311 389.42 1
159.449 400.575 7
660.177 170.44 1
614.835 216.39 3
572.357 253.847 3
413.08 314.827 2
538.238 166.69 1
593.757 206.962 3
642.978 258.347 2
608.69 243.158 6
543.518 217.438 1
529.179 256.43 4
543.683 261.135 6
599.836 354.041 2
667.48 404.437 1
555.281 346.572 1
617.073 416.634 1
390.482 289.489 2
372.016 289.702 3
544.912 418.896 4
524.532 413.508 1
481.944 408.256 2
472.001 436.523 1
249.331 286.028 8
381.543 383.397 3
444.213 430.554 1
315.398 351.69 1
331.484 387.245 1
215.476 344.709 2
210.22 418.168 2
157.294 405.875 1
175.157 445.87 1
108.043 406.386 5
707.079 338.64 3
664.482 348.57 2
376.566 360.05 3
556.758 243.686 1
656.563 395.238 1
178.582 385.801 1
554.164 188.103 1
528.603 198.159 3
416.824 278.772 5
340.417 293.073 1
266.488 311.797 1
323.316 402.545 1
279.705 403.028 3
458.656 250.73 2
387.93 264.285 3
304.343 285.778 1
695.814 360.436 1
622.845 236.082 2
568.712 336.711 3
503.585 391.097 1
368.346 359.716 2
316.632 317.024 4
245.582 240.109 8
188.54 368.37 5
78.7296 392.354 1
746.599 438.315 2
606.194 232.039 3
636.893 322.474 1
562.521 139.422 2
630.219 384.281 9
636.268 406.116 3
561.254 220.991 15
585.489 351.397 1
529.965 278.75 1
473.91 215.127 1
501.907 353.614 1
497.88 384.867 1
450.234 292.611 2
392.988 320.738 3
371.389 278.426 1
317.317 360.487 1
283.109 289.682 2
288.882 322.816 4
262.166 308.799 1
243.492 317.265 1
242.148 336.998 1
156.131 230.184 3
182.762 389.793 15
146.213 311.292 1
151.434 348.002 2
147.946 355.848 2
106.794 316.232 2
111.802 343.517 1
81.6649 287.021 1
99.1997 422.943 1
84.3078 385.181 2
708.308 431.334 2
672.307 389.438 1
567.668 150.187 1
424.114 395.326 6
232.562 391.17 2
214.157 373.543 1
686.83 132.443 3
708.947 242.419 1
692.362 223.206 1
707.771 320.907 6
700.861 365.728 1
616.744 211.909 1
641.985 316.341 4
671.397 401.563 3
586.203 202.688 3
656.979 441.118 2
531.272 158.525 1
549.378 307.736 3
550.934 343.271 2
550.545 384.535 2
533.685 354.498 3
419.337 402.441 4
330.614 263.896 2
374.921 403.387 2
324.332 344.765 5
298.924 336.564 5
226.468 247.063 1
213.388 240.456 1
171.972 218.344 1
181.183 272.512 1
184.79 332.406 2
165.359 366.309 1
151.941 423.53 1
544.808 200.23 1
483.635 393.372 1
435.005 369.252 1
180.424 376.139 1
160.662 395.508 3
577.416 211.42 1
544.351 186.076 2
531.096 317.745 3
465.079 445.734 1
271.398 396.513 4
225.945 430.918 2
522.901 208.537 6
613.319 228.723 1
494.555 404.306 1
458.022 383.222 1
441.19 286.32 4
127.07 444.101 2
128.356 249.932 3
72.2373 396.483 2
99.5088 261.911 3
38.1455 401.768 1
720.569 396.21 2
703.599 419.083 1
678.485 395.233 2
615.65 307.445 3
603.385 280.427 1
593.322 303.838 4
541.382 109.783 1
442.983 280.26 1
396.43 351.914 1
424.281 216.599 6
368.226 305.431 1
289.676 313.989 2
88.9823 407.518 1
111.934 316.357 1
93.4532 240.668 1
588.797 299.855 1
542.28 386.625 2
197.082 283.011 1
96.4151 243.134 2
470.284 413.862 2
191.114 261.953 5
72.4217 269.191 1
676.402 441.114 2
640.688 395.503 2
622.931 408.063 3
686.764 172.787 1
579.756 438.033 1
657.198 139.217 1
590.527 201.62 4
530.05 386.2 2
486.07 433.674 1
539.491 228.034 1
529.698 152.22 2
436.3 419.288 2
461.95 250.079 2
388.036 389.652 3
393.993 255.124 1
390.535 268.772 4
274.473 291.228 2
225.686 242.097 1
177.677 348.182 5
104.131 453.271 1
92.2875 359.779 1
657.951 261.723 4
525.714 391.787 2
383.486 365.561 1
627.126 392.323 2
599.782 178.585 3
529.008 344.498 4
540.831 185.733 1
434.372 429.243 1
291.462 277.831 1
175.754 299.241 1
465.022 412.936 1
736.58 396.974 1
586.707 339.693 3
655.184 427.173 4
748.076 346.549 2
713.316 202.485 1
594.719 267.944 1
588.531 224.74 1
461.444 310.68 5
430.267 308.732 4
295.853 356.384 2
323.518 334.636 1
273.587 338.796 1
530.167 143.898 2
530.419 134.648 5
529.239 114.808 1
543.952 102.319 1
89.5225 430.016 1
72.6135 435.643 1
160.127 366.81 1
223.756 287.216 8
53.3258 357.357 2
128.066 299.817 1
57.9733 315.203 2
105.745 222.442 9
103.878 220.575 1
660.107 286.707 2
106.25 414.626 2
450.634 414.21 3
637.98 185.776 1
338.477 286.224 3
129.99 380.365 3
210.131 219.788 1
644.666 391.437 2
686.179 326.928 1
670.448 340.109 2
535.519 389.759 8
706.132 198.77 2
645.652 235.853 1
692.152 172.288 4
708.179 152.076 3
666.15 172.888 1
392.621 365.151 1
353.984 383.716 2
621.597 179.365 1
424.586 323.919 7
660.385 133.873 1
319.123 365.867 3
506.761 211.805 3
462.528 245.886 5
549.743 147.352 2
430.12 236.248 1
392.986 263.647 1
235.612 347.466 1
413.243 210.108 5
332.027 260.503 1
305.751 282.305 1
181.453 301.467 1
90.4874 243.254 1
77.5996 216.27 2
594.853 356.189 1
404.224 389.41 1
412.138 255.481 4
663.882 367.265 1
439.053 355.845 4
546.654 182.824 1
306.615 354.597 3
450.969 237.134 2
497.098 201.472 1
381.2 251.105 1
292.597 271.597 1
314.745 252.842 2
220.889 256.498 2
158.831 239.353 5
408.823 236.81 2
500.714 250.524 1
541.021 275.275 3
476.433 278.061 1
241.296 306.391 2
640.182 330.778 8
250.657 343.197 1
240.058 355.355 4
244.988 377.536 3
74.9615 399.798 1
111.466 414.334 1
726.256 428.329 2
51.5838 434.602 2
551.493 125.547 1
537.255 140.006 1
758.322 139.462 1
722.705 163.871 3
691.632 186.253 1
687.286 203.543 1
637.974 215.109 1
774.528 218.372 1
135.164 225.711 1
207.397 233.249 2
81.5326 239.746 1
30.0275 279.785 1
117.147 290.022 1
45.9549 311.073 1
511.432 313.5 3
736.665 320.968 1
640.321 326.988 3
590.34 348.715 2
130.097 362.165 3
249.269 395.088 6
108.662 401.605 1
745.733 401.026 3
82.3852 405.076 4
102.686 426.6 2
28.4625 239.22 1
528.556 323.688 2
664.872 184.149 1
731.065 198.875 1
85.9019 353.99 4
315.861 366.885 1
742.462 383.384 4
558.017 185.155 1
710.707 185.882 1
180.061 222.022 1
698.484 232.921 2
735.72 230.328 4
755.19 233.995 3
117.436 241.426 2
206.463 241.405 3
525.19 243.561 4
177.121 262.706 6
662.219 258.68 1
58.2815 271.955 1
211.418 363.41 4
642.888 387.131 2
187.884 393.37 3
321.134 397.008 3
442.854 398.727 1
49.781 399.473 2
370.212 404.041 2
64.5148 407.311 3
666.471 414.087 6
717.597 413.225 2
183.858 453.978 1
134.461 459.641 1
595.976 222.531 2
574.055 226.944 1
294.878 347.954 1
192.089 397.184 1
673.126 196.217 1
423.937 212.334 1
525 371.964 1
489.464 269.318 2
514.557 275.045 1
227.145 285.146 1
638.392 282.758 1
357.217 297.444 3
326.929 329.908 1
423.898 293.927 1
540.652 296.048 1
113.205 206.776 3
207.352 313.681 2
289.608 372.069 1
743.396 218.246 1
663.406 201.787 2
678.566 227.106 1
544.555 162.293 1
756.43 280.965 2
714.421 284.457 1
562.498 271.956 5
753.793 373.151 2
523.591 299.64 1
524.777 357.989 1
494.058 361.861 4
484.432 401.18 2
389.901 384.382 1
254.464 323.418 2
400.783 414.722 2
270.628 389.691 1
39.8031 335.311 1
40.9564 406.944 1
626.254 273.132 2
558.896 371.154 4
631.664 233.335 1
674.238 351.992 1
669.014 384.264 1
161.041 359.061 1
156.245 385.245 2
98.0272 376.746 1
725.552 230.68 2
538.051 177.868 1
671.228 243.209 2
512.165 240.516 1
706.9 337.488 1
370.63 294.843 1
661.733 451.683 1
202.374 240.526 1
216.599 255.34 2
287.735 311.692 2
434.693 397.326 1
76.4821 249.522 3
236.511 324.282 1
360.744 401.373 4
213.461 353.966 2
98.1634 326.076 1
106.566 347.824 1
205.922 429.637 1
175.635 451.97 1
425.905 276.564 5
618.578 198.364 2
659.951 388.76 3
127.029 344.51 4
584.556 227.461 1
573.8 289.768 4
413.597 281.973 2
543.303 362.488 1
202.866 299.182 3
626.487 233.942 2
116.97 365.853 1
74.8953 417.927 2
469.004 240.312 2
583.404 403.703 1
534.801 385.714 3
502.26 361.81 1
411.904 261.935 1
537.987 417.806 3
365.443 272.872 4
420.095 400.282 2
371.167 401.022 1
258.98 280.613 1
214.29 237.158 1
259.229 317.869 2
302 380.368 1
240.521 318.994 1
282.079 385.191 1
268.379 387.215 1
258.001 388.47 1
235.163 361.363 1
235.109 370.981 2
84.586 213.478 4
78.2305 262.005 5
136.897 337.172 1
71.1326 298.718 1
142.563 404.217 2
651.694 273.543 4
655.575 298.96 1
112.795 386.705 1
699.438 369.124 1
528.48 168.911 1
609.34 325.059 1
672.04 405.787 1
652.367 447.199 1
612.522 418.138 1
550.959 347.292 1
518.682 414.975 1
364.736 291.56 1
246.552 288.176 1
208.596 243.873 5
155.445 326.332 1
151.17 408.273 1
537.889 205.968 3
254.788 369.31 1
576.388 217.262 1
595.138 430.126 1
475.531 418.361 1
448.628 406.824 1
396.407 404.827 1
312.902 406.003 1
265.974 406.378 1
203.255 403.837 1
662.87 363.46 2
461.195 303.144 1
418.427 325.091 1
250.465 238.797 6
256.707 289.167 1
192.602 249.87 6
112.612 202.326 1
100.508 322.895 3
87.0296 400.525 3
731.663 210.075 1
688.757 158.103 1
642.516 174.427 2
640.206 265.981 2
623.293 358.628 2
633.38 405.437 1
625.658 378.612 3
538.606 114.468 1
594.972 369.77 1
579.953 393.879 3
485.454 356.913 5
405.668 235.068 1
418.708 384.717 7
328.875 290.585 4
279.009 290.487 2
265.395 315.012 1
143.573 317.067 1
142.266 327.56 2
138.099 327.906 1
108.575 437.887 1
588.491 197.519 1
126.456 198.96 3
662.311 268.243 1
573.542 147.647 1
513.187 389.695 7
421.4 341.262 2
650.484 143.453 1
649.384 163.895 1
522.352 158.05 1
524.243 255.77 2
496.185 234.728 5
513.489 411.288 1
436.438 423.891 1
404.578 401.862 1
151.32 319.452 2
133.955 295.76 1
520.723 395.957 1
425.545 368.284 1
507.825 318.013 5
394.387 396.115 1
337.116 296.412 2
264.026 399.59 1
699.807 373.976 2
655.936 362.605 1
311.968 316.82 2
194.801 258.595 3
139.448 441.964 1
88.949 450.311 1
730.873 338.694 1
724.227 283.498 1
710.138 328.648 3
729.593 192.228 1
668.921 312.6 1
661.214 230.857 1
609.854 384.807 1
612.674 272.838 1
617.026 202.511 4
550.446 259.735 3
537.073 109.682 1
439.09 416.209 4
468.424 235.624 2
427.415 397.292 1
339.729 251.584 1
170.961 290.432 3
148.678 257.465 1
149.352 250.753 3
83.9947 407.125 1
726.011 192.436 1
574.285 350.278 2
505.604 287.46 3
178.094 389.479 1
172.168 400.57 2
692.185 369.982 3
658.638 313.028 1
570.136 152.757 1
505.103 333.942 2
412.668 267.344 1
352.845 391.126 1
320.981 309.534 6
186.46 373.358 7
680.882 207.338 1
648.089 138.752 1
576.314 437.94 1
569.2 292.898 3
550.484 196.889 3
518.878 148.794 2
430.408 418.317 2
317.328 339.9 4
321.16 263.665 1
298.813 284.19 3
219.327 361.208 1
184.249 297.257 4
172.744 349.506 3
154.558 330.208 3
119.251 205.723 2
399.247 403.197 1
661.309 322.906 6
719.309 171.768 2
607.128 257.162 1
82.6117 416.1 1
97.587 199.054 1
752.765 360.451 2
693.133 286.287 4
589.549 388.561 3
543.537 390.961 1
692.812 200.136 2
659.638 220.487 3
594.534 250.151 2
538.134 201.975 3
359.312 391.211 1
539.709 102.731 1
524.816 115.268 1
357.465 318.429 1
268.513 330.616 5
200.129 354.913 1
219.233 274.056 2
134.374 383.507 1
133.046 359.142 1
77.7925 358.08 4
155.657 218.311 1
485.666 227.888 3
117.246 293.602 1
651.996 383.16 1
638.708 391.6 1
665.102 343.978 1
681.12 203.209 4
507.285 347.329 2
652.893 132.524 1
615.458 177.957 2
504.874 210.896 2
459.34 243.582 2
520.765 140.72 1
391.372 250.258 1
326.64 259.681 1
230.282 348.96 2
228.784 243.727 1
120.875 366.199 2
625.249 230.179 1
176.726 359.281 4
418.001 265.324 2
577.231 305.941 3
507.444 272.621 1
534.034 182.12 1
484.751 195.479 2
372.63 246.736 2
281.467 267.519 1
689.099 399.151 2
683.159 398.807 2
717.41 359.519 3
678.496 325.627 1
645.127 302.991 1
495.674 369.809 3
427.082 315.203 2
710.918 172.477 2
537.041 225.113 1
524.059 227.543 2
667.58 426.372 5
567.592 404.074 1
438.114 406.706 1
444.283 393.676 2
752.353 185.011 3
663.212 225.873 1
404.991 337.761 2
231.411 399.756 1
102.136 441.22 2
640.403 168.594 2
42.1427 431.093 2
549.975 177.259 2
75.4443 365.03 1
561.955 106.262 1
531.013 110.675 2
183.602 276.313 6
545.56 98.3156 1
149.109 242.137 1
265.275 374.781 1
129.716 406.172 9
56.0155 466.947 1
195.917 387.991 1
96.9265 339.723 1
113.111 226.533 2
724.188 378.8 3
540.328 390.654 1
570.022 344.496 1
642.545 230.29 4
548.065 255.378 3
181.005 415.142 1
720.175 134.105 1
622.045 172.59 2
464.893 239.369 2
198.45 360.979 2
660.397 126.561 2
120.791 378.97 1
308.253 280.011 3
332.069 257.199 1
74.0323 361.494 1
180.377 297.352 1
122.543 205.257 6
673.708 192.987 4
319.239 306.129 3
543.507 353.795 1
574.761 301.367 1
437.202 344.425 1
306.109 345.064 2
378.586 243.873 4
290.23 262.098 1
314.741 241.988 1
778.498 147.388 2
771.061 306.596 1
632.92 335.128 1
85.8556 359.216 2
762.405 362.185 3
770.217 365.956 2
21.1687 382.257 3
104.885 390.274 1
75.6936 396.842 1
770.209 427.314 1
766.399 141.715 1
750.997 161.325 2
547.938 169.565 1
581.951 193.335 1
102.714 216.419 1
406.142 271.9 1
342.898 283.972 4
36.6856 289.983 1
715.521 290.631 2
721.655 307.609 1
377.439 316.129 3
436.276 338.713 1
481.079 354.317 1
356.006 356.679 2
411.008 354.065 2
398.316 359.184 4
717.467 361.801 1
59.0547 371.294 2
576.737 370.482 1
734.076 371.061 1
757.525 370.423 1
725.647 404.195 2
746.022 404.167 1
712.343 407.385 2
641.411 378.759 2
602.56 416.588 2
644.301 162.929 1
594.501 180.765 2
674.914 192.525 1
85.5494 349.635 3
713.724 380.702 1
708.966 202.404 1
549.246 243.853 2
735.485 238.085 1
754.042 243.845 1
135.077 246.438 1
679.402 246.499 1
662.112 263.483 2
625.781 268.27 1
648.968 273.5 1
271.885 308.046 1
327.673 306.41 1
114.484 313.026 1
313.186 328.856 1
188.307 401.867 1
289.492 401.736 3
335.773 399.755 1
320.967 404.414 1
387.093 404.594 1
67.2337 414.504 1
498.148 414.81 1
666.855 418.091 2
557.122 425.145 1
591.885 425.879 1
604.585 423.948 1
150.13 233.19 1
177.51 262.094 1
687.642 119.606 1
676.183 212.056 1
557.981 202.264 1
524.252 326.567 4
429.922 367.076 2
476.86 388.181 1
150.629 344.451 2
82.951 328.418 1
764.053 147.609 1
759.839 175.1 1
675.498 174.372 1
544.578 168.214 1
754.552 310.356 2
560.831 275.093 1
441.412 273.394 1
350.833 255.184 3
449.98 324.409 1
701.873 404.981 1
296.529 303.896 1
553.141 405.078 1
397.854 357.051 1
571.759 417.284 5
292.336 337.183 1
45.0198 263.877 1
124.358 290.765 5
446.03 426.916 1
215.83 245.865 1
158.888 253.273 1
734.42 136.664 1
427.981 212.203 3
555.195 385.438 1
375.916 334.37 2
177.294 378.823 4
63.3108 450.452 1
708.197 189.447 1
592.465 219.351 1
537.356 242.632 1
734.456 303.687 2
197.305 250.977 2
102.32 322.473 1
361.681 408.278 2
328.763 399.573 1
315.242 403.233 1
142.305 381.781 2
424.22 282.057 2
610.358 329.256 1
678.441 155.461 4
566.201 124.299 4
547.732 325.305 4
403.402 278.522 1
243.747 301.653 4
223.694 347.009 1
131.092 410.707 5
652.812 203.581 1
624.906 216.437 2
580.869 187.979 2
722.86 367.221 2
591.566 319.529 1
633.776 375.312 4
472.315 280.518 1
530.31 362.44 1
151.613 203.069 1
118.784 266.484 2
281.176 388.684 1
112.067 333.662 1
95.1913 324.583 1
63.0958 408.112 1
545.043 259.278 2
147.911 210.999 1
554.328 238.246 4
560.104 248.893 1
269.528 264.412 5
675.682 198.561 1
552.1 180.011 1
524.65 191.142 1
511.686 245.242 2
536.473 275.293 1
422.979 278.29 1
344.249 277.904 1
364.801 299.357 1
427.998 400.241 1
280.55 318.922 1
155.923 238.544 1
171.182 253.709 1
195.11 395.785 1
140.145 384.071 1
173.673 403.39 2
153.617 405.042 4
453.671 253.34 1
256.331 241.992 3
685.471 198.565 1
709.999 324.924 1
637.938 256.767 4
679.661 381.864 1
543.998 252.531 1
584.92 408.113 2
398.84 245.785 1
470.644 401.536 2
362.152 275.782 1
169.499 428.101 1
424.396 256.902 1
615.505 193.276 3
650.859 300.788 1
549.176 201.223 2
571.878 358.826 1
172.531 433.038 1
517.567 176.068 1
146.668 410.209 1
588.425 322.43 1
315.198 314.185 1
665.387 335.736 1
566.963 133.628 1
588.161 366.225 1
374.975 244.352 1
345.882 337.111 1
324.468 313.745 3
341.059 397.843 2
151.316 267.526 1
594.425 402.087 3
571.56 434.872 2
465.668 293.457 1
327.714 343.706 3
300.44 402.484 1
228.891 249.185 1
217.664 263.788 2
159.792 235.074 1
194.84 366.134 2
125.096 192.102 2
180.042 425.889 5
130.944 290.632 2
99.1221 294.933 2
131.265 402.146 1
80.182 278.859 1
635.265 305.497 3
508.986 390.329 2
197.65 317.676 3
511.2 163.129 1
520.684 298.029 1
557.879 442.061 1
263.251 299.203 3
267.186 393.35 2
228.482 415.756 1
445.56 335.535 1
441.917 261.864 1
584.43 367.246 1
585.912 377.688 3
499.277 392.009 2
302.186 361.366 1
258.429 264.825 1
668.524 253.743 1
640.512 434.278 1
630.041 405.374 1
611.561 414.238 2
578.084 433.762 1
576.936 348.754 2
548.883 338.847 1
527.694 148.467 1
494.419 279.615 1
488.673 356.045 1
481.123 430.068 2
404.217 358.28 1
374.475 309.81 2
273.294 318.231 4
266.68 367.105 4
242.886 346.979 2
226.411 251.527 1
211.733 407.174 2
176.373 267.038 2
174.54 280.083 1
126.596 186.461 1
125.045 196.046 1
110.864 274.717 1
174.221 351.101 1
652.318 266.268 3
635.864 280.384 5
538.024 199.656 1
506.282 151.809 1
476.972 399.859 2
424.105 419.257 1
510.917 393.804 1
400.116 430.913 1
659.179 363.09 1
659.444 296.624 1
568.275 318.77 1
575.511 234.802 2
488.021 223.872 3
380.224 336.462 1
335.293 277.417 4
145.263 320.654 1
665.006 219.132 2
539.364 373.896 2
560.36 172.553 1
531.206 147.623 1
533.865 106.823 1
427.989 228.611 1
341.138 343.52 1
207.591 370.896 1
157.017 295.005 1
577.697 157.355 1
506.117 139.832 1
455.956 247.077 1
395.453 331.93 1
313.098 262.58 1
294.038 280.566 1
168.578 347.556 1
311.395 379.616 1
103.756 394.348 1
534.976 99.1402 1
360.002 293.874 1
338.962 247.688 2
110.438 260.69 1
102.125 276.25 2
130.788 203.481 3
75.9069 222.774 1
82.3215 203.253 1
576.135 224.757 1
572.61 161.441 1
630.813 422.39 1
645.352 378.206 1
630.92 387.959 1
645.208 129.355 1
608.116 173.374 1
498.938 206.69 1
455.012 239.639 1
394.317 326.178 1
382.208 259.734 2
384.474 247.733 1
256.629 394.752 3
319.639 255.948 1
430.773 363.526 3
360.208 238.087 2
194.904 383.653 1
73.8121 264.177 2
717.56 333.225 1
732.989 186.954 2
711.865 198.625 1
651.852 227.114 1
512.683 325.733 1
575.267 240.155 1
559.065 229.462 1
435.497 314.958 2
425.528 322.808 2
352.038 372.287 2
664.043 134.111 2
666.121 124.487 1
570.662 180.286 1
388.603 311.395 1
521.526 207.378 1
468.976 228.922 1
293.012 318.853 1
525.551 127.43 2
253.525 289.143 1
116.94 269.001 1
134.185 180.401 1
704.096 231.388 8
674.063 139.767 1
479.724 265.949 1
636.311 381.032 2
569.057 341.298 1
598.867 263.65 1
443.086 359.643 1
533.43 256.428 2
385.857 356.571 2
614.268 168.899 1
337.499 357.734 2
313.149 354.183 1
494.326 204.327 2
457.725 233.387 1
256.315 363.424 2
324.836 251.092 1
297.297 272.817 1
185.662 236.658 1
663.662 180.162 1
494.585 365.882 1
761.877 222.717 1
684.26 233.561 1
225.882 388.649 3
561.766 162.043 1
758.427 382.093 1
651.818 391.182 1
728.152 326.698 2
757.024 290.846 3
591.142 334.482 1
516.851 324.322 1
140.588 436.032 1
128.592 437.199 1
404.726 340.809 1
333.462 360.643 2
139.002 401.35 3
356.301 330.101 1
111.211 407.13 2
581.554 238.849 1
69.6371 404.848 1
736.984 185.133 1
510.834 249.84 1
575.442 180.649 2
52.0709 350.263 2
672.253 123.108 1
94.1628 300.491 1
195.84 243.561 1
64.2461 241.522 1
142.905 198.873 1
141.985 171.813 1
575.863 413.904 1
349.039 394.355 1
719.26 353.355 1
607.398 374.059 2
488.743 372.395 1
550.999 300.549 1
642.241 227.434 1
653.588 217.631 1
625.554 219.541 2
463.433 232.884 1
375.456 254.956 1
305.912 270.35 1
567.557 176.252 1
331.374 249.074 1
190.624 200.279 1
163.909 184.469 2
77.6786 209.162 1
351.126 290.419 2
740.581 138.188 1
770.759 204.104 4
577.22 320.176 2
389.252 363.279 1
782.806 380.204 1
733.257 225.955 1
774.234 228.092 1
198.929 236.669 1
575.154 272.716 1
747.337 302.181 1
403.525 322.482 2
363.938 401.053 2
725.615 408.685 2
164.794 450.886 1
161.212 237.815 1
94.4472 280.506 1
211.834 376.312 1
689.578 201.085 1
216.432 217.713 3
740.244 360.986 1
763.438 358.65 2
531.938 381.86 1
572.113 239.241 1
55.2632 298 1
178.5 275.008 1
687.989 116.072 1
759.273 345.165 1
284.272 274.343 3
723.526 381.265 2
614.787 393.648 1
341.721 359.676 2
544.718 179.235 1
722.001 228.437 1
712.079 227.337 3
687.269 231.441 3
548.112 215.999 1
534.697 237.386 1
552.796 254.524 2
754.44 313.755 1
440.442 277.273 1
558.984 312.801 1
112.907 237.122 3
483.268 320.92 2
330.928 293.606 1
430.509 261.347 1
151.13 445.484 1
220.271 217.436 1
657.585 380.68 1
205.784 354.138 1
537.767 259.564 2
173.803 264.954 2
367.47 310.788 1
388.239 314.568 1
107.059 261.09 1
315.903 322.47 1
691.152 115.603 1
748.433 262.193 1
442.954 228.705 1
566.257 322.7 1
153.683 339.623 3
482.654 324.056 1
249.05 280.359 1
440.612 429.639 1
110.935 339.454 1
205.877 423.589 1
617.114 195.415 1
665.021 382.896 1
603.713 379.71 2
617.124 390.915 2
497.293 373.522 1
534.168 282.262 2
362.423 313.343 1
228.461 293.503 1
706.105 224.315 2
650.819 206.125 1
536.901 239.526 1
425.7 260.366 1
358.608 278.945 3
366.97 289.375 1
345.073 396.96 1
490.453 351.341 1
270.341 336.629 2
576.71 128.633 1
654.066 269.547 1
605.423 243.815 1
598.03 298.87 3
598.459 391.735 1
267.646 260.319 1
262.205 356.904 2
116.73 378.347 3
590.669 222.347 1
611.72 320.522 1
345.349 389.711 3
127.237 283.276 1
156.046 445.044 1
178.187 382.299 1
507.181 186.219 1
406.798 283.193 1
251.64 312.145 1
387.946 253.837 1
575.355 140.941 1
515.583 387.38 1
246.28 370.406 4
119.587 197.479 1
458.417 324.088 1
284.283 388.155 1
242.096 393.11 2
122.32 324.679 1
450.115 328.654 2
432.323 364.837 1
541.475 118.487 1
496.106 177.061 1
506.231 417.751 1
399.866 282.03 1
440.708 402.331 1
258.155 397.742 2
648.785 208.903 1
578.392 140.393 1
249.324 371.949 1
195.497 248.563 1
654.275 140.996 1
642.196 234.221 2
617.147 423.917 2
606.275 405.947 1
523.366 151.456 1
395.859 310.558 2
169.516 264.744 1
156.741 234.921 1
192.344 409.235 1
119.975 192.137 2
274.202 310.88 1
491.478 163.778 1
656.324 331.116 1
577.27 143.483 1
425.939 331.945 1
406.969 373.033 1
124.464 302.436 2
657.56 424.533 1
587.8 205.943 1
391.683 242.99 1
366.123 336.148 1
521.668 274.396 2
175.857 344.784 1
261.126 252.192 2
524.943 200.937 1
411.948 418.535 1
262.778 396.073 2
579.436 220.275 1
577.52 147.745 1
425.899 338 2
271.321 322.792 1
671.173 357.767 1
606.487 384.928 2
628.825 251.29 1
610.042 348.599 1
541.204 254.14 2
523.982 134.657 2
433.145 415.098 1
184.117 294.641 1
588.118 316.673 2
230.742 253.582 2
522.626 196.157 1
420.416 417.685 1
451.699 247.094 1
429.566 358.927 1
582.664 233.591 1
194.899 253.925 1
574.187 285.577 2
535.466 372.376 1
527.87 316.388 2
492.779 291.998 1
559.461 124.047 1
524.51 142.946 1
395.005 341.316 1
375.404 320.902 1
227.995 239.679 1
505.966 342.845 1
541.758 246.828 1
580.14 224.146 2
306.65 257.317 1
434.348 277.263 3
538.453 360.094 2
421.071 335.273 1
287.024 349.781 2
96.1827 407.296 1
565.327 384.792 1
177.704 414.159 2
201.439 289.43 2
578.486 301.97 1
541.695 191.434 1
489.559 199.969 1
449.408 233.658 1
320.77 352.7 1
301.265 357.731 1
723.91 178.814 1
714.237 180.321 1
63.5819 260.567 1
717.233 383.094 1
712.224 308.691 1
596.553 325.636 1
523.714 124.139 1
338.982 243.662 1
104.335 381.445 1
122.205 361.631 2
451.612 225.165 1
317.98 244.085 1
563.787 269.236 1
472.437 285.718 1
409.417 293.248 2
155.557 288.804 1
50.1385 306.087 1
106.042 214.976 3
696.92 381.963 1
568.101 423.264 1
545.344 367.145 1
493.361 342.497 1
670.018 210.711 1
688.629 177.183 2
157.22 413.029 2
627.797 175.98 1
533.198 199.285 2
667.755 119.847 1
238.37 384.189 1
603.358 270.376 1
208.864 332.376 2
298.292 263.594 1
325.323 242.874 1
119.327 332.823 1
690.47 406.998 1
719.231 365.452 1
703.45 227.597 1
419.974 232.793 1
45.6241 279.546 1
755.637 378.015 1
742.361 290.018 1
379.058 325.027 1
94.4969 303.993 1
630.223 172.903 1
593.748 177.243 3
666.867 129.071 1
168.448 219.432 1
137.337 194.872 1
234.398 263.728 1
717.611 342.349 1
459.025 340.252 1
390.617 344.198 2
370.419 345.429 1
291.176 347.251 1
147.864 166.365 1
154.275 168.681 1
698.524 182.39 1
100.622 190.248 1
486.388 191.76 1
540.965 196.84 1
756.735 202.368 2
778.311 199.469 1
491.949 207.244 2
556.299 255.086 2
198.705 351.562 2
670.252 375.581 1
547.862 234.585 1
74.2203 257.789 1
644.017 267.401 1
89.5012 389.563 1
108.182 391.459 1
249.069 401.104 1
294.799 399.756 1
467.377 401.82 1
398.265 407.201 1
699.474 408.838 1
715.264 234.427 1
302.67 281.785 2
67.5719 224.919 1
711.772 373.11 1
342.415 351.22 1
434.36 359.134 1
149.238 333.251 2
132.072 236.324 1
731.643 404.584 1
211.124 372.003 1
246.224 397.975 1
180.294 392.864 1
113.13 392.905 1
701.293 212.462 1
402.25 285.2 1
343.674 357.248 1
82.5403 358.23 1
540.271 188.683 1
606.742 273.773 2
210.598 258.295 1
108.576 246.987 2
313.445 397.616 1
440.972 213.244 1
489.273 341.673 1
242.165 295.507 1
431.665 396.253 1
174.347 396.447 1
707.011 333.744 1
684.051 382.046 1
629.534 317.721 1
343.443 402.546 2
536.416 333.375 1
254.651 238.335 1
271.544 262.112 1
234.213 335.943 1
223.736 273.017 1
139.638 220.249 1
154.286 450.138 1
238.515 225.668 1
656.38 295.367 1
603.834 386.372 1
308.223 370.172 2
249.822 378.875 1
513.549 256.226 1
442.784 308.679 1
349.474 293.368 2
465.999 345.288 1
580.437 127.749 1
383.55 242.463 2
633.631 359.269 1
442.732 303.585 2
377.573 381.821 1
470.505 419.025 1
241.518 230.386 1
149.759 414.33 1
513.46 157.177 1
532.1 273.769 1
584.72 139.761 1
302.663 386.546 1
244.778 232.717 1
593.485 309.858 2
613.528 436.071 1
511.197 151.271 1
533.234 324.728 1
530.352 357.484 2
516.497 303.108 1
526.969 418.446 1
358.733 409.682 1
239.795 285.416 1
203.235 408.116 1
408.131 369.663 1
583.92 143.433 1
433.52 332.592 2
141.196 275.567 1
610.899 190.52 1
508.32 145.978 1
486.533 397.407 1
488.805 430.581 1
468.216 395.52 1
429.25 414.911 2
286.391 403.172 1
388.301 417.757 1
473.138 423.519 1
492.091 260.577 1
611.374 177.362 1
607.228 190.758 1
481.89 397.458 1
301.733 354.516 2
392.221 313.1 1
418.872 221.812 1
488.616 362.906 1
461.889 397.625 1
224.464 343.352 1
512.941 129.997 1
228.389 354.01 1
360.285 241.659 1
489.598 265.919 1
542.523 298.765 1
513.773 136.393 1
513.473 126.481 1
390.214 246.623 2
172.369 411.985 1
569.912 387.359 1
461.343 239.24 1
385.15 336.351 1
517.256 134.138 1
514.081 122.699 1
301.46 243.811 1
661.992 301.995 1
668.127 260.603 1
488.339 276.317 1
423.141 249.535 2
189.41 223.851 2
653.475 378.76 1
516.319 316.133 1
518.765 121.114 1
309.269 270.801 1
247.596 351.526 1
232.897 293.963 1
688.587 240.381 1
245.929 390.335 1
636.522 221.034 1
192.08 340.76 1
489.118 273.101 1
179.944 410.108 1
706.753 375.169 1
624.039 169.477 1
519.739 201.609 1
509.677 207.864 1
467.202 231.428 1
611.464 371.957 1
320.48 322.207 1
343.897 299.827 1
659.214 268.284 1
746.721 232.749 1
598.224 210.83 1
361.335 269.532 1
564.885 422.575 1
648.931 385.429 1
661.38 371.013 1
277.24 362.452 1
77.7967 353.305 1
533.334 193.869 1
764.565 233.976 1
747.583 236.515 1
760.802 157.746 1
64.1703 266.97 1
686.189 371.658 1
607.031 378.652 1
123.54 415.602 2
683.111 306.012 1
653.758 309.231 1
229.507 334.806 1
136.527 334.074 1
335.897 257.043 1
575.104 173.777 1
50.3727 238.54 1
198.907 208.72 1
362.235 288.816 1
