5069 33525
458.618 65.1278 1
458.554 87.0224 29
416.971 98.1542 33
475.901 100.745 9
412.599 100.97 1
419.949 101.759 2
441.162 102.837 27
475.147 103.518 8
467.007 105.385 25
440.519 112.936 14
468.638 112.617 1
500.435 112.604 24
448.412 115.937 5
473.758 122.744 27
403.637 118.933 9
439.565 121.165 33
459.237 123.973 33
408.955 123.232 12
448.312 125.608 8
483.584 131.003 15
498.279 136.531 18
507.545 138.397 1
582.782 136.991 22
60.4538 141.683 8
461.697 144.592 18
616.241 143.566 22
604.277 140.596 103
77.7241 143.395 15
602.713 146.409 4
492.192 147.626 17
573.544 147.549 7
211.736 146.574 9
439.354 147.719 5
625.436 148.412 24
405.089 153.357 14
477.402 149.177 74
367.007 154.961 6
396.26 153.805 7
476.883 154.739 1
94.2635 154.042 9
317.922 155.504 25
329.059 155.112 6
352.705 154.709 30
70.0777 155.066 32
204.454 156.752 6
471.887 156.551 3
58.3519 156.146 12
282.882 158.73 2
51.3291 162.897 5
275.345 159.733 1
268.436 160.822 1
421.971 160.15 20
457.849 157.005 46
417.864 161.553 1
596.43 161.144 29
578.479 163.053 17
51.3121 165.246 4
241.783 164.246 3
560.359 164.411 3
676.947 168.051 13
643.029 165.894 23
652.317 166.088 4
660.502 165.142 18
731.331 166.681 2
388.173 164.264 11
485.914 167.027 33
631.306 166.177 15
712.752 165.13 20
705.673 166.992 6
356.662 167.76 4
470.261 169.195 10
540.54 167.329 20
694.931 168.785 5
612.508 171.643 16
679.592 170.774 6
75.133 175.594 30
49.5043 176.13 7
531.09 175.375 23
507.554 182.058 32
708.479 174.133 14
719.398 176.546 6
719.659 174.806 6
120.769 177.513 23
130.704 177.097 35
133.194 177.937 3
692.548 177.968 25
19.5805 178.927 5
27.639 179.051 7
584.734 181.35 6
11.9659 180.845 2
742.247 180.645 1
88.6042 181.6 13
191.819 180.342 29
306.35 179.317 21
188.027 180.743 6
468.812 182.561 48
481.652 183.074 36
601.008 182.278 4
337.724 182.704 12
420.351 184.754 26
685.693 183.152 2
694.717 182.851 1
227.623 184.464 5
49.0941 189.081 21
516.322 186.522 33
288.301 187.324 6
484.194 189.605 41
388.908 187.423 7
63.5275 188.242 7
249.502 187.159 44
448.881 185.931 8
676.605 187.501 41
719.138 189.195 2
201.335 188.38 24
306.879 190.279 5
324.534 188.422 6
624.907 188.758 32
528.648 190.84 19
179.675 193.865 13
314.761 192.052 16
438.555 191.321 28
443.591 191.711 13
373.141 194.198 16
510.014 196.228 40
359.91 193.412 7
560.58 194.95 12
603.121 195.259 34
301.319 197.553 22
486.59 194.698 16
539.844 190.921 30
201.592 196.749 1
284.304 198.519 29
574.389 198.538 21
704.053 195.464 6
65.3303 195.938 3
77.5693 198.88 20
473.848 197.217 5
719.629 197.239 1
180.379 196.652 16
494.203 198.883 27
693.082 196.101 11
366.71 197.703 23
737.657 199.661 2
110.748 200.525 1
416.941 198.739 40
660.691 199.33 41
671.97 199.532 12
286.704 201.081 4
435.053 200.32 23
641.59 199.958 12
651.269 199.862 23
83.2088 201.14 10
226.281 202.058 6
354.363 198.703 30
398.419 200.293 25
614.424 199.861 27
173.046 203.112 21
632.436 203.502 5
146.074 202.576 22
238.534 203.91 25
362.857 202.673 7
197.635 205.732 7
735.304 204.667 1
282.255 205.683 2
566.007 206.279 13
236.042 205.806 6
273.247 206.501 29
44.6241 207.66 5
52.2367 207.676 1
86.9904 205.457 12
299.544 209.827 13
591.937 208.271 5
219.554 208.9 69
261.906 209.594 20
614.323 209.851 1
197.452 210.677 14
229.888 210.373 28
357.667 210.359 8
388.212 211.484 22
417.467 210.762 72
438.611 209.936 7
453.614 211.123 2
171.282 213.628 23
559.333 211.42 8
564.437 212.123 1
165.466 210.432 21
641.508 210.734 33
129.428 211.912 28
288.473 214.499 31
266.914 214.498 3
299.541 214.027 4
428.967 214.56 10
171.599 215.792 2
447.872 213.286 67
206.431 216.921 23
215.15 215.23 12
320.843 217.265 8
635.082 216.285 3
77.4613 215.567 33
92.3884 215.375 29
657.009 216.471 39
681.404 216.391 19
736.024 217.321 1
192.247 218.477 1
454.933 219.007 10
618.42 216.898 15
727.554 216.723 6
43.9236 220.114 17
251.356 217.564 10
274.061 218.763 39
282.781 218.356 17
352.32 222.379 29
716.562 216.455 4
266.249 218.443 3
307.805 217.09 33
384.801 219.176 11
705.894 218.999 13
182.447 217.346 27
61.8133 219.752 32
64.8811 220.95 3
73.9472 226.226 52
521.706 217.855 38
161.244 226.452 20
467.28 225.349 13
354.929 225.028 17
457.196 223.326 9
471.933 224.493 16
577.95 225.271 2
392.792 222.728 65
406.226 225.252 8
421.65 222.572 19
437.739 220.965 17
583.566 225.95 8
247.879 227.312 3
431.163 225.921 50
435.764 226.132 8
447.827 224.461 4
468.115 229.713 10
523.457 229.522 1
619.577 230.828 14
693.95 227.534 9
487.403 230.535 7
545.589 229.289 11
185.474 234.638 15
495.646 237.176 30
686.486 227.91 12
716.471 229.841 16
717.34 232.499 4
740.881 233.465 1
238.25 234.13 41
703.357 233.299 25
350.328 235.233 3
636.989 233.031 20
449.817 234.37 22
513.524 238.032 12
521.798 237.31 13
259.185 238.477 20
596.18 239.809 6
175.973 241.031 6
605.915 237.849 15
279.386 242.766 3
351.251 243.167 30
434.533 240.832 14
628.447 242.515 5
591.874 242.315 6
234.538 244.658 18
620.558 243.772 15
642.312 242.679 19
186.868 243.375 29
476.716 243.674 27
210.524 248.735 13
320.557 251.724 45
508.145 245.304 21
676.755 247.08 2
243.89 245.439 28
282.49 246.924 8
495.882 247.749 17
578.663 247.345 2
263.904 248.208 3
271.189 242.989 31
590.853 250.511 7
217.613 248.376 6
478.162 249.37 11
520.467 247.598 31
572.334 248.718 20
226.867 250.241 33
233.109 251.403 6
427.082 258.628 17
672.39 252.71 12
309.93 251.753 26
380.034 253.593 5
503.181 253.222 2
469.098 253.23 30
543.275 254.459 33
555.804 253.91 6
473.281 252.924 4
618.172 253.021 20
179.854 256.231 16
190.074 256.493 14
563.401 255.669 6
275.977 257.92 10
326.85 257.682 13
681.292 258.209 1
742.822 259.88 1
419.64 262.31 23
589.921 260.822 30
281.68 261.863 4
548.705 262.746 12
609.808 259.934 8
625.311 258.984 60
602.277 261.112 14
386.786 264.222 4
393.702 263.641 1
459.991 262.026 8
290.56 261.727 39
300.181 263.587 7
520.571 264.632 14
420.971 264.392 3
577.882 263.925 32
58.0938 269.221 3
587.167 268.718 31
336.485 270.09 13
727.016 269.147 8
330.455 268.636 6
495.616 268.879 13
569.952 270.944 56
29.3816 270.126 3
371.644 273.913 7
547.869 271.365 44
325.976 272.932 4
394.853 270.785 45
715.825 272.028 7
736.977 273.51 1
525.339 274.609 11
65.994 278.171 10
293.624 275.694 9
517.194 274.131 30
699.113 274.494 9
542.794 276.211 18
111.113 275.974 18
425.475 275.944 4
643.029 276.167 7
647.944 276.177 4
669.015 277.259 4
128.318 275.187 32
480.277 279.368 33
25.1428 279.735 3
386.662 280.123 9
447.829 278.587 40
597.12 272.782 37
375.983 281.994 13
441.402 280.353 1
570.124 280.673 12
585.809 282.319 11
562.597 283.474 3
635.905 283.187 2
502.643 284.163 22
667.318 285.47 7
9.94497 285.619 1
28.9283 283.684 10
340.35 281.481 18
543.528 285.815 1
482.452 287.05 9
455.728 288.066 11
492.66 287.875 10
593.529 287.822 48
738.289 287.543 1
465.598 288.416 12
474.714 288.175 10
295.651 287.806 19
442.293 289.922 2
447.911 289.604 4
734.81 290.862 2
316.375 290.335 12
540.918 290.01 27
634.905 291.502 4
264.137 290.832 35
283.985 294.397 3
568.258 289.74 49
688.387 292.133 3
641.662 296.554 22
675.904 292.013 10
515.224 293.42 8
561.662 295.318 26
591.477 295.895 25
431.16 298.58 38
476.171 298.83 16
726.774 294.788 4
620.94 298.495 15
642.255 297.057 2
603.286 296.411 11
334.368 297.583 9
452.932 300.38 21
503.586 294.185 48
543.233 300.969 16
96.2978 302.626 27
483.65 296.821 48
412.186 302.312 49
480.808 300.542 1
514.898 300.021 9
524.402 302.58 5
54.3765 301.944 4
577.627 304.52 9
732.729 300.496 5
471.214 301.264 21
490.147 302.219 5
594.993 303.242 30
293.328 302.82 39
111.971 303.023 5
97.194 303.538 18
417.414 306.116 11
434.921 304.899 13
527.125 307.121 5
596.066 305.566 1
413.278 309.595 5
717.893 306.939 11
513.567 308.137 21
543.087 309.081 7
313.628 309.368 1
325.382 310.991 17
294.578 307.737 3
360.425 310.649 17
404.636 305.734 24
440.289 312.082 1
135.331 312.923 11
481.517 312.688 16
507.14 312.092 19
568.491 311.85 20
690.614 312.759 10
545.877 316.57 8
707.413 312.707 10
312.684 316.793 4
343.227 312.246 40
476.362 316.464 4
620.342 316.13 45
455.372 317.686 13
170.629 319.067 7
180.399 314.83 21
293.927 317.013 7
191.779 316.678 30
436.229 321.397 35
571.378 321.077 4
90.3194 320.028 3
260.555 321.971 17
454.482 321.624 1
550.872 323.526 4
294.143 324.447 1
486.205 324.62 19
58.8606 325.684 17
73.7851 324.6 38
174.985 330.767 27
63.4688 327.087 17
81.1155 328.848 6
312.45 329.24 5
443.191 329.517 4
249.536 328.853 9
375.471 328.502 13
32.6652 328.834 15
226.624 330.443 5
236.889 330.142 19
52.2014 331.082 7
551.18 332.629 30
135.944 332.504 5
387.781 330.877 9
173.919 336.368 10
308.91 337.494 53
577.734 334.037 20
23.962 335.433 2
493.274 334.033 26
509.368 335.039 26
554.088 336.224 1
468.129 334.928 9
516.226 334.757 13
157.098 335.111 29
177.328 335.343 53
460.921 337.257 20
574.744 337.604 4
78.8358 337.348 4
404.58 339.152 8
602.977 337.236 52
56.8459 337.662 29
68.54 337.655 10
254.493 340.024 35
369.304 343.678 18
418.296 340.012 13
564.509 342.03 8
144.402 338.262 46
327.591 343.121 29
451.842 342.569 5
156.569 343.621 8
478.549 346.497 35
263.926 345.921 9
308.729 344.939 20
445.57 341.827 28
47.0884 345.236 8
507.912 346.352 3
563.726 346.137 3
709.816 347.187 1
58.4176 348.05 4
582.151 347.649 33
95.2199 347.792 38
126.449 349.306 18
310.604 350.256 9
597.129 350.581 4
184.703 351.997 6
391.769 348.476 24
435.163 351.204 2
443.369 351.264 2
166.221 349.451 4
231.916 353.176 19
371.396 351.87 22
572.217 352.079 5
69.7967 355.664 1
447.948 356.177 30
535.845 354.73 15
110.666 353.59 12
134.79 355.188 22
463.203 354.962 4
104.071 358.412 13
150.784 353.823 27
36.8757 358.746 2
251.605 357.124 5
208.701 356.394 32
212.451 359.28 2
312.333 357.602 20
376.664 358.211 19
392.178 359.218 8
426.251 356.814 24
448.197 361.92 1
230.197 362.396 20
292.399 359.685 43
410.694 366.757 14
47.607 364.714 19
56.5754 364.874 24
95.8548 363.452 19
290.127 367.391 11
354.497 367.505 8
404.208 367.33 20
575.386 367.741 33
591.63 369.893 18
435.827 365.407 27
447.531 369.572 15
594.699 369.9 16
499.21 372.994 13
635.268 371.046 32
311.605 371.723 14
701.725 372.152 1
295.284 369.979 4
422.448 369.825 16
490.034 373 11
718.756 374.206 8
411.271 373.625 40
369.24 374.076 27
596.433 379.54 46
457.539 376.91 34
480.568 377.673 36
520.253 375.73 32
504.825 377.358 27
544.413 375.925 15
702.359 380.057 6
513.16 379.355 19
523.768 379.102 5
628.118 378.615 8
491.98 381.301 2
536.164 379.075 32
390.989 382.419 21
569.293 381.294 37
597.416 383.66 2
364.709 384.486 11
464.686 383.475 42
589.25 384.229 2
655.317 382.086 36
387.424 385.318 1
527.098 386.203 4
380.325 383.263 6
634.673 387.059 2
638.109 382.022 23
58.6588 387.311 3
172.837 386.433 29
43.8124 388.471 7
64.5184 388.16 14
183.041 387.878 12
24.6493 389.704 1
33.411 388.487 4
235.914 391.401 1
514.845 391.201 1
702.962 390.598 11
293.583 391.69 8
326.152 387.672 34
465.418 392.406 13
743.255 393.31 1
235.93 398.083 7
176.042 394.268 23
318.201 398.446 9
587.808 399.316 3
561.306 402.913 1
335.922 406.304 5
500.194 406.594 3
505.063 406.812 9
511.972 406.942 3
560.191 409.851 16
602.618 409.893 31
58.8645 414.483 2
742.883 415.411 1
742.983 421.73 1
58.0618 439.226 8
466.097 72.2962 8
462.15 90.3344 1
480.231 92.3096 12
446.211 93.304 6
458.174 95.5209 6
471.947 94.7165 39
452.761 97.8354 17
466.806 101.305 5
508.968 102.376 25
446.845 103.997 11
480.936 104.459 5
472.882 104.672 6
509.29 107.532 5
458.225 110.607 63
414.908 109.719 2
464.38 114.089 5
435.801 114.411 2
475.19 114.534 10
507.328 117.358 59
568.864 116.487 17
578.27 118.314 28
532.489 119.747 12
490.567 124.132 42
544.292 119.744 14
411.543 120.525 29
522.996 120.796 17
465.507 124.188 8
415.602 125.041 6
437.194 131.426 11
491.058 128.725 10
429.242 132.104 24
457.676 132.28 8
590.482 134.804 1
490.914 137.982 31
408.968 136.426 3
574.738 137.449 14
465.81 140.062 5
435.381 142.089 9
488.523 142.453 11
418.696 141.872 2
428.678 142.186 18
529.569 141.985 19
452.434 145.775 9
534.04 144.873 1
404.433 145.792 2
594.469 146.505 2
556.104 147.978 3
465.652 148.617 16
471.326 150.014 7
610.34 153.826 29
81.3459 152.239 16
92.6989 151.505 8
597.244 154.04 20
663.605 152.895 16
417.196 154.209 7
452.826 151.296 5
585.606 153.957 19
634.103 153.917 3
217.018 155.59 46
100.006 155.38 11
74.2885 155.15 1
603.882 155.602 3
62.0768 156.894 1
466.692 157.073 7
497.212 159.313 15
509.78 159.55 22
407.427 161.355 39
486.445 160.276 45
382.432 161.315 12
393.872 161.607 13
472.884 163.173 22
324.186 162.089 15
608.5 161.677 14
311.656 161.445 3
55.3748 161.778 5
84.8175 162.898 39
91.9207 161.987 6
286.613 162.244 1
623.216 160.568 3
63.4118 163.018 18
217.197 162.528 13
681.335 162.336 14
232.546 164.439 32
76.2238 165.225 22
263.15 165.395 1
420.192 164.864 5
458.659 166.328 8
69.7479 166.42 12
88.2988 169.038 15
95.6158 168.666 6
647.877 173.346 7
726.656 169.524 2
208.542 176.701 48
233.729 170.524 4
604.235 171.431 9
635.812 173.627 43
733.128 171.356 2
398.798 172.351 9
405.767 173.543 13
413.988 172.604 15
420.508 173.028 10
482.956 173.366 14
685.915 171.471 22
173.192 174.569 17
183.898 173.759 7
195.44 173.239 9
217.984 171.542 5
333.207 175.114 20
342.788 174.484 19
353.429 176.047 5
311.35 174.766 9
314.518 176.587 10
460.131 175.444 27
467.867 175.183 9
514.928 174.451 20
657.462 174.372 21
56.0369 176.533 28
491.074 176.68 1
601.906 176.107 9
610.566 181.394 9
643.049 175.392 6
103.727 177.315 9
472.833 176.739 4
593.845 180.228 21
560.343 178.075 2
216.079 179.722 6
251.447 179.961 15
398.56 181.193 7
479.31 179.3 1
538.818 184.678 23
551.213 175.734 29
699.396 180.123 11
82.4822 180.41 12
243.58 182.617 20
425.968 179.325 6
114.387 179.768 23
122.694 181.299 13
532.049 182.051 6
657.821 181.242 9
69.3222 183.812 14
233.284 183.824 30
302.131 182.504 10
364.422 179.592 35
632.085 182.702 13
647.298 182.992 10
493.716 182.199 34
518.505 183.514 11
22.1739 183.455 2
31.125 183.479 2
276.519 183.449 2
433.758 183.212 13
16.8661 184.086 1
178.204 186.469 12
202.324 185.344 7
7.3245 185.057 1
99.4216 185.874 31
165.018 185.972 7
196.181 184.851 2
738.863 185.165 1
609.089 187.881 19
730.724 186.338 2
271.568 189.373 5
381.518 187.255 2
478.535 186.564 6
598.321 187.246 5
686.545 186.799 10
134.151 190.023 22
143.069 190.349 15
405.621 187.366 11
589.514 187.914 7
682.349 189.761 21
722.878 187.526 2
57.4109 188.504 11
236.897 189.71 24
357.709 190.346 26
398.59 190.328 17
460.543 190.399 28
471.84 190.089 4
672.391 188.203 2
652.553 189.168 6
70.3859 188.872 6
116.301 192.421 6
214.19 189.905 14
517.938 191.107 20
570.011 192.502 23
647.609 189.722 7
453.852 194.309 27
500.398 191.779 4
525.344 190.997 8
549.392 189.262 4
390.375 193.466 18
535.077 194.174 18
581.829 189.347 82
615.532 193.859 10
681.384 192.578 2
716.321 192.444 2
164.123 193.245 5
254.542 197.099 21
349.791 194.485 9
318.006 196.197 33
334.763 194.198 1
674.052 194.636 3
80.2801 192.346 3
291.055 194.944 11
341.757 196.68 11
366.735 194.818 2
666.516 196.512 23
91.926 196.703 17
272.389 196.836 8
493.567 198.336 5
588.965 195.845 7
56.3376 197.479 26
70.8347 197.085 5
115.888 197.448 21
436.674 196.522 6
191.198 200.822 28
314.08 200.882 23
379.391 200.274 36
547.612 198.785 16
569.336 198.272 10
629.43 197.528 14
407.003 198.146 22
445.867 200.055 18
218.289 199.412 14
361.048 199.653 1
531.873 200.415 14
558.668 202.188 39
592.556 201.398 16
719.345 200.514 2
426.853 200.737 4
600.875 202.153 26
699.702 202.247 20
295.203 205.362 14
473.62 203.79 48
182.64 205.856 11
437.572 203.51 1
137.345 208.998 38
713.622 205.475 4
75.2428 205.278 10
89.1141 206.993 8
97.9441 205.549 24
124.046 204.821 2
157.66 205.669 8
366.178 206.465 9
611.481 206.69 7
640.155 208.012 8
659.059 206.233 7
111.681 207.789 12
228.565 206.446 6
390.717 207.89 3
428.362 207.858 53
522.74 207.566 20
621.676 209.303 39
649.886 210.197 14
374.562 207.313 9
459.68 204.544 20
540.282 207.6 12
600.072 209.503 33
729.895 207.432 1
177.581 211.427 12
149.821 211.335 29
282.162 209.428 13
402.988 210.368 12
573.992 215.725 41
579.331 209.421 1
240.667 211.239 48
50.5902 214.238 34
252.893 211.184 7
443.337 210.346 5
741.511 210.329 2
70.8517 212.708 6
85.7845 213.021 3
463.153 214.104 57
307.07 213.935 13
386.481 213.41 1
425.059 214.794 6
671.153 215.458 19
219.258 220.314 18
82.2784 215.75 1
160.522 216.869 13
196.01 215.457 4
397.491 218.415 9
502.294 217.083 12
522.126 216.345 6
131.273 219.905 30
139.511 216.321 7
313.789 217.251 9
408.021 217.085 20
460.037 218.305 6
564.489 217.839 19
643.052 218.336 36
123.336 219.661 17
293.247 217.975 19
325.958 219.017 11
607.199 220.387 11
743.355 217.257 1
585.66 218.613 10
669.287 217.967 2
368.387 220.92 4
432.044 219.359 2
496.588 219.487 2
630.865 219.164 3
70.2298 221.049 8
168.229 220.913 10
579.221 218.612 3
197.339 221.04 12
214.607 222.119 4
664.083 224.836 34
91.7119 225.886 48
187.395 222.887 3
389.723 221.921 3
620.949 221.632 18
726.711 223.072 5
731.889 221.986 1
79.0166 223.026 8
282.641 230.217 40
507.867 223.917 7
558.076 226.539 42
567.131 224.938 14
711.691 225.851 11
54.1807 225.955 16
333.937 224.001 1
400.841 224.199 1
450.512 223.978 3
254.691 227.577 33
517.011 225.461 5
685.243 225.425 16
61.0103 227.995 8
182.618 226.864 12
633.872 227.143 34
24.0677 227.598 1
116.259 230.173 24
151.551 225.924 4
196.243 231.381 35
212.027 229.226 31
594.656 229.504 26
607.281 229.246 41
8.41253 228.38 1
237.539 229.149 14
463.202 228.382 7
476.12 228.784 11
540.085 231.254 25
587.322 229.375 17
193.773 230.386 20
335.314 232.525 23
579.953 231.236 36
167.449 230.94 21
529.538 229.692 16
562.851 229.917 5
678.079 230.573 5
357.093 233.662 33
396.821 233.221 10
411.176 232.66 29
434.652 233.952 15
129.157 234.883 18
537.265 231.081 1
507.278 236.055 35
150.622 233.962 9
250.519 237.56 34
312.278 233.955 13
496.529 237.501 20
464.701 236.182 27
612.264 234.76 3
482.868 236.384 23
619.932 235.373 5
721.799 235.073 2
318.317 234.323 18
530.378 241.002 29
674.123 237.576 28
707.46 240.213 8
550.517 238.683 21
716.703 239.54 11
729.398 238.144 2
743.163 238.044 1
226.73 240.929 19
426.955 240.341 9
262.198 241.353 2
344.632 242.408 6
142.695 243.228 20
316.209 242.597 12
610.752 243.755 7
362.67 244.926 23
633.323 241.828 14
677.798 243.71 2
275.661 245.232 1
285.786 244.801 1
500.511 244.879 1
529.563 244.723 5
214.223 245.991 7
437.363 246.834 17
487.941 248.169 23
518.031 244.831 3
725.465 245.987 1
443.929 247.433 18
599.394 247.69 34
196.382 248.069 57
389.828 248.149 2
431.866 249.947 17
483.138 248.534 2
553.758 248.417 11
628.329 249.939 23
640.023 248.956 3
730.717 249.965 3
683.41 249.99 29
513.668 252.015 20
282.107 253.248 42
524.485 256.226 7
239.502 255.246 36
497.072 253.093 14
540.29 252.235 12
608.963 252.336 12
44.8827 254.336 18
153.541 254.52 14
175.523 255.063 9
354.318 256.704 27
458.33 253.664 12
197.234 255.175 21
300.937 251.652 18
383.882 253.992 2
434.216 256.969 6
568.09 254.073 4
600.467 254.771 5
692.313 254.462 10
185.408 253.822 3
217.8 257.545 29
291.011 254.912 17
208.563 255.107 40
255.489 258.739 24
166.418 261.882 12
229.865 260.491 16
50.1608 257.447 2
311.862 259.036 31
333.78 257.544 13
366.513 257.415 3
370.919 258.577 13
687.626 260.999 19
321.627 257.679 10
338.194 260.497 10
428.461 260.291 30
464.864 258.634 4
481.749 259.126 27
381.32 260.778 7
556.401 260.496 8
188.085 261.302 12
291.165 261.71 2
436.11 261.315 7
210.335 264.574 11
615.555 261.822 4
322.784 263.615 4
564.684 261.299 10
336.027 264.632 6
528.156 264.063 25
60.6243 264.709 5
85.4278 266.745 10
96.7692 266.255 4
314.652 267.157 3
105.724 269.173 11
592.598 266.063 2
475.032 268.332 10
628.187 266.528 15
608.516 267.526 29
299.611 270.085 10
394.61 268.994 24
536.063 266.827 14
464.515 269.122 17
732.094 269.194 1
739.331 268.414 1
415.798 270.46 1
575.76 270.195 4
598.263 271.459 12
351.806 270.612 5
376.866 272.172 1
398.135 276.881 30
17.304 273.003 1
721.319 273.88 7
705.821 276.998 22
314.787 275.471 7
495.815 276.032 24
58.6359 275.163 22
125.251 277.572 6
332.265 276.635 19
588.917 276.915 8
65.8678 277.721 1
96.3532 277.248 14
118.768 276.468 10
137.089 277.304 1
417.397 275.182 6
429.438 279.609 37
563.797 277.863 4
572.433 277.191 2
601.635 276.851 4
727.616 277.521 7
738.439 277.197 1
306.641 278.52 3
520.98 278.938 4
561.473 278.246 3
675.781 279.867 25
550.328 279.119 15
580.563 280.518 5
692.333 278.505 22
702.756 280.626 7
716.93 281.084 7
34.9579 279.711 5
182.74 276.688 26
198.006 286.125 13
274.251 280.07 4
282.061 282.235 7
289.947 283.177 13
512.004 280.594 12
101.703 280.182 11
335.202 283.326 4
403.913 284.443 21
83.2939 283.326 16
301.281 281.327 12
485.912 279.441 6
641.447 283.888 49
681.473 282.213 1
128.977 282.729 3
316.659 282.462 5
473.566 282.601 7
532.585 282.989 6
364.328 283.357 6
460.206 280.348 26
611.519 288.494 14
119.251 287.122 52
345.633 284.866 11
442.872 284.654 9
594.386 285.275 16
650.22 283.185 6
97.7901 286.197 2
397.426 288.678 16
569.045 286.635 12
741.568 285.815 1
75.3285 287.406 7
548.76 287.479 24
673.088 286.543 4
683.071 289.875 30
716.45 288.626 11
87.0806 290.166 4
174.581 288.379 1
270.951 285.999 5
354.02 288.429 18
599.855 288.309 10
33.3725 289.521 9
307.573 291.148 5
419.616 288.602 10
39.1816 291.573 6
53.9144 290.981 12
189.348 288.954 5
504.386 290.482 10
532.714 290.073 8
729.241 289.468 1
578.205 290.913 11
618.367 291.28 27
80.1328 291.884 6
342.848 295.652 20
481.849 292.777 9
496.489 293.922 20
606.914 291.541 4
86.7674 292.247 1
96.083 292.216 7
458.439 293.98 44
470.109 293.31 8
692.035 292.742 5
116.182 293.042 1
130.939 292.999 2
700.128 293.721 13
303.049 295.63 29
521.483 294.552 22
570.782 294.887 6
199.938 296.711 24
313.511 297.122 10
441.365 297.128 31
547.281 295.301 15
220.404 296.683 8
322.035 297.157 31
511.008 296.558 5
720.448 299.135 9
82.5744 296.922 2
253.883 296.779 1
259.42 299.94 19
598.292 297.809 2
637.864 297.883 1
463.918 298.583 1
490.101 298.372 1
564.935 299.452 9
584.414 300.259 16
731.921 298.369 2
26.4145 299.861 2
625.688 299.118 4
646.649 299.647 1
108.369 299.171 25
248.674 301.743 11
312.903 302.264 9
370.949 305.339 19
374.895 302.213 2
569.957 302.202 8
609.679 303.422 27
118.68 302.519 13
124.319 303.672 1
303.598 303.983 4
549.812 303.173 13
555.671 306.9 15
397.396 305.461 17
509.899 303.909 1
521.444 303.417 7
633.535 305.228 16
484.838 305.485 11
615.059 304.727 13
700.831 304.463 2
135.515 305.567 2
64.4091 306.846 8
318.06 308.808 9
425.083 309.347 4
587.234 306.91 5
354.956 308.222 6
535.954 307.981 7
693.585 308.566 3
323.549 309.23 2
457.163 308.763 24
723.874 313.149 8
97.9152 311.302 5
118.43 311.748 19
367.942 310.967 4
418.373 316.056 28
445.357 311.796 24
575.067 313.659 10
606.445 311.505 4
499.649 312.401 1
672.003 312.355 6
305.55 313.864 8
582.008 318.313 16
594.319 315.818 30
490.664 313.697 22
552.915 314.412 39
8.96687 314.391 1
330.152 315.008 3
435.002 316.899 19
588.03 314.623 5
207.842 316.44 46
249.566 315.762 2
573.982 315.151 1
71.2851 316.208 6
130.998 316.456 2
140.024 317.096 1
407.027 318.207 13
482.323 317.844 5
716.809 315.865 3
116.387 317.755 3
353.016 317.183 4
300.292 318.739 11
466.39 318.261 23
157.551 319.129 9
244.104 319.075 4
97.1322 322.376 22
346.924 321.519 7
475.971 320.705 14
594.842 321.509 6
626.52 321.405 6
215.745 325.793 24
696.634 323.088 18
729.901 322.03 1
128.108 322.575 25
178.14 322.807 10
332.451 322.683 48
447.676 322.13 28
80.2629 323.861 1
189.996 327.352 42
497.402 326.05 15
707.095 323.404 2
117.508 324.559 14
590.155 325.508 4
452.039 325.521 2
373.56 326.164 1
567.293 327.447 13
96.0305 325.605 4
134.744 327.739 1
335.209 327.535 7
388.657 327.535 5
493.034 327.253 2
156.44 328.223 5
471.899 326.697 6
558.39 330.174 23
723.635 329.687 5
73.0726 331.405 1
319.06 331.957 19
382.231 331.442 20
576.67 330.753 2
46.796 332.261 2
36.3373 335.912 10
57.7177 333.647 5
565.976 331.835 4
27.8959 335.545 9
245.691 337.473 38
603.487 333.414 13
113.855 339.209 5
386.945 337.239 4
85.7969 337.205 30
301.316 339.231 13
374.548 336.901 1
380.73 336.887 1
132.275 339.991 4
163.963 338.753 32
242.618 339.624 3
266.834 339.523 16
318.865 339.842 26
416.945 341.528 10
432.036 338.787 13
699.869 338.75 4
6.22034 339.933 1
46.9843 339.083 13
482.65 341.762 13
488.802 342.206 15
545.316 345.163 11
692.965 341.856 4
412.702 342.254 4
444.205 339.815 5
466.048 340.635 3
497.872 343.038 18
522.316 344.409 16
534.838 341.906 7
585.686 341.232 1
514.388 344.024 35
64.8112 344.793 20
168.232 344.028 13
389.531 342.973 10
51.785 343.217 3
378.902 344.171 47
456.764 343.501 17
576.773 344.143 7
69.7928 344.417 1
401.305 345.171 19
553.115 344.776 14
569.378 344.347 7
683.995 348.921 15
335.434 346.1 10
426.077 345.728 8
35.9586 348.055 10
259.174 346.576 3
450.223 346.115 1
721.985 346.674 3
102.344 347.529 11
117.485 347.028 14
135.86 347.802 16
205.488 349.411 38
362.735 346.875 4
474.991 347.28 3
734.994 348.3 1
75.9784 349.295 33
125.019 345.549 16
559.169 348.83 3
189.258 350.023 8
492.671 349.829 8
632.198 350.087 10
50.8941 351.307 15
242.261 351.709 12
512.23 354.043 14
713.737 350.548 9
248.47 352.017 9
400.265 352.581 12
566.282 351.183 2
577.199 351.517 2
693.107 354.267 4
63.8654 352.957 7
110.465 348.021 20
143.304 353.823 16
587.703 353.238 7
622.72 352.845 3
126.688 356.992 24
236.653 352.111 11
267.919 355.243 35
340.195 354.144 2
383.101 355.986 27
527.726 353.95 5
684.525 354.579 1
56.6276 354.933 6
156.731 354.72 11
432.413 355.028 15
473.351 356.968 18
96.761 357.909 31
118.655 357.507 30
147.12 356.145 2
182.984 356.19 9
652.727 355.938 5
169.78 357.077 29
418.45 357.359 23
542.127 356.088 3
83.5433 360.366 5
188.681 357.707 4
583.143 357.149 18
326.982 357.313 22
377.48 360.673 5
44.4799 360.128 11
285.128 359.938 8
500.05 359.356 9
13.3576 360.646 1
22.49 360.175 1
164.199 361.941 17
274.54 361.813 32
305.552 361.892 16
563.548 360.476 10
70.1693 364.231 18
507.82 361.76 3
553.506 362.373 20
33.7931 363.371 11
254.313 363.741 7
394.854 365.294 22
243.641 363.103 33
404.415 364.65 4
455.629 363.619 56
386.576 366.109 61
407.644 366.286 3
422.19 364.601 9
437.33 363.949 1
612.354 363.603 6
99.4048 365.404 2
174.441 367.287 14
236.411 369.434 30
311.835 364.816 15
475.087 365.673 41
516.879 364.784 10
710.374 366.184 14
607.782 366.594 28
376.729 367.584 11
225.306 373.621 22
417.073 368.163 1
563.404 369.746 26
727.903 368.979 1
467.325 371.064 27
340.968 370.328 2
100.704 373.681 24
185.172 372.302 9
264.942 372.544 14
273.118 372.377 8
388.656 371.851 11
76.5629 372.383 4
140.191 373.82 5
148.784 373.239 9
283.451 371.716 1
291.036 372.098 1
384.398 373.667 14
401.703 372.263 2
436.847 372.036 10
482.375 371.831 5
319.684 373.853 14
530.527 374.111 3
603.533 375.554 21
696.775 372.942 1
475.258 373.662 15
641.941 374.644 22
706.815 374.674 13
312.226 380.576 14
581.483 377.477 25
613.951 377.343 11
651.655 377.399 7
295.605 377.665 30
494.531 376.539 4
432.364 382.016 23
338.79 381.341 20
721.398 380.322 6
237.242 378.28 14
323.482 379.699 16
463.694 380.551 2
282.823 383.327 14
396.793 385.612 26
527.825 381.601 2
227.069 381.87 16
521.089 386.784 21
371.77 384.85 42
575.822 385.43 7
480.577 385.74 10
498.401 387.041 35
500.835 386.812 12
508.774 386.606 14
625.245 385.255 10
533.602 386.839 32
561.765 388.394 16
667.148 386.583 4
676.189 386.364 3
189.292 394.116 28
221.483 390.764 6
472.407 391.523 12
630.813 391.707 10
658.936 392.08 4
691.395 391.09 1
166.197 394.305 41
176.096 391.9 4
249.387 393.391 57
372.503 394.656 17
640.346 392.881 4
651.115 391.682 3
716.347 392.356 2
72.9553 392.957 7
448.94 392.811 9
33.4046 394.903 7
330.516 395.371 2
517.537 394.756 3
458.445 395.789 15
295.016 398.786 19
344.152 397.302 10
478.096 397.89 18
508.66 397.306 5
195.269 399.242 3
170.61 401.218 7
182.335 400.456 3
260.889 400.331 8
503.635 399.41 2
461.997 402.059 3
7.73504 401.418 1
68.4586 404.166 17
325.994 403.492 4
376.744 402.107 2
727.223 401.463 1
39.8591 405.398 6
394.004 404.276 27
474.738 403.831 19
568.508 404.282 31
347.048 405.842 11
588.325 405.351 14
244.148 406.444 1
721.464 405.331 2
595.053 406.683 15
6.63862 409.557 1
573.884 412.729 11
342.393 410.04 3
468.751 410.6 1
717.95 410.824 4
701.42 412.73 6
244.65 413.753 5
323.632 412.07 4
605.888 415.661 2
412.806 418.906 1
692.177 419.465 2
722.55 420.742 4
726.882 420.541 1
574.865 421.119 3
735.337 420.876 1
343.142 421.202 2
590.263 425.764 2
52.3458 426.733 4
415.206 432.439 3
66.4198 432.398 3
502.168 436.531 1
566.954 437.077 5
624.164 437.701 10
64.9179 442.528 2
498.139 452.896 3
488.812 455.809 2
400.222 457.1 5
489.959 149.525 1
409.059 152.155 35
456.257 153.129 6
623.638 173.573 19
72.5237 174.537 2
130.97 195.933 8
301.986 195.947 12
481.01 200.48 30
65.1697 206.195 24
270.694 206.484 1
590.495 210.294 3
335.69 218.169 55
689.42 220.163 15
97.9596 223.468 35
693.356 238.142 22
495.467 238.254 3
350.457 247.69 11
275.193 267.276 24
124.966 269.72 25
460.313 277.703 4
725.67 293.525 2
337.452 303.15 7
384.577 305.373 36
168.938 308.521 14
706.142 310.384 13
603.939 320.354 9
582.871 345.943 6
149.448 349.509 16
713.616 387.117 12
57.2227 397.586 32
41.5814 405.63 1
381.067 414.647 2
595.354 414.9 13
456.465 417.43 3
567.613 419.807 18
454.019 100.127 3
442.287 115.26 2
518.517 112.826 32
627.34 149.007 1
639.24 148.567 12
380.688 153.321 16
310.665 156.471 7
389.579 155.978 18
318.618 157.288 2
260.077 161.082 19
204.162 166.73 20
169.103 169.775 10
190.714 170.211 12
555.549 174.285 9
99.8014 175.206 15
144.664 177.924 19
196.017 179.527 1
458.492 183.632 9
352.949 185.275 8
49.3512 188.809 2
421.696 188.207 1
487.056 191.521 2
331.123 191.877 33
712.422 197.038 3
48.6549 199.407 4
146.784 203.725 1
579.029 202.715 7
669.395 205.934 14
689.44 208.935 16
734.321 214.657 1
347.278 215.943 8
708.675 218.385 1
206.692 222.569 5
422.47 222.285 5
626.551 223.976 6
658.509 227.353 13
698.446 229.149 2
607.662 237.019 3
620.772 247.279 2
338.521 248.554 10
229.785 251.832 2
209.784 256.553 2
324.841 257.343 3
402.896 261.146 4
732.909 263.722 1
52.7659 270.527 6
716.714 270.703 1
507.753 270.175 38
521.126 273.584 4
668.196 279.996 2
498.446 286.754 3
468.389 288.39 2
612.104 286.433 16
586.611 291.503 10
371.101 293.063 15
711.642 300.855 11
543.666 304.235 1
459.684 313.277 2
565.841 314.046 7
392.349 316.252 14
237.995 324.062 4
384.886 322.966 20
39.5537 326.029 15
602.819 326.993 16
252.749 327.177 6
111.781 329.342 10
126.979 331.527 21
484.408 334.483 24
518.129 335.723 4
142.929 340.034 1
236.094 338.797 13
263.899 348.367 2
467.589 348.266 11
556.895 362.205 9
35.8458 366.15 6
71.7418 366.513 6
109.179 367.876 6
137.628 369.169 1
700.925 366.985 13
425.821 370.341 1
447.452 373.367 3
596.323 372.841 1
332.879 372.28 28
624.774 374.415 10
487.401 381.438 24
705.673 381.795 4
248.649 386.523 8
54.0261 388.079 1
156.962 402.786 8
237.099 402.8 11
600.294 408.564 2
318.079 412.145 7
45.774 416.295 9
719.311 416.444 2
334.235 427.255 15
468.823 76.2748 1
449.222 93.0986 1
473.715 98.9912 3
474.694 121.295 5
504.452 123.698 23
545.352 121.933 3
577.018 122.457 10
411.238 125.553 9
526.88 121.118 1
493.669 123.148 7
590.053 124.467 2
429.628 134.612 10
442.696 131.625 13
66.1065 137.831 23
490.615 142.837 1
502.698 146.081 36
593.934 154.642 4
616.176 158.838 27
216.258 158.197 13
513.324 160.992 7
488.185 161.842 6
86.7218 163.401 1
233.83 163.196 1
384.852 164.186 9
404.513 163.011 4
329.311 164.506 7
352.32 163.716 6
467.264 164.456 15
636.188 173.923 1
738.06 174.079 2
368.42 175.912 22
408.538 180.241 12
627.692 176.781 11
59.2548 179.534 8
208.823 176.134 1
309.391 177.553 1
439.129 177.792 2
220.271 179.071 2
282.23 178.403 17
466.137 179.535 5
595.488 180.906 1
251.562 183.657 3
495.157 182.055 2
703.122 183.196 3
235.37 183.85 2
561.988 185.046 49
521.057 186.374 6
649.112 186.225 2
661.994 185.597 5
101.261 188.745 18
582.453 186.702 2
198.128 189.005 10
685.991 194.515 6
457.168 195.67 6
210.236 198.146 19
571.382 194.896 4
599.638 194.391 2
57.5784 196.21 2
221.029 197.246 1
551.476 195.991 15
258.366 202.97 11
323.138 203.2 22
495.094 198.817 1
646.949 197.558 5
668.972 198.868 3
380.056 202.285 7
412.834 199.787 5
634.537 199.049 17
480.239 202.972 3
512.65 204.385 41
186.779 207.778 10
702.232 204.618 1
138.75 211.209 6
181.274 211.443 5
429.437 210.107 3
624.249 212.746 15
149.107 213.218 7
600.432 213.511 7
656.093 213.695 5
51.9908 215.354 5
573.513 216.283 7
163.836 220.558 1
643.543 220.169 2
130.023 223.732 3
393.879 221.784 3
590.404 221.961 1
218.025 226.754 8
637.277 223.082 2
664.183 225.468 4
622.376 224.778 1
715.503 226.184 1
730.815 225.146 1
282.136 229.801 8
316.51 227.461 18
556.462 229.386 9
144.286 227.636 26
508.615 229.732 2
571.036 228.735 1
114.561 235.281 11
584.044 234.245 11
402.167 235.113 14
424.458 232.766 19
436.648 238.443 7
152.9 236.875 1
253.223 239.001 13
363.707 237.479 25
486.516 238.003 4
694.581 241.142 4
229.886 241.334 2
536.197 240.517 23
716.651 242.186 1
735.618 241.898 1
196.115 244.37 1
614.663 245.671 5
439.719 249.639 2
582.93 253.116 37
626.161 254.622 6
644.334 253.257 2
239.707 258.256 3
513.185 257.566 5
219.646 263.054 12
608.303 255.856 5
199.48 261.057 10
355.138 259.932 2
689.873 262.04 1
441.725 261.218 3
280.09 270.53 6
490.536 267.918 9
541.153 268.619 8
567.99 266.783 6
110.011 271.114 14
127.325 271.012 3
477.683 271.512 17
73.7055 272.634 35
296.64 272.98 2
616.722 276.146 2
177.775 276.345 11
406.833 277.751 2
708.169 279.053 3
140.337 279.758 1
496.989 279.277 2
28.9227 279.899 5
526.876 281.4 3
695.18 280.321 3
85.2065 283.095 2
552.096 285.291 7
198.227 287.131 6
279.289 287.397 9
361.686 287.234 14
684.282 288.892 3
653.905 288.337 22
505.174 293.585 4
621.827 292.784 1
457.82 300.748 11
483.48 294.91 3
693.378 295.167 1
302.605 297.134 1
349.878 296.831 6
107.423 298.231 12
200.597 299.993 4
444.221 298.726 2
522.783 299.705 1
429.476 300.39 6
720.633 302.358 3
609.84 304.543 3
342.532 310.404 2
358.609 313.297 5
727.601 313.315 1
278.102 313.017 4
422.148 317.024 8
597.253 315.878 2
301.152 321.749 5
468.336 320.805 5
580.642 318.652 1
628.663 317.636 9
179.518 328.349 9
217.672 325.139 3
395.931 326.998 25
198.363 332.105 17
36.1275 340.38 6
248.115 340.39 24
604.823 337.998 2
88.2081 342.728 6
111.927 340.935 1
164.697 339.827 2
396.423 339.91 12
323.153 343.153 11
485.517 343.538 3
128.336 342.812 6
184.752 345.771 6
378.558 347.717 6
515.489 346.699 7
65.2604 347.397 1
580.133 347.373 1
622.847 345.796 6
137.516 349.599 2
682.365 348.445 3
332.69 350.397 3
39.6954 352.516 7
207.903 352.599 4
79.1326 352.835 11
495.995 350.257 7
254.248 355.663 2
402.117 357.276 6
423.344 355.437 3
120.745 359.229 6
434.542 356.935 2
585.869 360.513 6
18.0547 363.093 1
457.379 366.402 6
225.4 372.962 1
237.44 371.655 1
711.524 371.185 1
62.8588 374.019 26
163.135 372.816 16
253.074 374.014 14
80.8475 376.923 3
604.88 375.921 8
580.898 379.247 3
423.143 380.491 11
654.729 381.727 7
343.205 384.26 15
727.298 383.351 1
373.616 384.98 8
514.141 384.984 3
666.542 391.807 1
384.155 395.258 5
166.768 397.162 10
188.47 395.97 6
248.881 396.076 8
635.455 397.971 3
31.9357 397.374 1
57.1654 397.416 2
294.144 402.459 5
199.581 401.943 1
331.874 402.795 41
262.057 406.441 15
392.129 408.483 8
11.7658 407.704 1
69.7397 407.671 2
180.663 408.447 3
43.1302 410.353 2
348.359 407.505 3
486.919 413.404 24
579.495 410.661 4
461.689 416.643 1
702.27 419.025 2
415.947 422.783 2
505.931 436.986 2
623.595 440.308 2
500.629 455.427 1
406.123 459.012 1
489.41 479.075 1
616.473 156.498 1
643.517 159.523 20
539.859 186.436 3
134.798 191.332 2
173.22 193.316 8
354.05 195.794 6
300.009 202.059 6
196.97 235.537 17
328.61 232.776 17
497.654 264.276 1
544.851 270.012 3
360.864 272.318 62
627.451 294.874 1
375.273 311.445 18
632.231 308.232 5
307.21 340.783 9
221.363 362.936 18
476.228 359.44 4
567.883 378.452 4
554.185 386.502 6
491.863 398.32 15
479.637 417.084 7
599.258 427.697 23
497.073 110.8 2
402.539 166.947 4
557.764 170.514 3
175.075 177.87 18
48.5482 196.119 3
81.2584 207.844 2
80.7641 212.798 1
108.959 218.904 18
277.396 217.173 1
514.909 216.496 4
449.727 221.829 1
690.525 228.948 2
183.948 242.895 1
470.188 248.665 8
412.884 309.202 1
264.807 327.271 12
240.06 329.135 2
543.477 327.803 16
153.454 336.115 3
363.144 354.435 9
703.96 362.497 4
22.7541 367.189 2
335.726 368.405 2
365.842 370.108 12
487.497 376.574 1
181.707 384.244 1
153.656 407.307 2
236.41 413.641 9
555.86 415.148 1
45.0417 420.745 2
458.96 116.561 3
481.742 124.962 6
577.343 127.28 5
505.623 129.394 15
606.027 137.902 1
692.76 164.315 1
218.72 167.335 3
475.819 165.414 4
65.1422 179.163 2
375.968 182.988 1
412.189 186.654 13
566.666 186.445 1
280.044 188.29 10
541.796 190.796 3
145.238 194.776 21
681.523 203.121 9
307.856 203.607 15
465.623 204.251 3
557.462 204.552 3
190.764 213.369 3
436.338 209.218 1
710.167 213.357 1
145.756 218.402 9
173.535 229.452 5
81.7861 231.718 2
643.946 230.763 14
204.229 237.337 4
289.576 236.411 9
593.048 234.431 3
329.148 239.553 3
376.903 238.631 20
414.435 239.487 1
454.13 239.394 2
497.941 240.561 3
667.619 240.762 16
708.997 251.775 1
631.057 260.737 1
228.009 265.282 3
506.56 261.091 29
582.273 263.528 3
467.754 271.019 1
78.5569 277.215 2
108.308 276.646 5
287.526 295.929 22
145.78 302.936 1
458.994 302.06 4
661.732 302.168 2
621.827 308.675 21
382.676 312.688 7
637.767 316.633 2
106.69 322.182 5
426.402 322.877 3
404.753 331.342 11
505.741 327.013 5
182.522 332.429 9
330.446 338.41 3
253.108 343.443 1
610.647 340.582 3
200.411 350.037 3
522.443 353.055 8
64.9684 363.164 1
463.574 364.309 4
572.382 370.671 4
717.528 372.012 1
67.3434 379.393 1
46.6152 381.147 1
266.178 383.333 14
405.56 392.363 2
586.094 394.611 2
252.226 401.704 1
56.068 403.958 4
333.072 408.908 1
357.97 412.747 1
270.834 416.151 2
79.0709 418.608 1
393.539 417.925 4
17.9066 419.153 1
423.67 433.611 1
629.769 450.484 1
498.23 483.23 1
167.323 199.968 8
207.626 239.581 13
572.27 297.855 2
548.028 396.559 1
481.098 429.085 1
601.644 439.201 2
439.139 115.546 1
545.441 104.78 3
583.19 162.92 1
126.543 168.898 2
477.274 190.278 1
39.6905 202.774 1
73.2222 320.832 5
515.323 142.865 2
76.6219 190.461 14
582.568 196.651 1
637.208 196.578 1
479.766 219.41 9
107.868 243.172 1
162.39 246.156 1
653.348 253.548 1
439.568 256.96 4
242.756 280.745 1
111.872 292.165 10
399.472 306.992 1
582.236 305.603 11
535.846 330.317 1
625.856 343.332 1
99.0306 394.752 1
434.501 403.678 3
533.71 407.257 3
618.907 403.823 1
600.269 447.016 1
567.8 102.646 1
341.7 270.662 1
155.632 277.084 1
135.331 414.164 1
455.801 80.8134 11
461.478 102.124 6
452.712 103.754 3
515.477 113.721 3
463.161 130.883 6
423.346 143.729 8
89.4863 144.746 19
460.477 153.7 4
425.497 161.557 1
658.563 164.281 1
401.165 166.099 1
627.957 165.02 3
722.287 165.854 6
345.551 167.418 2
370.928 167.205 3
379.883 166.692 1
312.928 166.673 12
519.741 164.966 22
257.647 172.732 2
562.793 171.467 15
241.615 174.472 4
249.285 174.276 5
233.948 175.385 2
140.792 177.575 4
159.789 179.343 32
166.169 178.229 16
733.547 180.577 1
317.734 182.255 7
673.585 182.674 2
719.496 182.267 4
302.416 185.896 4
102.934 194.041 13
196.317 194.01 2
265.942 193.298 7
698.344 195.037 2
448.094 195.469 1
710.851 198.371 7
603.515 202.118 1
202.476 202.893 5
575.419 205.546 2
194.32 208.937 8
338.811 211.153 1
602.032 215.806 3
223.453 215.886 8
246.106 217.779 9
718.416 216.904 1
723.709 216.62 2
678.09 219.868 2
84.8557 221.839 7
191.038 223.421 1
601.664 224.974 7
361.989 226.075 8
157.663 230.478 7
226.808 232.905 8
239.542 237.689 10
367.263 244.596 2
721.543 245.169 1
271.57 245.292 2
198.216 248.18 3
605.5 248.291 2
221.777 247.813 5
351.78 250.112 8
592.641 256.852 5
366.294 263.768 3
53.408 279.296 6
340.775 281.926 1
509 285.117 1
24.6099 286.011 3
59.7827 288.162 4
707.558 302.701 6
183.275 307.755 8
591.316 308.084 3
240.127 317.017 12
92.4703 316.83 1
184.198 315.725 5
494.665 321.02 3
163.966 330.274 11
232.641 344.129 1
323.208 343.94 1
466.12 346.634 1
212.692 347.905 4
471.308 349.446 1
707.095 352.977 3
503.983 354.33 3
217.376 364.011 22
248.314 364.356 8
30.0705 365.191 2
105.063 366.927 7
436.994 375.664 7
287.695 377.14 3
466.516 59.539 5
421.563 90.9147 1
421.348 113.317 9
585.027 120.215 2
473.858 123.439 2
452.134 132.653 5
63.2673 135.24 1
497.227 142.673 6
222.913 157.69 12
621.575 155.149 5
569.548 165.117 5
386.567 175.404 12
336.221 175.562 7
364.445 172.047 4
369.959 173.103 2
377.437 174.167 10
707.48 172.015 7
295.813 176.46 10
301.677 176.063 4
433.923 174.513 7
448.451 175.838 3
724.745 178.69 6
571.629 179.85 2
610.696 179.931 2
714.272 182.422 1
191.387 186.272 3
82.8044 188.229 4
638.627 189.833 11
78.0464 187.236 3
626.869 190.909 16
602.289 189.152 3
217.247 196.044 2
641.42 197.773 3
327.231 199.268 6
611.828 198.901 1
490.24 204.046 17
541.624 201.372 2
581.228 200.743 2
205.64 208.347 2
105.267 209.98 29
227.143 219.019 8
114.302 219.582 1
137.994 219.224 1
239.573 221.637 4
265.149 227.282 10
693.177 225.731 1
444.544 233.722 6
175.424 233.065 8
146.307 248.078 2
246.526 251.914 1
362.226 252.88 20
346.572 253.789 6
150.439 255.261 2
567.598 257.364 1
266.798 258.615 12
113.332 266.295 1
484.329 268.44 9
560.151 269.75 11
531.426 271.817 2
28.9628 277.383 2
467.909 277.965 6
485.16 276.403 2
452.65 279.892 7
512.555 280.281 2
648.533 288.247 1
705.254 299.177 4
333.539 294.497 5
423.82 295.657 9
472.979 309.349 13
90.4006 312.003 6
617.123 312.822 9
167.329 324.629 9
611.267 327.837 4
123.383 329.708 2
195.121 331.356 3
296.426 332.01 3
67.4744 333.942 4
395.404 336.918 4
105.337 337.492 4
151.332 339.659 2
471.721 341.789 1
172.324 342.517 5
85.8333 349.546 9
36.8217 349.467 1
217.075 353.131 2
468.981 354.6 2
573.453 358.124 10
431.381 365.705 6
299.94 368.241 6
212.209 371.638 16
631.88 370.567 1
555.109 372.392 3
107.642 373.125 1
121.585 375.388 5
424.56 377.19 9
456.433 375.351 1
549.739 382.321 10
603.282 389.103 8
332.368 446.071 2
599.757 476.05 1
631.385 197.681 1
295.096 209.923 16
591.615 215.875 8
276.162 252.749 5
295.204 285.474 1
95.0404 346.798 1
425.304 157.431 5
575.696 159.631 6
309.427 167.574 2
586.474 173.718 13
175.422 178.778 6
260.415 203.318 5
701.987 230.848 1
352.445 247.305 5
294.981 251.298 13
717.682 267.244 5
384.255 290.871 19
530.995 301.168 5
182.225 315.201 1
40.5262 328.01 4
128.622 330.486 2
263.946 333.241 4
310.099 353.925 6
195.4 362.486 19
275.901 364.348 2
397.135 368.68 1
703.107 385.599 1
237.65 407.122 1
467.354 82.0562 18
525.108 123.643 1
638.248 176.519 1
335.853 178.719 2
405.233 179.603 2
281.165 184.572 7
439.955 185.33 8
448.221 181.027 4
704.39 187.145 5
221.602 193.759 1
648.597 193.883 2
257.324 202.23 2
706.045 210.424 6
619.089 213.253 1
165.68 224.358 2
636.905 229.908 4
451.495 231.515 4
645.677 256.592 2
429.342 263.915 13
181.053 261.975 10
354.591 264.043 6
689.071 265.09 1
478.311 275.093 1
376.199 285.376 1
406.42 285.84 8
275.87 288.307 2
551.318 288.14 1
289.673 289.008 9
325.835 293.58 10
653.668 293.607 2
684.099 292.327 2
350.784 298.571 8
405.531 305.65 3
512.81 321.537 7
580.553 325.767 17
399.286 323.979 4
177.669 329.516 1
605.214 341.185 6
397.675 343.525 3
173.505 352.842 4
334.732 358.202 23
306.131 364.534 1
124.498 378.096 1
224.096 376.234 1
296.427 382.776 3
581.141 383.507 9
453.13 386.823 9
494.952 393.751 1
261.982 410.327 1
390.482 412.117 3
67.4821 412.837 3
179.89 413.162 1
346.705 413.931 5
340.159 445.872 2
589.427 232.173 1
333.782 241.309 5
634.214 312.649 2
225.807 355.087 3
567.89 374.134 1
164.063 377.054 2
63.733 378.873 1
182.885 379.996 6
632.857 378.619 7
396.177 391.393 12
560.852 103.491 2
526.922 101.922 4
357.204 148.25 1
593.171 165.488 6
238.394 241.213 1
513.815 269.921 7
154.628 332.842 1
448.628 350.874 2
556.23 356.556 7
130.86 367.182 3
511.638 371.323 8
414.859 143.854 3
494.668 168.274 5
632.853 186.683 2
413.884 193.746 4
585.243 190.044 1
276.471 197.409 10
316.334 207.391 13
436.327 215.69 4
468.482 209.043 4
83.9645 235.924 1
291.228 235.922 1
642.498 237.727 1
375.048 242.799 6
415.647 243.927 1
664.442 246.998 1
226.369 271.283 1
108.963 283.75 7
594.838 295.001 7
282.886 304.027 9
314.728 305.344 1
457.525 305.185 1
424.325 328.104 7
404.992 333.145 3
254.667 348.855 3
520.597 357.603 2
479.543 362.73 1
270.605 383.388 5
310.317 385.988 2
409.161 394.433 2
168.731 405.045 8
395.776 305.879 1
149.388 322.777 3
224.975 197.251 1
585.322 206.788 1
161.302 263.256 1
437.791 268.063 5
247.106 289.279 7
583.286 310.555 3
730.25 201.318 2
709.275 182.488 4
720.899 203.465 2
692.632 189.866 3
670.139 171.765 4
726.274 233.062 3
664.672 174.444 11
688.605 199.972 7
695.492 208.83 6
722.358 239.299 1
652.399 172.575 1
692.64 220.307 1
593.597 142.37 11
613.856 163.003 3
637.551 191.247 5
681.531 235.038 6
614.73 176.65 3
671.376 232.935 4
725.314 286.622 3
625.857 192.444 3
588.262 161.501 15
651.961 228.318 4
675.827 256.435 2
507.685 94.5154 12
466.829 64.1956 3
539.788 148.141 2
453.638 83.8955 1
543.691 174.054 8
573.01 219.588 1
474.5 128.078 6
552.581 211.984 7
480.534 141.064 2
536.38 213.099 6
556.859 232.617 1
606.323 279.473 7
611.905 290.953 1
624.122 310.081 1
534.124 224.477 2
420.71 115.17 1
613.006 320.956 7
429.425 145.147 2
410.67 128.392 1
441.368 161.685 5
468.992 195.876 2
644.251 379.837 1
413.06 157.348 6
426.347 187.336 8
517.569 284.643 5
489.691 256.841 7
471.253 261.78 10
386.479 182.683 1
416.177 217.612 6
565.478 380.678 2
336.479 168.138 2
344.952 188.618 4
292.857 156.97 4
346.082 214.237 1
450.253 331.543 13
342.115 224.878 16
391.042 287.447 5
391.347 299.583 7
339.732 275.25 3
403.322 339.038 7
232.579 190.849 1
401.277 359.5 1
235.304 205.278 10
404.562 376.539 2
206.623 179.073 1
239.47 217.836 3
201.466 178.344 10
244.178 223.546 1
232.634 214.485 6
323.911 314.316 2
253.236 245.942 13
318.029 312.535 3
227.861 224.046 4
185.792 188.829 5
319.391 323.405 9
160.876 173.571 6
219.477 240.611 11
142.215 198.616 3
299.927 356.103 2
143.312 205.762 5
167.804 242.17 8
125.056 230.513 4
76.811 184.936 6
144.166 255.038 1
104.748 216.814 8
109.22 223.717 13
196.816 324.795 6
189.576 336.481 10
165.734 323.968 2
49.5308 221.287 4
161.529 345.77 2
83.3902 342.089 2
85.75 368.126 4
41.9952 336.277 8
68.2033 367.293 1
28.533 343.515 4
704.49 178.965 2
710.246 187.713 4
698.481 213.147 5
699.814 224.314 5
722.83 257.417 2
667.576 203.679 3
611.965 150.057 2
619.557 185.465 12
652.621 234.078 15
545.1 139.31 2
515.592 119.668 7
686.888 301.911 18
460.684 78.8164 6
697.67 318.699 2
668.119 295.617 3
582.701 212.543 8
539.189 172.299 1
513.591 165.869 2
550.613 205.893 8
576.521 234.977 8
608.734 276.506 5
549.489 218.174 4
470.766 145.167 4
708.218 379.759 2
520.831 201.581 6
486.112 172.155 12
412.246 105.476 25
601.114 293.053 1
421.639 124.64 7
712.733 420.298 5
452.462 167.217 12
552.341 267.424 1
424.175 150.279 13
675.419 402.483 1
478.4 209.863 9
603.284 332.775 2
521.35 258.181 13
559.029 318.286 2
503.535 278.194 1
454.707 230.509 3
399.724 197.684 2
496.876 298.761 9
510.958 318.218 3
412.058 222.625 2
388.277 232.575 10
347.707 201.452 2
513.502 370.119 6
358.797 216.114 15
337.683 203.583 17
488.372 355.504 6
311.861 185.7 1
486.733 364.642 6
580.168 458.6 10
335.932 230.321 1
330.503 227.874 4
360.022 267.392 3
372.155 290.509 11
346.003 265.005 11
487.539 410.881 1
245.265 194.084 8
452.824 401.967 2
328.471 284.05 11
362.26 323.937 16
309.039 267.591 2
366.528 331.157 5
405.686 383.624 13
209.183 190.882 7
287.59 269.456 2
233.257 221.852 4
467.96 457.515 8
475.65 474.416 1
211.552 213.202 2
226.125 228.529 12
232.759 239.552 3
234.967 243.783 1
213.292 235.082 9
323.637 350.286 1
364.526 391.728 2
150.794 181.77 3
294.337 340.379 13
301.621 349.876 3
204.565 263.686 8
231.247 296.074 1
108.397 186.763 8
162.182 241.402 5
94.1661 175.279 2
192.186 276.764 10
244.279 344.135 1
67.6294 173.915 2
237.181 346.901 5
220.84 335.444 6
228.814 345.872 4
327.528 445.937 1
248.489 370.031 4
190.309 343.633 6
208.103 363.327 1
182.487 340.524 8
71.3312 282.298 1
92.4373 310.598 1
52.4521 282.763 3
55.7517 307.593 9
29.8935 307.494 3
62.1509 370.643 1
46.6086 405.25 6
542.713 258.918 8
621.373 373.57 8
554.914 380.871 4
309.499 164.139 4
469.938 378.642 4
44.1621 433.595 2
687.02 211.634 3
550.578 174.134 4
457.092 125.747 1
566.642 272.614 3
584.767 296.1 3
430.15 166.507 14
604.747 361.436 10
496.525 287.939 1
479.153 285.688 3
335.751 155.406 3
431.297 280.368 2
349.316 228.076 8
465.924 351.774 1
490.823 405.722 17
280.521 201.077 4
465.809 405.634 6
306.572 252.535 2
293.434 243.071 11
336.314 387.429 6
347.187 401.211 1
198.391 328.602 1
225.826 364.321 1
249.096 415.291 3
251.734 428.957 6
174.868 367.789 1
106.821 330.18 6
43.1193 365.661 2
579.091 135.795 5
684.698 264.933 3
521.661 123.583 1
457.479 89.9317 2
657.444 289.532 3
481.768 132.178 4
582.017 256.076 1
699.416 387.71 1
483.642 174.886 3
547.851 242.961 1
411.467 108.676 1
489.776 204.774 5
446.112 167.312 8
476.751 203.216 1
607.361 334.719 2
491.2 237.203 4
508.477 258.371 4
402.756 162.856 3
631.484 396.918 3
541.688 311.942 2
494.799 282.584 2
506.998 322.212 6
431.231 253.55 6
558.846 392.062 1
399.308 235.018 1
470.147 315.368 2
303.113 164.727 9
483.812 345.235 2
578.52 460.673 1
433.601 324.41 3
353.163 262.422 3
379.626 307.308 3
482.536 417.352 3
409.388 368.529 2
363.82 326.873 1
255.894 233.634 4
465.283 456.818 1
275.067 269.306 1
379.77 395.465 3
290.246 308.342 7
146.499 190.176 3
252.904 301.761 1
158.538 220.34 1
394.624 461.798 1
135.763 255.028 4
222.808 352.417 11
247.859 375.23 4
320.827 449.204 2
65.6509 208.925 1
220.676 375.166 1
180.839 345.734 3
61.669 230.261 1
108.62 291.362 6
184.333 377.602 1
156.934 376.184 3
97.8305 359.003 4
71.9638 379.59 5
468.391 246.116 5
410.937 303.983 4
357.332 324.426 2
376.015 458.152 4
633.773 149.008 4
526.481 110.181 1
433.527 127.817 7
395.758 226.044 1
429.583 284.645 2
381.319 381.788 2
326.339 339.176 2
148.181 337.784 1
75.3697 418.159 1
564.001 188.288 1
588.174 239.02 1
455.058 120.16 3
632.705 323.27 2
495.852 243.155 2
582.225 328.727 1
412.752 190.899 1
629.799 410.488 1
502.44 299.757 1
577.347 400.784 6
382.144 209.681 6
406.11 243.134 2
481.519 327.676 1
514.539 355.006 5
547.667 399.561 3
393.965 277.385 4
313.99 207.972 1
499.339 400.071 3
279.614 192.603 2
325.708 244.434 8
215.106 169.82 1
355.599 380.402 5
360.771 406.475 2
214.453 271.629 2
329.531 412.449 2
133.137 227.538 2
249.365 346.521 1
571.394 157.848 1
527.964 325.427 3
392.808 310.338 5
414.04 214.705 1
212.594 207.383 20
374.086 257.744 2
237.203 283.858 1
711.774 191.894 5
683.941 277.184 9
601.923 366.018 3
583.162 365.747 8
577.975 383.875 1
560.517 272.838 2
559.393 189.533 2
559.361 323.663 15
549.678 227.556 3
523.223 209.793 1
519.901 312.326 9
488.32 263.547 7
485.387 271.076 1
484.11 406.323 6
479.708 335.619 4
475.287 382.824 3
471.4 273.089 1
462.807 97.0191 6
454.038 356.67 2
447.304 107.61 3
429.738 150.123 2
428.693 307.744 3
414.374 198.448 2
409.877 404.968 3
403.404 266.022 6
376.497 375.176 6
333.911 199.203 4
319.077 220.608 2
317.511 210.911 1
317.04 357.615 7
280.136 378.639 2
278.338 211.717 4
264.384 391.613 8
259.89 218.839 11
243.83 184.855 6
212.709 233.04 1
211.859 165.265 3
207.798 321.012 2
177.953 213.43 1
177.763 353.092 5
170.082 360.643 1
164.711 406.032 6
163.81 352.958 7
156.451 211.406 1
112.038 214.807 1
110.835 345.577 2
100.004 181.225 1
80.7137 304.701 1
66.9826 297.93 4
723.093 281.622 1
706.991 186.596 2
702.958 201.168 2
699.141 208.861 1
698.927 311.443 4
685.643 349.355 2
675.681 203.446 3
675.108 175.988 3
670.417 346.505 4
650.905 240.904 7
637.673 378.627 2
617.886 198.784 1
614.429 315.467 2
614.067 326.944 2
611.812 431.264 5
613.966 442.001 4
608.999 424.026 1
607.18 307.196 1
606.039 166.265 2
588.535 476.341 2
580.628 124.017 1
580.178 433.362 8
576.878 177.51 1
565.168 178.68 4
558.425 373.981 1
545.988 349.46 1
539.763 362.156 8
534.883 348.67 6
522.424 371.585 2
514.779 208.17 1
505.443 162.829 3
502.983 173.608 2
504.622 188.159 3
496.965 426.267 1
476.793 114.14 1
468.502 128.164 4
462.955 199.427 8
459.289 351.296 5
457.367 272.296 5
454.771 69.961 1
453.523 248.922 7
450.654 424.846 10
450.39 382.371 3
445.574 141.975 3
448.062 149.636 4
446.057 158.561 3
446.299 419.857 7
447.602 205.108 4
435.501 157.262 4
433.322 107.847 4
430.378 240.652 2
418.956 135.509 6
422.142 129.684 1
421.803 246.452 2
421.609 253.475 2
421.948 377.355 2
420.499 179.49 2
415.049 350.773 3
412.887 281.273 1
412.513 356.221 4
412.042 202.558 1
403.284 133.32 4
403.206 432.772 4
398.21 142.279 7
401.05 183.671 2
394.838 248.063 6
394.49 183.804 8
384.436 287.616 3
379.595 457.424 1
377.098 423.773 1
375.724 419.742 2
372.655 408.717 8
374.237 434.523 1
368.79 211.575 4
367.69 209.85 5
359.376 353.153 1
349.459 373.863 5
342.992 304.413 1
339.636 217 3
338.029 414.145 2
338.466 426.564 2
337.356 345.538 2
334.871 394.004 1
334.497 355.001 2
315.51 424.1 7
301.42 224.07 2
291.357 206.837 1
286.055 280.337 1
284.039 251.981 1
280.551 363.896 6
255.394 167.82 5
227.285 192.901 5
227.306 336.382 2
198.125 354.565 7
198.548 214.861 1
172.627 279.709 1
136.177 247.981 6
134.891 238.85 5
136.325 286.28 3
131.609 322.308 2
129.351 299.186 12
111.595 325.839 2
106.852 193.391 2
106.913 204.522 7
98.8721 291.672 2
93.4918 189.736 1
91.1877 327.199 4
88.7874 336.382 1
76.4632 319.76 1
72.0923 148.95 10
67.7677 287.041 5
64.6439 153.91 2
63.9418 171.951 6
57.2635 166.463 4
48.5968 308.432 5
46.8504 441.697 1
46.2584 431.329 2
38.6125 255.509 3
39.0098 283.467 2
31.2515 339.995 1
579.462 213.417 2
494.653 433.498 4
428.754 266.649 4
404.294 422.941 3
333.546 401.347 2
250.397 335.28 1
238.235 317.873 4
58.3253 427.398 9
631.688 276.982 5
608.052 173.251 3
563.516 272.457 1
562.638 320.617 2
525.964 176.913 4
516.645 314.403 7
493.31 257.496 1
401.937 191.431 2
384.99 155.167 2
379.167 324.905 3
373.557 316.115 7
338.304 385.094 2
73.8004 199.786 2
69.8734 433.727 1
683.313 302.271 1
670.829 237.478 1
665.819 253.441 1
661.491 156.515 4
659.281 286.946 1
640.055 243.21 3
632.437 174.266 1
627.685 291.556 3
618.428 316.484 2
590.943 156.001 5
589.93 345.187 4
571.082 457.693 4
556.989 295.982 2
555.081 409.615 6
552.135 383.719 1
545.678 240.805 2
543.199 319.781 4
542.736 234.219 1
538.779 292.091 1
526.374 199.541 2
473.113 245.621 3
463.185 178.805 2
458.256 455.104 5
445.859 273.569 3
449.544 428.363 1
444.514 406.462 15
436.625 250.842 2
425.643 381.497 1
416.496 232.157 5
414.18 137.153 8
413.651 259.525 4
413.96 178.611 4
381.456 232.366 15
381.959 273.773 4
369.453 426.239 7
335.228 163.651 5
323.916 285.143 3
313.427 412.325 1
292.313 349.822 2
273.04 266.64 1
264.957 313.008 15
257.796 230.329 3
233.333 404.043 2
223.583 208.041 1
214.385 374.376 1
199.763 165.542 3
185.51 324.909 14
184.389 395.682 1
152.124 403.331 1
128.388 222.496 2
129.901 325.926 3
118.016 288.684 1
93.1679 340.662 1
89.0302 152.15 4
658.423 158.768 3
608.946 390.931 4
538.842 243.428 1
386.4 200.402 2
369.823 274.858 1
358.796 296.43 5
291.614 384.75 4
181.679 328.906 1
648.533 215.708 1
629.689 146.729 2
605.382 357.792 8
563.018 376.913 1
558.164 313.534 1
549.523 169.764 3
458.136 366.844 2
394.614 331.852 3
396.913 396.783 4
353.357 408.114 1
346.489 152.521 1
323.647 335.753 1
315.889 153.047 2
266.053 413.521 1
216.166 363.241 3
184.944 211.95 1
169.336 179.592 1
626.679 182.381 4
571.222 187.035 2
544.356 393.539 4
534.344 249.35 4
531.765 318.497 1
480.833 425.375 2
461.775 244.783 12
441.122 395.107 7
421.249 326.145 7
401.738 240.748 1
388.101 165.037 1
361.863 402.264 6
358.294 431.572 2
346.905 331.526 7
351.109 378.408 2
327.697 408.508 8
301.677 344.049 2
278.852 188.744 1
265.743 236.25 2
237.456 209.776 1
219.92 412.644 1
182.761 263.707 2
167.735 237.734 4
159.705 199.166 8
144.088 333.972 1
140.479 411.592 1
135.348 221.073 2
579.17 298.114 8
574.754 157.814 2
491.642 211.891 7
340.062 338.734 2
371.652 248.198 12
293.66 245.778 1
217.858 285.579 2
356.519 249.031 5
620.377 347.985 2
571.1 394.138 11
585.801 369.331 1
680.076 262.901 2
679.108 254.093 1
588.382 315.639 1
673.988 224.83 9
694.823 186.433 2
515.357 314.884 1
414.234 387.261 7
594.303 194.978 6
627.282 154.565 1
448.845 284.785 1
424.47 269.285 3
510.142 148.843 1
453.76 174.144 4
362.884 262.349 3
262.181 356.983 1
439.317 174.253 2
363.954 220.421 7
445.578 120.568 1
313.46 225.908 2
373.743 159.404 1
130.428 372.689 1
258.924 232.718 2
288.051 174.819 4
90.6971 372.959 2
84.7008 372.784 2
271.153 176.965 1
256.565 179.408 1
52.6715 374.31 5
57.3766 206.837 3
600.166 468.139 9
704.55 328.182 1
685.517 337.426 1
699.512 301.241 1
648.362 351.021 1
618.671 380.22 3
611.986 369.135 6
582.944 400.034 2
703.884 268.455 1
587.535 363.536 1
589.818 355.096 1
647.131 232.43 3
523.529 353.887 1
514.074 353.04 3
489.769 366.426 1
400.008 451.391 6
554.341 299.246 2
451.451 392.695 1
628.01 214.508 2
407.203 424.287 1
468.086 359.317 4
669.442 154.005 1
528.607 288.845 14
426.834 351.835 3
554.5 214.804 3
396.788 375.633 3
464.117 304.16 10
597.124 172.044 5
533.321 219.017 2
453.107 289.957 1
528.85 208.159 1
415.59 319.353 1
339.604 394.389 2
457.533 267.085 2
577.958 139.864 1
476.864 234.841 3
567.328 132.209 3
461.422 206.64 4
253.422 411.012 1
508.729 152.037 2
453.975 203.121 1
369.879 280.518 1
243.674 386.992 3
282.043 343.043 8
503.023 89.4751 1
362.34 217.663 2
267.724 312.761 1
338.245 237.553 2
471.48 86.3693 5
415.344 146.912 1
467.679 90.8758 1
430.79 116.291 2
453.919 90.8887 4
319.384 213.555 1
167.575 365.562 1
202.356 316.537 2
410.011 92.3639 1
156.582 319.48 1
267.852 183.642 2
50.6081 389.396 1
124.392 312.911 2
250.04 163.186 4
177.279 223.45 6
78.376 308.587 6
37.1196 313.39 4
117.995 222.501 5
121.131 209.954 2
122.007 193.663 1
124.421 187.007 1
87.1297 192.112 3
581.583 421.392 8
495.439 442.311 1
449.798 404.377 3
400.371 444.398 3
252.749 428.903 1
300.871 328.766 3
327.165 208.111 2
182.642 216.986 4
103.057 260.365 2
705.015 277.565 1
570.799 394.913 2
487.33 401.868 1
547.874 299.034 1
547.98 283.448 2
533.507 203.311 1
402.525 289.281 2
363.281 176.222 1
697.798 376.24 1
699.372 360.719 1
637.375 383.033 3
579.529 421.882 1
593.79 377.604 2
661.521 283.423 1
592.077 347.431 2
628.208 277.98 2
608.737 287.435 1
565.26 314.194 1
448.602 425.348 1
687.701 178.6 2
448.519 384.184 4
669.498 160.589 2
566.668 246.621 3
524.574 285.972 4
444.271 354.73 1
615.169 183.142 2
637.658 144.97 1
406.918 370.482 1
514.718 259.133 2
450.697 319.164 3
549.901 171.737 1
365.486 350.689 1
313.965 396.383 2
330.007 365.394 5
365.308 291.867 8
382.314 272.721 1
416.97 201.732 1
394.32 198.922 2
440.08 144.566 3
333.007 233.53 1
233.212 334.537 1
152.339 397.294 2
397.376 139.262 1
397.952 123.712 3
342.532 178.319 1
426.889 92.3249 1
161.734 325.307 1
330.297 152.357 1
226.604 247.673 2
188.19 277.097 1
206.827 251.987 2
220.227 185.252 1
166.739 205.552 1
182.952 177.47 2
96.6641 258.238 1
66.015 261.867 3
55.9811 216.803 2
602.897 430.035 1
506.164 374.02 1
396.792 409.879 1
554.462 202.882 3
476.968 278.89 1
239.32 377.043 2
213.284 204.169 3
581.103 393.302 6
603.632 352.127 6
627.849 312.05 2
576.135 324.493 3
645.504 211.477 3
470.792 325.446 2
595.968 135.008 2
260.386 415.783 4
458.746 200.564 3
499.002 125.789 2
281.247 232.674 2
194.788 241.504 1
85.4483 228.7 2
357.597 398.831 2
502.794 207.691 1
432.909 272.273 5
352.324 358.235 9
301.349 390.503 8
360.215 277.622 1
219.245 384.826 4
485.743 102.88 1
343.738 221.46 1
322.557 236.822 2
390.405 160.929 1
222.756 324.091 3
429.603 112.891 2
139.583 387.586 1
273.527 195.237 4
147.909 318.302 3
223.484 234.394 1
119.561 169.404 1
539.544 398.306 1
538.544 324.765 5
428.462 396.479 2
576.162 153.794 4
407.842 191.777 6
219.535 234.743 6
301.134 233.563 6
518.33 261.065 1
415.363 329.731 3
327.255 333.086 4
435.395 165.758 8
325.949 186.56 5
228.641 189.708 1
231.845 213.868 1
530.757 221.231 1
732.939 231.448 2
215.831 240.426 1
396.226 259.272 1
576.12 278.452 1
538.903 281.438 4
25.8514 327.834 2
89.1858 366.951 2
532.604 378.944 1
439.522 92.146 8
66.024 117.266 3
552.367 155.368 3
518.09 162.474 1
433.501 177.959 2
458.618 178.259 2
87.1058 187.763 1
272.143 227.068 2
332.886 229.953 1
372.077 228.783 5
521.793 232.49 1
640.932 253.779 4
577.559 256.568 5
302.704 260.691 4
47.487 266.235 3
361.718 270.111 1
531.594 274.984 1
284.87 286.4 3
183.218 285.961 1
648.833 292.523 1
607.822 298.874 1
675.441 300.62 1
644.994 305.405 2
187.633 307.502 1
460.38 325.301 7
333.222 332.281 1
29.211 353.511 4
258.182 353.86 2
550.205 358.369 2
188.469 361.221 1
460.216 386.465 3
40.1735 409.804 2
474.963 415.199 4
572.802 413.903 1
595.893 419.099 2
255.937 437.596 2
415.678 93.8601 1
614.176 214.3 10
321.579 232.703 5
501.611 262.481 3
97.4902 272.878 3
369.415 308.351 1
467.949 376.147 1
480.652 393.187 8
54.1792 432.685 2
391.852 150.081 5
564.074 168.01 2
574.082 165.48 5
99.5961 171.439 1
229.285 175.667 2
620.574 200.9 1
130.884 206.032 2
627.888 218.169 1
43.3698 225.309 1
144.156 236.73 1
645.333 268.118 2
715.184 294.974 1
395.161 371.869 4
364.187 398.09 8
543.977 125.235 3
494.187 129.369 1
444.409 138.643 3
686.928 164.869 2
371.452 182.001 4
330.46 183.558 4
223.11 189.31 3
318.727 204.375 2
491.758 207.896 1
706.059 211.798 1
152.83 218.897 1
218.143 230.209 2
667.328 235.365 3
407.462 237.713 1
444.093 241.867 8
464.618 242.481 5
695.772 246.102 4
238.79 261.901 1
200.151 265.569 1
60.027 278.959 1
695.798 286.229 2
275.657 293.94 2
551.393 293.671 1
594.32 292.662 2
288.928 297.263 8
683.824 297.55 1
354.08 301.516 1
652.491 303.087 3
251.363 305.19 2
446.382 306.208 5
119.74 306.937 2
633.994 315.87 1
597.654 323.36 2
512.633 325.493 7
118.865 330.444 2
199.921 338.967 1
397.969 348.225 1
378.26 353.407 2
332.125 361.486 2
143.412 380.15 1
198.317 380.175 1
124.977 382.453 1
581.181 389.283 2
248.228 401.685 6
598.803 398.124 9
635.98 404.159 1
295.676 408.589 1
458.174 408.641 1
348.897 415.411 2
67.952 418.731 4
607.147 347.727 8
172.68 374.677 1
277.397 169.316 1
678.311 180.771 1
353.843 236.973 2
153.573 327.255 4
519.355 370.517 1
87.3366 241.813 1
129.584 243.669 2
172.887 243.537 1
206.259 243.528 1
296.921 240.162 1
259.507 255.301 3
663.691 256.088 2
226.309 281.593 4
395.115 296.112 3
286.25 310.991 3
568.669 308.183 3
381.36 316.668 3
610.771 346.208 4
583.205 147.138 2
594.031 172.386 1
614.29 223.372 3
690.654 413.239 2
318.017 161.845 1
328.105 189.803 1
343.118 224.577 1
224.51 146.672 3
259.406 189.603 1
351.984 276.057 2
206.828 231.053 4
318.203 369.023 7
552.79 152.172 1
647.378 222.207 1
541.984 153.403 2
525.584 170.447 2
574.762 237.963 1
419.756 136.17 2
710.456 395.68 2
593.445 393.519 6
297.939 225.534 2
305.703 244.49 1
75.4228 169.427 1
297.264 351.104 3
137.436 251.714 1
240.81 371.738 1
67.6458 285.152 1
53.2658 285.941 2
125.454 374.613 2
42.7072 352.064 1
47.1491 445.81 1
644.995 372.825 1
402.921 303.018 1
75.0029 194.504 1
573.209 170.392 3
546.282 167.084 5
650.355 272.013 2
435.067 123.984 4
618.174 319.905 2
383.166 152.149 1
561.242 325.622 1
238.001 247.536 1
257.925 326.269 1
398.034 446.787 2
133.059 259.276 2
176.916 378.937 4
56.198 434.942 2
517.673 127.302 1
662.396 234.292 1
670.41 242.54 1
671.518 271.048 1
566.437 202.447 2
547.022 203.57 2
586.179 232.382 1
681.01 298.613 1
694.577 328.522 3
511.082 210.878 5
472.231 207.228 1
397.975 164.332 1
334.504 181.691 1
487.574 319.307 1
556.735 395.571 2
480.026 350.078 1
275.421 234.128 4
360.384 337.104 6
482.213 421.441 1
273.337 272.462 1
288.433 294.88 1
326.953 329.811 1
77.6067 158.843 2
216.388 263.208 1
182.574 247.069 1
363.221 378.097 2
195.055 263.079 1
316.161 384.349 1
93.0276 227.777 1
68.519 229.869 1
292.646 406.325 2
104.382 273.935 2
246.93 378.32 2
233.71 373.527 1
153.594 417.002 1
664.656 277.452 2
370.082 238.736 1
360.665 343.348 2
302.214 169.408 6
101.396 167.458 5
354.299 391.902 2
567.848 153.244 2
584.464 249.818 1
488.142 252.49 1
376.073 225.192 2
404.271 246.357 2
522.682 323.501 3
276.689 199.48 3
300.222 232.333 10
322.498 249.393 4
256.214 248.133 4
282.895 307.954 2
210.458 277.622 3
126.054 238.36 2
388.243 311.414 5
715.77 282.689 2
692.572 246.742 2
613.726 216.848 1
557.267 284.456 2
483.183 109.959 7
575.004 399.688 1
458.092 104.484 1
418.198 148.157 3
348.346 187.644 1
355.972 283.598 5
267.531 247.846 1
283.909 377.947 1
36.4919 179.651 1
72.1401 358.274 1
708.821 420.566 1
631.215 289.588 1
545.852 264.758 2
526.342 278.265 3
575.295 475.657 2
511.479 300.535 2
457.19 144.729 3
485.03 340.407 1
453.862 273.289 1
400.833 126.133 2
445.108 381.027 5
464.235 449.913 1
384.287 230.401 2
381.541 288.465 1
306.637 161.383 2
368.327 368.39 3
372.468 422.542 1
361.689 390.017 1
322.181 282.305 2
284.873 174.54 1
327.596 303.816 1
344.329 370.398 2
254.811 166.919 2
236.75 180.561 1
315.589 437.038 2
224.482 186.924 1
277.619 382.774 2
173.633 185.8 3
169.524 281.365 1
129.613 218.879 2
138.574 361.601 10
98.6395 337.585 1
86.0667 327.288 1
43.868 443.396 1
608.198 443.124 5
491.195 431.796 1
492.427 442.381 2
399.595 421.008 1
368.842 415.067 2
372.904 448.472 2
491.617 113.062 4
590.952 471.228 3
463.93 167.375 3
415.392 402.919 4
245.839 429.664 1
182.206 367.596 6
124.616 212.798 1
101.957 332.401 3
107.456 355.704 1
660.441 260.785 2
569.226 123.786 4
602.492 229.714 2
562.665 201.477 1
575.136 391.145 2
477.188 137.523 2
546.04 385.799 6
568.991 460.119 2
549.223 416.877 1
550.937 434.006 3
443.795 215.433 1
409.383 178.325 1
429.168 320.536 1
436.554 380.881 2
436.184 409.419 3
445.152 431.809 2
452.549 453.745 3
373.747 234.334 2
298.442 165.199 1
359.368 357.497 1
336.986 309.88 4
359.806 375.919 4
360.921 397.901 1
363.615 429.637 1
328.668 324.909 2
304.747 261.917 2
281.267 287.197 1
267.983 268.399 1
308.572 416.16 1
290.008 402.225 1
194.09 188.866 3
245.847 375.482 2
168.133 190.778 1
228.643 407.895 1
175.577 347.698 1
114.167 202.915 2
147.813 408.237 1
90.6415 304.915 2
532.639 311.024 5
503.497 263.621 1
536.228 111.073 4
611.22 413.165 2
422.84 284.922 4
342.27 153.318 2
380.39 378.475 2
568.23 159.158 1
542.492 211.055 4
487.939 210.932 2
531.979 398.484 2
419.365 191.199 3
382.162 243.98 1
432.02 392.818 5
387.313 420.804 1
305.019 240.098 5
339.257 334.645 2
275.073 302.737 3
244.329 347.238 2
206.506 271.983 3
221.823 382.936 2
170.456 266.119 5
211.753 422.559 1
713.404 360.711 2
617.138 271.607 3
495.847 191.328 2
392.85 388.481 1
439.29 215.039 1
349.115 168.618 6
289.987 169.334 2
161.419 252.472 3
151.099 243.988 2
77.3769 343.27 1
609.956 457.823 1
631.573 282.017 1
610.637 313.897 1
576.394 296.12 1
567.416 320.636 4
587.839 248.89 1
546.47 261.049 1
491.129 411.785 1
446.951 396.02 4
464.344 278.118 2
499.414 153.264 3
443.554 240.932 2
371.774 417.702 1
463.248 119.083 1
414.731 129.207 3
386.663 207.602 3
306.074 369.345 1
321.824 272.444 1
236.725 356.929 2
227.664 351.052 1
167.319 371.482 1
108.59 323.505 1
58.8879 450.055 3
84.8412 320.371 1
68.1543 372.665 5
116.969 208.211 3
118.477 192.65 1
55.4065 347.277 1
45.6458 372.717 1
90.5544 189.047 2
35.5347 253.792 1
605.452 427.046 2
560.483 249.966 11
400.071 442.303 1
334.247 413.994 3
298.676 184.501 1
115.581 332.391 1
589.058 469.171 1
684.726 167.185 1
572.865 263.868 5
569.223 218.135 1
399.916 385.83 1
373.578 319.402 2
371.989 285.132 1
142.364 349.486 1
83.6681 144.704 1
661.151 237.192 3
683.114 179.518 1
572.997 432.382 3
566.719 457.029 1
550.743 407.872 3
577.984 184.89 1
537.193 311.162 1
582.689 155.792 4
445.284 425.171 2
439.849 406.2 2
503.228 183.974 1
439.243 354.228 2
467.454 241.553 3
426.646 316.397 4
437.964 254.668 3
410.108 259.721 1
361.166 370.574 1
308.342 408.717 1
309.13 396.151 3
389.702 143.477 3
349.027 222.922 3
345.941 164.28 1
287.573 346.602 5
288.265 303.204 2
259.959 312.06 1
228.078 401.25 2
267.119 263.611 2
253.984 290.375 3
250.263 198.888 4
146.816 398.777 1
192.802 164.195 2
121.333 269.634 1
120.417 236.526 3
125.34 221.94 1
82.9827 353.563 1
596.423 231.432 1
463.181 241.186 2
353.171 325.732 2
139.201 383.386 4
494.735 402.019 1
486.21 328.877 2
530.361 165.802 2
403.312 218.265 3
158.649 379.178 1
538.074 392.314 1
564.683 129.16 1
422.095 331.024 3
387.748 417.197 3
283.115 419.322 1
307.597 237.414 4
278.934 305.574 1
210.395 404.964 1
238.114 269.048 6
202.639 381.46 3
151.631 195.311 3
419.28 394.747 6
230.053 272.302 2
473.522 213.975 3
398.377 256.242 1
371.356 254.191 1
714.789 322.936 2
632.02 375.122 2
694.799 204.332 1
459.927 326.774 1
648.587 154.73 1
546.54 182.837 1
525.599 184.528 1
407.698 206.913 3
290.909 272.32 1
323.567 226.178 5
268.205 253.317 1
250.008 255.792 6
416.025 112.673 1
324.292 175.066 1
26.5856 374.272 1
156.021 185.737 2
483.204 467.266 6
559.941 399.161 2
673.555 243.521 1
548.183 320.22 1
542.622 214.763 3
596.831 157.573 1
406.999 292.745 2
362.232 303.89 4
550.352 145.983 2
173.403 397.035 1
442.646 157.392 1
253.962 291.706 2
270.048 275.49 2
133.308 368.454 2
483.518 109.94 1
110.095 319.399 4
111.431 298.719 1
170.603 252.612 1
89.3125 296.202 1
78.5015 259.614 1
117.104 214.995 4
107.843 220.163 1
37.7381 248.992 2
91.5883 203.977 1
86.8538 197.034 1
30.9604 220.69 1
62.6501 183.297 1
562.105 391.424 2
714.078 229.568 1
400.742 445.428 1
462.576 389.086 1
464.298 333.734 2
468.48 298.318 3
470.506 284.041 2
398.881 292.313 3
103.01 361.972 3
607.988 330.853 3
651.365 296.811 2
485.188 399.111 2
444.177 317.051 1
636.94 158.144 2
536.627 206.043 2
261.876 376.228 1
298.756 229.013 1
552.873 407.256 1
625.468 274.758 5
563.779 310.461 1
398.347 413.857 2
566.101 241.792 2
512.907 262.065 2
363.522 364.908 1
311.729 393.962 2
231.827 399.94 1
230.204 388.323 5
363.049 288.964 1
378.829 268.146 2
289.051 331.377 4
233.22 324.602 2
149.966 385.97 2
492.733 104.727 3
174.428 307.596 4
268.837 237.716 1
438.346 108.837 1
380.913 147.241 1
396.386 127.458 2
351.554 147.766 2
203.602 248.308 1
326.688 148.07 1
311.624 149.737 1
65.9819 317.084 8
179.714 234.498 1
224.936 167.74 9
91.5646 256.199 2
197.913 159.626 1
62.0858 257.441 1
155.2 174.496 5
485.375 422.57 2
435.049 275.574 3
357.646 275.792 1
552.857 98.4307 1
200.844 245.095 1
598.35 333.249 3
222.265 265.364 1
611.472 211.801 1
346.33 341.656 5
144.718 308.213 1
247.858 160.425 1
116.868 156.538 1
575.896 104.636 5
479.345 117.626 2
443.247 154.033 3
579.29 157.636 2
580.968 216.282 2
460.55 257.446 1
705.812 264.153 1
698.385 269.296 1
46.9015 320.906 6
52.6574 326.06 2
588.326 330.554 1
464.987 79.58 1
415.141 90.4258 2
433.618 149.178 2
61.7335 167.477 1
87.5661 176.821 2
324.339 179.701 1
362.351 208.326 3
38.7632 223.391 2
104.446 228.564 6
271.772 230.241 1
562.732 233.762 1
32.9144 293.465 1
627.886 316.734 1
403.207 321.878 1
617.156 327.958 3
109.187 349.02 1
101.45 352.645 3
117.572 352.299 3
283.939 355.362 3
217.466 356.873 2
595.26 394.982 1
714.786 399.3 2
170.391 410.898 1
40.3029 413.854 2
589.157 414.616 2
570.909 416.301 4
194.31 233.677 1
500.084 108.556 1
519.874 107.088 2
38.8699 174.392 1
107.271 207.164 1
43.2074 228.444 1
55.6857 320.03 1
32.9444 321.28 2
43.1175 322.679 1
167.672 321.582 1
304.151 321.439 1
545.215 323.824 1
543.74 144.097 1
442.827 140.545 1
686.93 161.012 4
684.179 206.395 2
97.5225 230.488 1
410.844 239.788 2
696.158 252.594 1
219.419 268.876 1
202.894 270.086 4
696.432 292.523 2
178.024 373.895 3
173.014 371.612 1
143.578 385.159 3
260.987 381.901 2
124.738 387.923 1
120.338 238.513 1
461.444 233.924 1
542.616 261.03 1
346.826 387.851 2
673.57 178.569 3
321.466 245.697 1
172.498 257.975 1
376.762 248.228 4
663.933 266.856 4
257.418 270.846 1
227.572 292.749 1
109.696 307.801 1
569.518 173.156 1
668.549 257.65 3
412.309 207.392 2
469.631 258.684 1
488.192 284.085 1
595.23 332.02 3
284.638 241.609 1
62.0677 193.426 1
36.8803 267.416 3
75.966 363.424 2
645.373 225.966 7
338.608 189.801 1
480.728 271.109 2
647.953 395.494 1
290.944 228.074 6
393.193 290.147 2
231.467 225.576 1
222.701 224.272 1
303.096 274.776 3
560.635 417.971 1
157.118 371.835 2
241.901 440.23 1
157.937 410.927 1
489.689 391.601 3
506.625 98.3206 1
509.78 216.234 4
60.8625 321.522 1
75.3366 359.767 1
683.267 143.787 1
532.803 136.027 1
518.34 131.058 2
660.977 210.099 1
660.967 240.957 1
667.3 248.125 4
633.438 234.036 1
526.269 218.666 1
693.613 332.24 1
373.259 185.914 1
462.432 273.334 1
273.359 235.981 1
479.36 357.065 1
556.244 401.788 1
213.88 268.365 1
194.779 267.224 2
326.167 333.095 1
91.162 230.395 2
66.7514 233.789 2
123.199 282.896 1
314.65 388.152 1
242.559 380.059 4
165.027 367.681 1
659.614 243.681 4
570.228 368.328 2
410.204 213.007 2
104.795 159.263 5
422.598 334.787 2
410.11 250.601 3
308.927 244.126 2
243.636 266.394 7
124.273 249.327 1
209.49 288.197 2
515.759 139.194 1
439.281 158.686 1
399.285 396.03 1
234.982 199.484 1
152.101 176.647 1
260.739 385.122 2
591.812 150.763 2
703.651 290.521 1
672.76 263.036 1
538.664 154.901 2
630.628 293.482 1
700.888 383.083 1
704.41 397.228 1
542.088 217.349 4
501.999 321.197 1
295.999 192.368 1
342.582 254.74 1
156.367 245.115 1
118.055 204.971 1
224.303 345.893 1
91.0343 200.983 1
111.601 287.651 2
76.6091 269.406 1
542.633 184.523 1
536.349 234.953 2
522.82 111.563 2
611.791 278.826 2
93.6455 143.061 2
128.334 259.143 3
187.815 364.759 1
74.1138 411.177 1
570.201 124.79 1
601.097 233.663 3
545.779 247.917 3
625.496 404.488 1
451.303 198.879 1
386.933 238.633 4
476.891 352.006 1
429.961 324.852 1
457.534 388.567 1
366.453 298.37 2
435.033 388.853 1
356.875 332.737 1
389.316 392.644 1
358.182 382.718 2
265.562 275.198 1
138.154 195.051 4
195.64 303.859 1
227.808 418.82 1
147.83 419.031 1
512.407 88.2074 2
346.768 231.575 2
284.984 170.828 1
558.089 156.542 1
345.017 353.935 2
562.273 314.75 1
579.31 400.536 1
481.311 453.052 1
455.928 404.741 1
393.51 452.811 1
669.882 164.404 3
667.171 229.862 2
641.344 153.43 1
624.049 392.247 1
583.635 278.174 1
571.615 239.323 4
520.946 171.928 1
542.762 264.589 1
577.336 442.708 1
582.988 476.81 1
444.098 165.533 1
418.064 231.389 1
400.199 159.402 1
415.608 254.733 1
444.758 380.798 1
333.32 246.744 3
302.643 161.245 1
310.781 436.353 1
314.109 447.319 1
263.852 258.014 2
171.372 185.101 2
179.483 220.085 2
177.53 357.841 2
79.7468 266.499 1
604.255 443.281 2
486.795 433.548 2
455.782 451.682 1
363.697 416.015 1
622.768 278.846 3
611.189 378.228 1
553.466 234.441 1
495.585 137.94 1
473.187 470.366 2
353.473 417.64 1
276.556 354.365 5
266.104 407.155 2
202.16 327.979 4
565.486 120.835 4
573.757 286.013 3
540.531 386.509 1
559.107 459.048 1
542.211 418.342 2
547.379 438.298 1
464.866 152.083 1
453.24 127.771 1
404.622 108.602 2
431.343 410.189 1
444.032 453.858 1
293.195 165.276 2
262.543 230.271 2
300.14 417.43 1
220.97 407.536 1
141.776 408.374 1
434.711 434.194 1
340.942 324.807 4
541.218 109.96 1
222.277 329.361 2
534.129 213.586 1
519.956 399.133 1
449.879 154.14 2
408.871 327.777 2
383.401 420.727 1
605.131 382.399 2
566.748 415.681 2
521.12 197.286 1
470.277 398.43 1
385.332 415.014 1
286.275 157.626 1
183.419 180.914 1
665.83 345.962 1
673.201 164.982 2
620.856 368.998 2
627.692 281.866 1
564.051 449.835 2
529.858 360.75 2
443.468 396.206 1
449.465 269.08 2
359.789 318.867 2
395.66 119.292 3
334.046 244.178 1
337.416 200.466 1
317.525 270.799 4
286.876 225.474 3
118.389 184.344 3
605.968 457.572 1
611.166 389.91 1
396.899 441.503 2
396.543 431.863 3
367.964 445.96 1
360.106 415.209 2
216.719 184.226 6
275.208 347.782 3
164.118 384.906 1
558.221 454.885 1
543.213 410.018 2
433.826 406.996 1
457.994 237.507 6
354.939 372.962 4
403.386 105.739 1
381.124 144.174 1
300.363 409.766 1
249.902 288.105 1
245.309 309.423 2
220.283 400.967 1
245.02 197.434 1
140.531 398.767 1
171.599 236.581 1
184.994 164.272 6
148.235 327.365 2
434.845 424.618 1
424.085 403.18 2
290.572 412.196 1
247.665 262.312 4
206.006 380.983 1
159.519 193.437 4
509.849 165.715 2
322.521 148.38 1
514.95 403.726 2
471.517 422.228 1
415.062 393.849 1
413.08 333.499 1
391.308 242.25 2
325.893 299.624 1
265.864 189.16 3
319.954 360.641 1
355.778 292.288 1
470.565 134.318 3
440.308 155.381 1
230.022 371.366 2
683.664 269.956 2
671.9 158.425 1
560.995 252.928 1
453.042 262.26 2
383.945 318.837 2
388.786 295.731 1
332.961 364.472 1
359.247 300.016 4
456.122 167.55 2
486.592 110.174 1
439.328 165.98 6
235.127 387.259 1
108.269 316.472 4
151.806 223.181 3
188.052 167.207 3
112.02 259.092 2
52.9679 154.427 1
693.163 266.079 2
489.675 439.788 1
491.45 415.254 2
516.876 374.591 1
589.597 254.858 1
398.205 438.78 1
399.79 407.823 3
333.687 423.386 1
79.472 362.727 1
655.617 299.066 1
582.711 386.449 1
418.09 427.791 1
430.178 234.627 1
72.1857 414.398 1
231.727 199.222 2
86.5198 376.809 1
546.297 403.224 4
631.305 140.401 1
601.188 165.905 2
541.562 103.473 1
408.582 256.854 2
488.215 107.07 1
279.793 326.891 2
388.071 127.489 1
230.076 231.83 2
152.887 316.61 2
126.817 172.99 1
433.383 398.349 2
432.685 329.147 2
357.405 392.565 3
533.469 99.0318 2
232.108 267.632 3
486.992 292.796 2
373.357 153.934 1
215.259 280.519 1
627.786 231.458 3
680.138 199.461 3
91.2196 376.412 2
627.683 359.007 1
709.819 295.003 1
542.826 372.508 1
667.097 272.978 2
669.876 264.266 1
389.78 378.016 1
717.829 213.478 2
530.827 299.182 1
665.249 187.12 1
681.288 175.478 1
638.559 182.781 3
291.612 332.141 1
180.265 364.752 2
218.413 329.585 1
569.84 108.242 1
447.335 145.936 1
125.242 293.003 3
49.4293 325.851 1
346.041 180.995 2
401.698 136.637 1
432.424 91.6003 1
461.745 69.0415 2
492.768 420.172 2
134.797 360.218 1
47.7361 383.935 1
228.64 169.226 4
600.983 345.218 2
485.012 395.759 1
456.046 401.189 1
550.055 309.227 2
442.86 307.185 2
678.897 157.63 3
436.515 243.136 1
201.177 345.215 1
299.031 233.454 1
61.766 234.783 3
549.659 338.037 1
682.858 274.076 2
439.778 337.64 3
311.327 390.445 3
429.075 288.99 3
445.369 268.07 3
464.372 248.572 2
599.346 132.327 1
157.215 311.972 1
171.257 301.834 2
122.003 316.707 2
55.1471 315.09 5
324.406 139.681 1
221.632 163.394 1
129.447 199.418 8
196.959 153.305 1
149.261 169.693 1
101.848 197.205 1
579.485 145.008 2
616.07 241.021 2
554.403 184.703 2
221.904 271.744 2
252.849 249.965 2
163.047 230.958 1
535.037 315.706 2
332.116 202.108 2
552.894 166.528 1
579.285 167.858 1
586.465 167.813 3
554.699 242.948 1
26.2858 267.225 1
641.921 267.975 1
416.116 281.453 4
306.943 319.827 1
244.592 323.117 1
54.7537 437.655 1
561.458 120.842 5
465.616 160.175 1
413.964 183.903 1
255.286 186.546 4
206.37 204.166 2
97.9696 216.532 1
54.8789 231.759 2
105.545 233.386 1
271.668 233.443 1
716.311 248.406 1
692.48 284.783 3
271.268 291.635 1
300.915 287.828 2
348.234 301.533 1
643.94 310.286 1
346.386 329.896 1
141.087 331.079 3
613.771 336.06 6
488.318 348.298 1
29.2197 357.399 1
692.985 359.978 1
120.812 380.178 1
151.257 377.941 1
721.57 390.196 1
500.515 394.611 1
595.145 398.342 1
715.018 402.998 2
170.155 417.593 1
470.136 418.649 1
409.421 143.686 2
672.703 210.884 1
301.494 384.608 3
77.745 138.261 1
58.7631 148.679 3
133.06 167.108 1
42.2354 316.856 2
254.528 316.49 1
437.209 330.612 2
236.329 196.42 2
97.5429 237.819 1
70.6028 241.28 1
117.707 241.744 1
410.572 246.733 3
201.825 279.964 2
218.951 278.004 1
633.233 328.939 1
642.589 332.596 1
723.501 161.412 2
648.907 269.354 1
79.9763 141.115 1
471.265 277.27 1
572.84 307.016 1
530.129 330.864 3
67.1647 215.606 1
616.741 410.48 1
140.044 335.061 3
59.3236 433.492 2
618.738 176.407 1
485.042 180.105 2
508.085 205.424 2
293.209 295.838 2
431.315 360.49 1
428.159 386.579 1
560.831 425.485 1
302.786 366.093 1
235.762 360.613 1
158.437 417.146 1
494.256 358.173 2
157.638 366.587 1
682.11 255.225 1
266.343 286.427 2
116.318 362.707 1
659.868 249.047 1
372.887 224.827 1
629.619 328.621 1
293.208 231.701 3
327.082 247.492 2
393.399 282.039 2
511.473 360.073 1
90.41 236.471 1
403.974 255.162 2
284.181 366.296 1
672.812 267.911 1
538.004 369.326 2
430.459 311.53 3
557.012 421.335 1
427.434 362.803 1
143.627 262.476 1
166.292 334.193 1
149.151 343.284 1
528.276 156.968 1
313.689 429.221 1
154.912 170.701 2
98.8349 162.525 1
354.822 395.133 2
558.61 342.571 1
308.689 230.142 2
466.949 362.261 1
201.11 237.694 1
170.991 225.312 1
149.453 237.782 1
357.047 390.545 2
189.339 271.412 1
273.705 382.33 2
518.129 266.662 1
611.132 238.92 3
580.701 274.742 1
529.545 376.98 1
71.0904 386.067 2
630.594 211.087 3
666.645 265.243 2
534.513 157.165 2
455.064 178.154 1
553.868 390.652 2
553.101 417.293 1
443.536 376.601 1
442.344 409.449 1
312.797 415.929 1
310.776 441.867 1
146.259 258.71 1
74.8698 297.239 1
502.128 120.064 1
532.196 296.5 1
353.335 342.101 4
286.518 383.991 2
544.024 108.153 1
530.317 108.565 1
608.444 351.238 2
432.188 286.698 1
132.92 344.049 1
535.636 396.571 2
384.52 241.992 1
321.043 242.397 1
253.483 282.158 1
182.961 267.659 1
217.341 378.766 2
366.027 260.576 1
657.05 281.9 1
559.776 301.285 3
497.239 356.34 1
350.427 212.096 1
419.223 417.553 2
409.625 397.703 1
323.219 330.355 1
115.326 187.806 4
666.208 162.986 1
659.747 221.756 1
635.412 209.064 1
567.937 238.871 1
619.083 393.338 1
564.667 247.927 2
540.635 240.235 2
503.199 226.936 1
473.548 173.509 1
551.118 412.523 1
530.011 356.928 1
570.111 476.65 1
392.378 145.165 2
442.795 371.757 1
365.057 271.256 4
357.953 346.011 1
371.649 458.257 2
334.842 436.056 1
261.327 226.291 2
208.092 226.615 3
532.567 111.96 2
625.057 427.933 4
276.477 332.604 1
275.601 388.517 1
526.037 315.098 3
461.43 251.084 3
444.882 390.761 1
381.174 238.293 1
391.655 306.474 4
347.142 197.474 1
278.814 291.478 1
283.728 313.049 2
192.194 303.037 1
167.268 245.956 2
213.615 412.934 1
522.207 317.861 1
229.147 323.866 1
426.494 193.59 1
623.097 428.111 1
533.12 185.385 1
527.832 167.772 1
500.055 169.823 2
451.197 311.973 2
421.322 414.79 1
352.483 404.765 1
267.207 399.122 1
203.582 396.455 2
79.5265 367.755 1
76.3067 426.269 1
663.16 251.683 1
644.994 408.37 1
616.11 206.192 1
549.893 373.12 1
442.804 271.567 2
412.851 253.41 1
370.345 269.833 1
341.996 159.9 1
287.917 340.854 1
239.833 303.733 1
230.094 397.27 1
188.632 253.017 1
151.913 240.189 1
437.845 419.472 1
437.144 271.193 2
365.669 278.739 2
469.462 215.515 2
286.842 167.769 1
286.943 393.707 5
244.648 162.37 2
215.154 332.153 2
170.995 338.03 1
451.931 178.64 1
435.413 384.078 1
341.273 345.21 4
287.272 411.99 1
240.285 289.731 1
212.657 402.569 1
175.305 165.671 1
442.322 180.017 3
465.344 423.215 1
411.809 389.659 3
571.482 398.864 1
410.296 284.248 1
94.8261 332.574 2
601.372 416.841 1
456.243 383.771 1
375.827 260.826 1
309.848 271.542 2
124.532 296.845 1
479.511 468.171 2
559.81 159.623 1
628.129 445.335 3
615.242 391.379 2
468.395 200.473 1
141.911 299.523 2
550.248 388.766 1
350.224 390.271 1
344.138 347.102 1
261.266 362.078 4
213.688 397.043 1
240.754 283.667 1
144.822 323.362 1
178.23 161.716 2
527.732 406.383 2
195.669 381.618 1
277.931 239.073 2
677.276 211.486 1
606.934 179.327 2
346.33 204.566 1
552.143 395.584 1
548.741 208.556 2
447.277 257.512 9
91.8537 287.629 1
163.791 165.816 1
650.076 259.565 1
478.676 326.213 2
246.591 258.019 1
624.532 136.946 1
538.459 161.573 1
294.569 387.432 1
423.534 99.4628 1
376.984 161.639 1
256.495 311.927 1
375.223 121.681 1
148.03 311.431 1
652.25 299.815 1
347.301 418.426 1
381.674 179.647 2
112.933 377.751 2
173.715 224.035 3
555.357 341.332 1
629.322 273.359 2
555.537 272.47 1
549.21 234.724 1
450.874 258.636 1
472.826 219.449 2
165.247 317.346 1
446.67 79.2592 1
166.73 249.424 1
83.4984 305.859 1
88.2575 139.162 4
64.8376 149.399 2
510.871 97.7474 3
654.44 310.171 1
619.194 238.764 1
269.342 378.019 1
242.364 262.295 2
120.288 340.702 1
533.435 154.208 1
264.012 261.075 1
251.21 277.038 1
413.279 133.651 2
150.888 305.529 2
154.734 197.289 1
248.445 274.929 1
475.533 416.972 2
647.996 305.664 1
698.697 241.56 1
496.673 127.688 1
645.602 361.036 1
457.535 371.501 1
267.05 318.445 1
711.041 160.835 2
386.445 251.534 1
531.187 169.378 1
570.215 104.459 1
99.9887 256.175 1
514.031 104.704 2
52.9449 259.756 1
130.303 200.861 1
203.614 161.916 1
74.9382 136.982 2
497.157 208.1 4
282.764 193.36 2
271.208 297.621 3
119.462 333.985 2
233.618 299.443 2
168.54 290.92 2
156.186 300.818 2
66.9425 311.669 3
545.345 153.056 2
298.352 189.79 1
247.267 199.72 1
125.551 196.3 1
227.503 284.349 2
159.049 270.319 1
501.533 105.446 1
483.974 140.947 1
670.581 180.814 2
641.776 263.253 1
177.425 306.668 1
191.858 307.481 2
28.2529 313.323 1
53.0338 318.5 1
83.9321 332.26 1
86.9949 357.594 1
714.332 150.564 1
683.821 157.307 1
723.347 155.871 1
593.45 188.587 1
42.6671 197.454 1
483.239 208.903 1
536.21 216.865 1
55.3663 235.568 3
656.028 243.636 2
715.946 253.149 2
85.3379 275.14 1
527.752 272.366 2
643.396 315.982 1
99.495 381.522 2
120.341 384.637 1
721.917 395.289 1
701.569 349.647 2
308.48 207.144 1
68.992 249.472 1
82.4723 248.311 1
117.266 247.99 1
631.557 254.063 1
252.193 267.14 1
271.232 262.515 1
666.351 260.779 1
695.333 262.492 1
219.304 289.229 1
516.371 101.246 1
564.606 163.948 1
36.9008 263.266 1
559.252 130.611 1
539.496 130.52 4
662.994 204.686 1
628.974 235.572 1
652.994 244.848 1
345.283 259.211 1
139.855 225.902 1
99.9495 235.005 1
454.277 333.73 2
411.268 359.776 1
301.355 374.381 1
95.531 379.993 1
112.179 383.65 1
48.3214 374.196 1
538.952 141.624 1
198.79 375.082 1
407.5 253.529 2
91.0304 246.084 1
210.406 168.767 1
95.6529 162.945 1
424.184 320.73 1
49.2942 317.67 1
685.807 311.294 1
663.073 308.327 1
320.553 385.191 1
154.406 368.085 1
540.862 157.381 1
279.752 351.787 2
392.243 252.266 1
121.787 243.772 1
204.724 284.236 1
186.496 287.221 1
104.291 307.085 1
521.634 99.7445 1
590.893 328.562 1
597.346 329.702 1
658.719 305.049 1
418.61 241.905 1
552.151 427.175 1
156.267 358.251 1
152.55 364.168 1
601.076 265.913 1
402.753 214.731 1
302.431 206.279 1
306.518 232.425 1
612.455 274.787 1
513.442 276.982 1
549.795 349.989 1
324.615 363.621 2
98.4606 138.595 3
655.688 304.354 1
476.565 260.97 3
549.455 421.67 1
225.096 176.488 2
247.049 205.978 1
323.229 302.067 1
210.666 336.988 2
101.929 317.37 1
387.459 352.986 4
522.795 329.098 3
492.722 365.37 2
349.531 349.315 2
268.543 328.487 1
207.236 326.179 3
611.52 397.279 1
522.13 360.639 1
356.819 355.652 1
530.151 308.609 1
287.873 327.482 2
228.248 307.115 1
522.229 396.67 1
283.607 352.278 1
190.225 386.988 1
611.001 394.098 3
544.395 223.266 1
561.52 477.055 1
543.778 413.31 1
437.794 357.798 1
362.942 457.541 4
295.259 162.404 3
297.106 260.43 3
239.722 307.908 1
215.821 346.66 1
161.795 186.629 1
341.468 320.9 4
200.388 199.768 1
544.526 111.709 1
522.47 423.293 1
474.935 420.369 1
411.247 321.191 1
335.696 449.429 1
272.61 436.743 1
386.111 225.795 1
617.58 281.451 1
521.128 142.002 1
422.438 405.942 1
308.005 197.014 3
279.998 347.881 1
274.552 338.756 1
272.989 392.003 1
209.337 332.182 1
562.235 456.923 2
558.346 449.873 1
540.897 332.674 2
538.452 300.055 2
457.775 331.869 1
355.501 351.437 1
221.651 396.935 2
187.834 159.504 1
118 266.423 2
308.371 225.714 1
243.851 306.226 3
238.028 173.006 2
412.468 318.249 1
385.012 408.817 1
370.758 163.186 2
227.057 288.522 1
581.109 239.552 2
160.907 385.732 1
140.707 296.567 1
546.765 336.34 2
501.83 304.757 1
504.649 242.932 1
430.928 190.472 1
432.177 85.0402 1
428.852 102.87 1
248.329 307.311 1
253.918 159.792 1
152.887 322.477 1
270.407 304.334 3
524.043 407.631 1
417.326 333.71 1
231.345 321.709 2
634.93 252.78 1
560.001 309.096 1
357.281 178.229 1
359.641 364.583 1
189.685 191.243 2
502.507 348.301 1
235.829 289.824 2
532.056 402.194 1
456.988 140.931 1
356.745 120.94 1
229.181 316.085 1
230.259 276.313 2
614.052 229.997 1
497.877 204.185 3
578.032 419.032 1
367.106 285.821 1
389.792 135.057 1
257.798 282.591 1
178.567 228.095 1
199.331 147.612 1
527.793 151.158 1
209.568 378.074 1
425.291 165.593 1
272.988 378.51 2
414.575 360.771 1
516.739 210.721 2
309.564 324.573 1
205.867 281.361 2
256.638 214.131 3
78.562 300.376 1
409.168 356.176 2
453.721 268.276 2
618.705 330.025 1
538.326 318.492 1
349.504 308.847 1
683.499 221.226 2
364.596 359.018 1
568.021 231.474 1
163.225 310.655 2
496.508 103.644 1
82.5594 133.332 2
504.467 367.162 2
612.875 297.495 1
451.548 264.941 1
441.864 200.22 1
541.003 315.454 1
640.391 194.274 1
67.0635 422.305 1
107.812 381.091 1
713.125 381.198 1
56.6333 343.489 1
531.363 162.026 1
606.108 134.576 1
53.2517 249.757 2
431.796 161.122 1
210.099 136.17 1
232.675 287.714 1
596.288 128.651 2
483.521 137.046 1
609.929 132.437 1
130.438 163.804 1
158.246 164.786 1
96.0511 191.455 1
25.4121 258.09 1
184.376 298.375 1
252.385 310.023 2
32.5636 312.759 1
533.921 322.939 1
274.05 354.75 3
314.385 220.575 1
161.005 235.978 2
582.544 244.256 3
249.782 249.363 1
655.999 249.293 2
721.039 250.457 2
317.784 319.073 1
641.495 326.986 1
565.447 156.909 1
160.19 161.146 1
181.988 164.742 2
307.969 305.132 1
544.873 366.326 1
40.5959 304.12 2
534.933 228.397 1
628.612 239.009 1
91.5322 281.707 3
518.27 322.814 1
467.737 220.448 1
394.931 241.857 1
295.742 228.318 1
75.4716 234.162 1
473.073 111.13 1
550.354 161.188 1
527.44 368.842 1
372.76 212.893 1
378.47 218.904 1
283.808 337.346 1
422.168 272.097 3
329.842 214.644 1
108.236 166.276 3
325.055 319.122 3
98.4645 197.134 1
546.249 216.804 1
561.25 336.879 1
207.539 268.748 1
204.735 338.907 2
504.006 160.151 2
435.526 283.636 2
90.7601 156.191 1
555.212 127.425 1
144.299 368.338 1
440.853 274.118 1
102.575 340.678 2
437.695 290.656 1
541.809 425.59 1
288.211 381.392 1
182.761 302.439 1
379.039 192.06 1
613.803 353.578 4
624.627 368.021 1
633.56 424.555 1
221.911 318.31 1
148.055 296.904 2
568.869 142.687 1
486.213 392.142 1
292.415 183.879 1
351.253 329.519 1
262.488 279.019 1
194.036 299.607 1
442.376 264.981 3
431.61 194.38 1
510.04 142.325 1
482.993 98.3273 1
481.526 112.73 1
529.309 418.767 1
421.327 346.581 1
334.243 340.615 1
249.598 294.371 1
525.287 425.882 1
586.88 201.049 1
502.368 179.694 1
528.293 335.399 1
497.059 404.414 1
321.838 168.248 1
323.818 212.231 1
264.854 244.239 1
205.444 385.884 1
143.367 315.367 1
557.581 179.957 1
536.815 222.526 1
551.095 477.092 1
500.33 280.953 1
466.646 327.981 1
488.387 449.214 1
344.311 184.488 2
220.32 370.799 1
524.724 336.946 1
426.354 111.603 1
217.714 396.87 1
181.622 160.242 1
393.409 235.305 1
614.056 343.386 1
623.777 164.842 1
494.756 119.099 2
540.652 406.847 1
536.431 334.075 1
465.513 398.541 1
436.241 335.951 1
392.597 232.351 1
377.476 145.966 1
232.352 194.802 1
427.939 334.938 1
444.989 176.251 2
621.768 390.181 1
283.226 348.543 1
350.884 352.169 1
213.041 384.071 1
231.733 291.776 1
538.299 403.617 2
319.799 404.356 1
615.93 386.688 1
432.882 348.69 1
316.829 261.294 1
168.276 297.388 2
424.945 247.477 2
441.436 170.069 1
491.439 99.2444 1
373.15 263.79 1
428.114 119.821 1
270.516 316.653 1
522.879 269.637 1
526.533 320.678 1
675.396 155.878 1
78.807 234.705 1
585.396 241.346 1
370.053 226.502 1
191.04 374.611 1
122.397 335.208 1
199.205 277.38 1
417.445 362.116 1
415.898 295.659 1
505.183 169.307 1
520.047 151.806 1
107.886 311.315 1
174.509 296.24 1
162.192 301.471 1
165.304 276.947 1
194.676 373.594 1
703.136 341.801 1
368.889 336.078 1
241.676 299.643 1
143.203 319.739 1
699.711 219.138 1
181.792 295.118 1
73.1841 311.525 1
528.983 214.588 1
629.739 157.98 1
50.3991 248.136 1
530.856 152.352 2
192.834 155.931 1
155.144 157.324 1
203.854 146.463 1
133.726 243.76 1
62.1189 245.445 1
