3553 22378
775.198 182.105 5
788.34 187.49 1
708.585 190.421 1
771.99 194.748 7
412.42 193.555 2
772.078 196.628 1
706.066 196.734 12
403.127 201.315 11
688.064 206.401 14
769.731 208.215 8
716.611 210.131 13
705.533 209.986 28
378.324 218.896 15
400.406 223.121 36
682.277 226.244 15
703.092 223.447 3
367.355 226.411 7
457.548 222.891 83
283.671 226.974 1
719.826 226.403 17
780.676 227.07 1
701.291 227.907 3
775.214 227.862 7
432.76 229.91 21
613.615 232.011 8
281.943 233.775 3
395.031 230.183 49
478.477 230.328 49
724.468 235.903 9
765.006 232.559 17
492.568 233.318 47
460.407 235.768 29
783.696 239.938 1
300.872 239.657 19
370.182 240.493 5
677.266 240.096 25
314.792 244.223 20
610.137 241.504 16
736.769 240.198 26
280.156 243.811 13
455.969 243.5 27
629.355 244.621 24
362.282 240.78 50
498.762 245.672 15
677.214 249.876 24
314.461 248.508 8
605.642 252.735 19
349.992 247.941 10
437.697 251.085 7
383.686 250.248 41
512.741 249.677 79
674.31 255.184 11
277.658 253.763 22
315.921 255.919 22
604.628 258.439 38
675.353 257.537 26
519.265 257.854 18
637.774 257.423 10
727.201 257.719 3
294.302 259.515 21
769.36 260.026 3
442.348 258.873 80
320.164 261.768 3
378.884 260.927 36
403.473 261.062 15
423.752 261.164 15
274.163 263.358 20
605.307 263.411 3
344.585 263.046 50
488.682 264.112 22
588.535 262.497 20
654.108 261.488 56
293.313 264.273 11
588.394 267.629 1
272.457 268.638 6
340.312 267.591 20
285.084 265.253 24
321.614 270.257 16
499.193 270.855 68
740.398 270.572 1
671.276 273.731 8
764.817 270.811 7
332.005 276.5 53
423.623 270.42 32
503.498 274.456 1
535.918 271.828 37
619.63 273.862 7
580.273 275.712 52
267.938 277.025 19
319.955 276.701 7
459.088 276.173 9
607.055 280.964 45
330.357 281.425 26
495.593 278.135 7
422.137 279.928 2
675.087 281.146 5
550.425 279.717 35
487.197 278.176 16
341.551 283.897 12
785.048 284.196 1
391.594 283.343 12
763.996 285.138 1
353.119 286.316 2
578.183 283.938 36
263.552 289.477 29
315.055 286.948 10
330.858 286.514 9
451.309 284.804 16
524.255 285.198 6
565.058 286.098 42
569.44 286.402 9
748.146 288.923 4
460.643 289.402 37
643.143 290.209 26
420.995 291.941 6
675.806 293.92 13
336.857 294.751 11
448.799 295.835 19
521.538 293.477 9
456.578 297.244 5
596.996 295.128 22
263 296.513 33
299.807 299.915 11
469.838 297.32 13
572.562 300.027 14
691.562 299.566 1
35.4845 300.597 1
254.499 301.12 21
534.696 294.946 59
763.576 301.388 3
327.536 301.864 8
19.8282 305.529 3
131.34 305.282 2
149.197 304.89 2
179.592 303.222 21
192.298 303.428 22
207.232 303.127 4
712.39 303.406 3
94.5285 308.363 4
112.619 305.793 2
141.106 306.07 6
374.394 301.003 25
517.247 306.324 39
546.821 305.831 6
678.201 306.952 14
76.5366 306.748 6
169.427 305.082 21
610.209 306.681 1
67.127 306.998 12
197.392 306.407 24
410.53 307.661 10
487.976 308.72 3
218.002 305.958 57
472.554 308.813 8
496.955 310.976 5
563.872 310.162 51
45.8227 314.725 4
232.756 308.724 74
32.0372 312.977 2
59.9207 312.274 18
508.69 311.676 11
457.944 312.144 18
733.184 309.326 13
227.709 312.61 5
267.582 312.36 16
293.232 314.99 8
156.097 318.034 54
328.124 315.63 15
480.941 314.104 5
677.938 315.032 18
12.2198 316.674 3
211.193 316.557 4
385.748 318.166 2
646.122 318.843 19
361.179 318.669 3
371.042 320.036 18
152.824 324.361 32
574.831 321.401 6
784.46 321.113 1
408.752 316.595 39
596.745 321.511 2
503.988 320.591 11
236.805 324.313 6
743.071 322.421 7
335.977 323.967 4
560.512 324.834 1
573.949 324.655 1
646.839 324.06 3
211.567 325.609 1
488.291 322.474 27
193.503 328.151 24
247.533 328.012 6
264.477 328.038 1
567.767 327.986 1
688.782 323.02 28
152.971 325.646 13
130.941 326.954 42
369.098 330.005 21
201.258 330.033 3
482.473 330.409 17
657.656 331.07 3
111.69 332.893 22
6.8773 332.746 1
219.877 331.547 32
305.092 330.244 16
84.164 332.329 32
261.573 333.865 1
360.516 334.338 4
413.656 331.714 4
56.1102 334.887 4
438.773 333.195 38
66.7183 332.75 27
92.6322 333.471 14
256.671 335.813 1
576.691 334.837 12
380.778 335.46 30
18.6461 337.695 6
603.972 336.895 24
8.03879 340.586 1
322.412 340.523 2
459.766 340.028 4
542.173 340.717 5
255.881 342.318 30
623.52 339.935 11
684.217 341.786 2
54.4684 342.446 18
186.913 340.286 5
480.876 342.846 3
51.8531 344.214 6
280.598 342.977 28
362.055 341.778 10
529.295 345.575 3
340.659 342.95 11
376.669 348.101 38
470.528 346.766 1
43.1348 348.356 17
108.567 345.688 32
23.5582 349.083 3
682.719 351.657 9
780.096 348.848 1
234.758 349.962 8
412.874 353.126 21
41.3459 351.448 2
505.22 352.724 15
519.863 350.236 6
643.772 350.394 5
36.0976 352.043 1
97.8158 353.256 17
224.677 354.321 20
457.634 349.432 25
769.71 353.949 10
198.566 353.243 7
261.89 353.052 7
374.149 358.695 13
252.721 354.029 29
209.26 352.405 33
590.963 354.474 9
46.7255 356.215 9
162.654 355.166 6
169.294 354.956 28
673.681 357.549 2
154.185 357.764 30
177.659 357.527 12
359.48 358.648 4
484.401 358.01 28
92.5103 360.259 6
186.912 357.207 37
261.822 362.272 14
730.774 358.313 7
105.242 360.441 11
119.719 359.984 17
145.511 360.01 19
198.588 360.968 2
526.201 358.63 28
554.939 359.361 15
8.96143 362.268 1
141.806 361.051 8
415.245 360.584 13
637.363 360.809 10
39.6077 361.203 16
100.185 363.033 2
134.323 362.938 3
228.98 361.478 11
244.015 359.376 48
436.008 363.695 18
256.632 364.85 11
348.151 366.215 16
617.82 362.724 46
762.762 364.93 1
83.8323 365.196 6
91.0531 365.775 1
485.638 366.198 3
529.958 366.532 29
567.8 365.796 37
749.104 363.059 23
772.417 366.035 7
373.5 366.137 8
737.966 365.52 20
12.6067 368.089 1
721.217 368.539 25
76.7621 367.329 17
307.706 366.53 37
651.199 366.755 56
705.45 365.65 36
79.7964 368.298 8
474.288 368.397 36
611.62 366.113 6
660.52 369.487 3
685.715 363.818 21
66.2006 370.112 11
385.944 371.573 32
416.512 371.758 31
436.754 372.374 27
280.641 371.388 58
638.375 370.318 17
264.837 372.803 4
411.719 372.771 1
489.964 368.996 31
504.334 378.107 12
631.938 372.569 8
358.036 375.902 65
373.291 372.432 13
587.597 371.001 42
600.726 370.043 71
463.012 372.32 20
466.577 374.92 2
569.167 374.158 23
597.977 374.704 1
389.677 378.411 4
424.971 371.313 34
446.162 373.77 14
549.786 373.867 29
724.248 377.955 20
761.712 376.542 1
538.73 375.308 45
59.2171 376.651 16
147.277 377.446 13
779.311 377.809 2
151.98 379.19 4
364.032 380.275 11
525.281 375.233 27
691.993 383.859 31
265.441 382.776 12
291.305 384.711 18
712.946 380.828 21
179.512 382.654 1
580.18 384.277 17
8.82599 383.922 1
101.997 383.085 6
134.101 382.17 7
203.496 383.847 11
428.774 384.216 7
305.569 383.892 56
325.041 382.73 72
749.169 383.214 19
29.4712 386.63 5
59.5719 385.801 5
524.835 386.744 4
337.027 382.391 21
409.214 385.893 53
312.343 391.935 11
352.072 394.672 55
15.6646 390.596 1
339.581 389.117 5
648.95 389.769 4
329.537 394.937 15
401.708 391.133 3
346.308 391.692 2
688.207 390.834 11
281.93 391.933 72
368.762 393.039 6
379.921 389.403 26
35.5468 392.444 9
414.846 392.791 4
13.7992 395.19 1
646.058 394.847 24
53.6774 396.478 12
361.568 397.287 15
354.222 400.89 8
203.745 401.775 1
37.1004 403.578 7
447.435 403.005 8
307.134 402.551 9
193.888 406.65 11
229.575 405.44 3
336.536 404.181 23
127.229 408.89 7
51.4213 409.547 10
318.795 409.462 2
448.427 407.857 3
195.027 412.203 6
210 412.064 2
386.872 411.135 15
155.856 412.831 8
380.471 411.732 12
402.163 413.523 12
404.781 413.371 6
419.973 413.553 13
435.323 411.799 5
10.6588 416.141 1
366.578 415.362 6
193.961 416.59 2
453.578 416.415 1
777.362 418.067 1
49.951 415.868 18
354.875 419.974 1
434.924 418.478 18
42.1809 422.321 2
336.391 422.935 8
428.15 419.8 20
33.5315 423.663 1
125.478 425.104 7
402.574 422.84 23
285.8 422.784 14
399.295 425.8 1
274.772 427.662 1
263.976 426.883 7
384.253 426.834 5
47.7286 429.568 1
16.3839 430.901 1
29.9768 431.2 1
238.105 426.122 21
245.893 430.024 14
253.022 428.657 14
370.278 430.808 9
217.517 429.927 7
227.083 431.185 13
360.962 432.053 3
210.363 430.604 11
354.676 432.368 4
348.592 434.137 1
336.646 435.402 5
162.182 433.369 16
179.566 433.873 16
188.459 434.688 14
194.543 433.293 9
43.6833 439.3 11
136.47 435.125 24
145.71 435.487 15
168.774 435.433 20
321.931 436.469 4
118.559 440.035 24
126.539 438.221 32
89.716 440.973 7
289.802 441.566 1
82.8437 442.209 5
109.04 440.366 10
267.696 438.112 24
23.2521 444.249 3
65.0464 444.071 2
96.758 441.875 21
100.003 443.518 2
44.698 446.806 6
258.704 444.716 2
74.5839 443.576 13
244.723 445.84 9
230.429 446.845 6
222.034 447.716 7
202.158 450.341 2
213.863 448.575 7
196.728 449.974 9
182.174 444.699 7
177.659 452.606 7
161.016 452.93 13
142.177 454.048 9
97.3822 456.215 11
69.466 460.041 2
49.0239 460.624 9
22.0593 462.631 5
15.2833 464.043 1
779.901 167.816 2
779.176 176.426 1
793.128 184.437 1
778.316 187.724 1
713.808 193.15 27
720.03 192.088 3
415.664 198.537 44
419.549 202.605 4
720.274 199.899 13
775.788 200.025 5
712.437 200.661 4
695.783 205.398 20
407.77 206.645 3
704.17 208.611 3
435.016 209.684 55
787.634 208.403 1
419.634 210.266 36
724.046 213.615 17
773.64 215.353 10
695.887 219.61 28
418.025 217.744 4
691.108 223.543 10
425.167 220.547 8
715.002 218.707 15
441.764 222.497 17
375.931 227.215 29
673.414 225.889 2
689.532 226.344 12
415.943 230.398 51
707.48 227.021 17
467.918 230.929 16
623.037 237.266 34
729.246 230.077 19
287.61 232.141 22
370.809 232.375 4
456.876 233.302 8
770.556 230.549 3
311.158 237.212 21
688.824 234.889 29
777.825 235.399 1
320.316 235.147 12
636.038 235.779 10
708.681 236.903 9
308.635 237.735 3
481.35 241.221 26
617.136 238.401 7
439.565 239.324 22
404.366 241.763 25
415.805 241.38 22
765.377 240.401 12
494.671 243.38 10
297.916 245.86 26
431.578 243.747 15
453.242 243.477 10
471.545 243.955 14
638.909 243.341 28
693.996 244.84 9
371.713 245.878 42
412.669 247.446 25
441.588 246.488 3
746.585 246.942 9
305.045 249.786 19
389.675 246.291 19
463.286 246.725 1
765.783 247.024 3
487.995 253.362 16
685.687 249.019 39
732.804 249.041 8
324.469 248.417 29
358.418 250.373 18
507.142 247.823 6
445.343 251.096 8
456.084 250.895 4
286.765 254.22 32
360.465 259.653 30
396.99 250.998 4
614.443 253.316 25
646.164 253.175 18
785.392 253.963 1
414.385 253.636 4
688.16 255.814 10
762.996 255.527 6
428.609 257.404 17
458.199 254.258 13
499.686 256.711 6
517.379 256.371 3
508.314 257.724 5
717.224 257.976 1
283.487 261.414 11
386.027 262.764 30
475.108 258.693 1
490.283 259.361 1
692.975 260.878 15
739.695 258.494 9
359.025 261.321 24
646.202 260.045 9
754.152 261.52 15
398.364 261.489 2
731.01 262.672 3
480.03 264.776 8
513.893 263.473 5
687.568 265.143 35
326.567 261.863 21
527.21 267.174 59
371.363 266.31 22
410.569 268.464 13
306.686 266.022 3
595.413 268.436 22
614.944 263.572 25
647.394 266.227 5
748.01 265.867 2
279.425 266.368 3
380.517 267.537 17
423.63 269.477 3
759.909 267.669 5
448.798 267.785 1
473.132 266.545 15
500.392 270.225 7
667.334 269.64 19
737.664 266.846 5
727.674 268.97 2
304.224 270.066 4
492.943 271.327 9
771.726 272.017 8
591.108 272.46 7
511.105 273.253 2
700.553 272.828 21
719.798 274.769 13
275.132 275.087 12
326.395 275.274 2
345.206 276.638 48
450.413 274.595 18
527.299 277.713 9
745.305 274.59 9
297.687 276.061 11
730.082 277.24 16
685.833 275.792 21
756.512 277.518 10
712.905 278.718 5
431.085 279.225 9
473.132 278.839 3
480.811 278.966 2
540.786 282.802 13
399.589 279.854 2
502.748 281.538 17
588.976 286.735 41
324.959 281.631 2
362.644 281.763 45
601.594 282.872 18
458.974 284.185 6
611.109 282.269 15
774.122 282.953 2
273.023 283.779 13
335.351 284.651 5
421.618 284.66 4
433.632 284.31 2
666.833 285.143 22
303.173 285.488 22
550.955 286.844 4
720.842 287.932 22
289.426 289.604 19
367.755 288.383 11
659.676 292.967 28
688.803 288.912 19
770.256 288.095 3
587.552 291.241 17
779.274 289.211 1
360.528 291.86 10
394.873 290.634 9
506.789 289.649 31
528.917 291.898 6
573.749 291.53 10
272.006 292.223 9
492.331 291.826 3
555.335 293.401 23
312.922 292.876 11
344.308 297.491 43
454.557 293.186 2
486.637 292.659 2
564.297 296.037 13
596.047 293.514 10
289.198 297.059 6
413.835 296.69 21
512.614 294.562 6
754.616 294.685 13
385.004 294.832 3
465.135 295.809 7
651.23 295.544 2
355.176 297.438 5
765.038 296.202 4
364.891 298.247 14
501.543 300.949 39
343.84 299.592 7
666.589 298.062 8
45.1487 298.537 2
52.0892 300.141 4
421.183 298.849 33
282.869 301.783 84
516.861 299.564 2
746.626 301.021 8
233.195 300.405 7
322.588 301.396 10
393.951 299.678 7
480.268 301.838 52
526.527 301.673 13
583.193 300.75 35
637.567 301.006 3
660.584 300.37 9
710.343 300.864 11
460.258 302.054 21
653.379 302.813 18
735.06 301.11 6
268.858 303.033 9
435.733 302.836 17
542.841 302.877 6
782.687 302.702 1
226.289 304.363 19
305.452 303.004 8
691.635 303.785 29
30.6707 305.141 5
238.942 305.603 5
260.866 306.725 23
466.716 305.067 1
532.748 306.811 14
596.912 306.123 12
45.9529 307.717 10
449.886 307.878 7
317.792 306.531 22
674.422 307.196 2
765.891 307.155 12
24.6412 309.302 4
182.636 312.053 20
252.309 308.975 10
333.126 308.701 3
427.206 307.441 9
728.912 308.911 8
773.57 308.85 3
381.09 309.121 1
483.001 308.89 5
72.0774 310.402 2
90.6112 309.5 3
97.7057 310.15 12
176.758 313.099 4
180.32 310.987 4
203.238 312.848 22
572.83 308.781 16
685.448 309.95 8
746.339 308.437 13
80.1101 311.622 17
192.595 316.052 18
362.821 311.426 1
584.706 312.652 6
607.031 313.452 6
652.478 308.309 6
720.081 310.087 5
491.439 313.79 15
619.826 311.878 3
52.156 312.757 11
501.731 316.66 28
544.454 313.333 15
527.072 314.088 6
593.783 314.313 13
707.232 313.685 3
326.092 317.315 2
514.223 317.08 16
634.811 316.089 11
658.671 315.146 12
783.802 314.955 1
271.894 315.803 8
338.703 314.641 19
379.58 316.526 11
418.405 315.772 1
435.644 317.45 10
76.085 319.301 6
85.4643 320.061 9
133.913 318.095 7
462.834 317.854 8
103.109 318.006 14
229.827 319.533 14
239.497 317.591 5
57.516 319.219 8
168.602 319.607 24
732.507 322.117 22
184.013 320.702 18
293.833 320.166 5
304.682 320.108 5
429.983 323.419 13
486.826 320.198 5
529.468 319.471 3
401.057 320.748 7
479.699 323.86 12
323.973 323.348 3
356.258 322.844 25
416.015 323.548 14
443.112 322.783 8
569.174 321.932 3
589.72 322.193 1
679.257 324.295 11
274.221 323.142 3
384.425 324.449 6
458.699 322.943 17
469.387 323.501 2
654.94 323.982 14
204.291 323.48 1
512.626 324.238 1
609.541 323.203 1
664.698 322.586 18
615.395 325.757 13
756.276 324.214 3
140.129 325.642 13
146.275 325.698 2
215.844 326.466 6
495.178 325.468 7
699.559 326.477 27
119.258 326.694 13
124.941 327.055 13
160.184 330.03 20
550.971 329.022 16
622.343 327.297 2
781.991 326.536 1
100.572 327.337 12
294.193 328.196 26
336.941 329.951 10
585.349 328.464 2
670.527 329.135 4
722.957 328.146 3
236.841 329.488 9
301.984 328.897 9
313.682 329.349 1
356.218 330.352 14
740.11 329.199 6
766.201 329.664 5
560.453 330.871 18
574.178 330.777 29
53.5115 330.985 2
72.8696 330.931 2
333.355 330.744 19
364.128 332.653 3
268.516 336.681 28
460.897 332.921 37
515.243 336.819 20
149.547 333.99 10
387.95 332.927 2
403.855 333.122 20
103.974 334.491 10
226.746 334.06 5
340.068 333.456 1
602.185 336.43 6
693.297 335.882 15
129.167 339.322 24
248.794 338.765 18
377.151 334.551 6
451.615 335.234 5
611.444 335.419 9
788.852 335.28 1
210.48 337.478 15
289.734 337.767 10
419.875 336.258 4
487.514 336.93 21
629.828 335.155 6
646.807 336.049 1
748.326 336.824 3
16.6963 336.767 2
290.277 337.348 4
313.807 337.148 33
60.156 336.423 5
72.0143 338.437 15
277.82 339.016 9
87.1374 341.569 15
197.507 339.37 8
240.412 339.048 10
505.776 339.994 25
567.088 339.21 13
221.079 341.908 36
360.444 339.657 1
403.738 341.979 20
437.855 341.281 4
660.919 340.975 25
794.185 339.935 1
137.771 340.971 18
317.892 342.268 4
549.928 341.899 23
119.362 344.491 22
436.043 341.9 1
638.519 343.018 38
780.272 341.825 1
510.259 340.137 7
584.976 344.827 33
608.018 345.041 7
14.3972 343.895 1
101.646 343.306 13
173.049 344.025 17
339.342 343.027 4
378.348 343.965 2
451.851 345.565 3
647.373 344.494 7
419.812 345.834 34
601.962 344.914 4
619.27 345.065 1
736.285 343.763 9
6.96313 345.966 1
272.912 347.438 9
410.907 344.835 9
464.413 345.171 4
721.455 345.401 4
544.084 346.722 1
141.47 347.697 4
301.366 347.956 7
360.143 348.31 11
479.323 347.877 16
489.493 353.827 29
657.887 348.412 10
387.191 349.575 17
30.3065 349.878 14
51.5248 351.751 6
208.192 349.446 1
285.634 350.027 8
425.489 349.603 6
533.794 350.782 13
561.537 352.564 22
596.289 350.891 12
71.1671 350.689 11
190.557 351.133 12
293.911 351.344 2
438.844 351.935 51
785.55 350.665 1
494.376 351.939 3
649.918 355.139 19
674.057 351.564 12
756.469 353.595 8
775.431 353.453 4
276.715 353.905 6
233.774 355.174 17
269.601 355.106 11
402.242 354.999 17
257.218 355.841 3
464.561 357.441 21
515.639 356.105 28
579.648 356.825 26
640.931 355.838 4
37.6764 357.003 4
110.902 356.746 8
421.456 356.731 10
482.255 357.365 4
537.445 357.296 25
764.423 357.625 9
51.8111 358.267 15
497.323 358.023 4
554.445 358.937 2
70.3488 360.256 2
444.664 361.249 3
629.908 360.151 3
191.788 365.49 26
202.369 366.329 18
209.966 364.095 26
288.187 361.275 5
314.84 360.667 1
385.419 361.384 21
510.95 361.925 8
776.076 362.072 5
274.645 361.926 3
460.303 360.897 5
433.536 364.244 3
471.805 363.272 11
490.586 365.156 9
544.17 364.73 11
574.289 363.658 15
617.135 364.037 16
16.7103 364.536 1
234.987 367.638 37
548.845 364.138 5
421.591 365.278 7
560.736 366.034 13
600.069 365.437 5
641.818 364.713 6
650.896 365.272 2
220.215 367.66 20
354.278 366.607 8
527.349 365.81 2
248.773 368.682 15
45.2946 369.058 12
443.835 368.13 9
452.334 368.774 36
496.575 368.022 3
633.83 368.403 5
697.499 368.497 8
5.93083 368.927 1
22.9462 366.745 5
405.362 369.974 14
511.819 371.226 24
321.15 372.283 4
325.766 371.513 8
377.949 371.17 10
755.709 370.869 9
768.727 373.868 3
15.4669 372.309 3
85.5746 372.502 13
367.191 374.829 9
712.383 373.689 15
735.296 372.59 12
435.542 373.217 4
444.027 373.048 2
344.283 378.087 39
383.309 374.022 2
393.503 375.031 16
647.708 377.975 12
693.681 375.195 20
30.7695 374.621 8
211.153 377.396 16
576.527 375.512 13
611.819 375.337 50
684.057 375.065 6
288.035 376.45 23
638.509 375.563 7
744.2 376.247 5
223.392 376.818 17
408.696 378.305 8
674.049 378.153 8
768.434 376.982 6
66.5457 381.294 19
190.875 378.089 2
298.848 375.901 26
371.495 378.395 11
492.833 378.651 30
110.884 379.895 11
138.609 378.767 4
154.377 379.872 7
434.981 379.433 7
481.958 379.659 23
561.841 379.443 7
588.946 380.146 3
601.451 383.843 30
699.633 379.133 9
14.2683 379.936 1
37.8443 381.069 5
273.814 380.511 10
458.662 379.496 42
546.552 380.859 11
555.214 381.043 5
566.879 380.624 10
666.143 380.339 19
730.454 380.222 2
755.186 379.561 4
230.446 380.353 6
305.779 380.908 1
318.441 382.216 3
616.712 381.342 20
533.142 381.591 10
635.273 383.571 35
50.0137 382.15 10
107.962 383.527 2
448.231 383.48 29
578.984 383.758 4
373.119 385.155 25
393.063 383.939 22
652.924 384.359 10
192.912 384.286 3
286.391 386.434 3
670.734 386.42 11
95.698 385.578 1
158.434 386.608 8
184.661 384.466 10
398.533 386.156 1
505.117 386.803 26
417.536 387.335 11
438.323 386.586 14
480.757 386.017 12
683.116 387.823 3
34.6581 389.056 6
331.047 391.326 23
383.995 390.227 25
642.418 388.938 9
712.748 388.247 16
149.5 389.206 2
431.778 390.02 26
700.825 389.337 15
772.389 389.543 1
55.3399 388.931 6
139.801 389.982 16
313.652 391.098 21
349.599 391.311 7
358.541 390.396 7
423.25 391.352 16
665.995 389.561 21
590.79 389.767 60
752.973 394.062 19
26.0137 392.318 4
110.66 390.683 28
185.075 391.558 2
217.493 392.665 13
484.916 391.696 44
405.94 396.617 30
506.453 393.368 10
117.054 394.024 2
165.268 393.785 1
302.962 394.759 5
343.732 395.783 22
775.139 393.947 1
50.1549 395.401 5
145.152 396.048 17
332.875 396.106 18
40.0395 396.481 5
376.243 398.544 31
286.574 396.723 4
592.757 397.375 6
156.355 397.995 1
427.171 400.752 22
29.455 399.486 3
99.8048 399.09 7
60.0963 402.403 15
241.337 402.155 13
367.283 403.12 7
319.993 403.174 8
757.718 402.722 10
350.463 403.968 9
390.045 400.845 11
16.9796 405.414 1
212.617 405.893 8
462.043 407.233 10
402.696 405.207 3
408.05 407.36 8
453.608 408.726 3
245.673 409.026 9
676.029 407.974 3
30.3178 411.21 4
40.4235 410.838 5
162.857 409.188 18
301.765 410.564 15
357.869 409.372 7
380.206 408.496 3
119.947 410.844 3
137.619 411.249 1
337.519 411.432 8
793.445 410.773 1
325.783 413.085 13
203.617 412.056 27
232.597 415.92 15
290.911 416.817 40
176.279 420.959 5
373.333 419.095 30
392.475 415.596 2
462.12 415.715 5
136.25 416.655 2
437.031 416.808 3
737.864 417.603 3
158.407 418.057 2
296.189 419.448 4
343.764 418.357 6
423.39 418.051 1
165.267 420.138 9
205.07 419.563 6
333.556 420.305 28
359.924 418.639 9
387.333 419.461 9
414.256 419.437 1
315.757 421.228 9
8.86123 421.249 1
303.058 422.886 18
348.183 422.643 2
449.205 422.913 1
136.835 423.921 2
440.157 424.189 3
160.244 426.187 5
363.899 425.204 5
429.627 426.407 4
337.055 427.726 5
17.5368 428.099 1
323.189 428.286 8
311.371 429.4 5
327.446 428.708 4
301.925 430.351 5
265.718 434.24 10
274.1 433.552 4
284.01 433.971 8
765.477 432.802 2
788.136 434.337 1
19.5364 435.122 1
248.326 436.552 8
10.0637 436.131 1
240.317 435.845 2
219.514 437.731 12
229.995 439.171 11
25.8924 439.538 3
38.0293 440.985 3
195.458 442.358 12
151.337 442.947 24
163.375 443.859 15
181.166 441.75 11
15.3455 442.022 1
140.473 443.261 10
132.445 446.264 11
120.953 446.809 3
292.865 444.962 4
112.692 448.013 13
84.6842 449.538 13
104.408 447.643 4
57.9581 450.267 13
79.7138 450.176 4
99.6726 449.693 7
67.8012 451.988 21
34.8998 452.437 5
16.6141 455.487 1
172.556 457.143 3
5.48053 457.719 1
4.62497 469.424 1
457.281 234.465 1
404.217 281.883 8
724.868 294.259 18
407.522 317.026 3
121.278 317.117 8
255.977 322.73 30
450.912 328.333 16
602.227 338.202 2
523.209 356.158 15
144.712 382.357 28
280.065 392.738 3
739.833 407.973 5
18.3575 413.576 1
448.707 414.814 12
466.699 418.921 22
774.238 183.939 1
686.964 213.247 14
381.363 218.773 1
455.144 224.909 22
681.634 228.301 1
365.942 230.854 1
396.24 233.079 2
493.21 236.127 3
364.476 242.306 7
610.629 245.074 1
635.567 253.591 11
658.168 263.882 1
316.159 265.2 9
550.989 280.595 2
662.942 282.213 8
345.871 285.736 3
565.018 286.256 3
741.188 292.53 4
65.6376 305.392 1
246.273 304.615 23
522.494 311.129 15
645.254 307.659 9
719.491 319.705 21
771.183 320.95 4
18.7706 327.458 4
88.2231 330.945 8
780.348 345.623 3
108.681 344.454 5
259.71 348.183 4
168.585 356.838 1
416.579 358.11 3
129.639 358.157 15
227.521 361.494 1
244.978 361.55 2
767.39 362.34 3
262.987 367.09 5
308.428 363.273 7
387.956 365.887 1
618.61 365.88 4
682.391 366.899 13
416.14 372.005 1
530.904 375.876 9
339.265 379.584 28
355.191 380.586 17
129.451 384.304 6
342.7 385.122 1
224.151 385.088 8
765.617 387.379 5
374.218 388.999 1
271.032 390.957 6
654.622 391.788 22
667.852 392.906 1
39.413 405.409 1
166.164 433.196 3
196.071 433.746 2
139.52 436.076 1
54.4806 459.167 1
782.566 189.197 1
714.443 194.911 4
414.341 204.373 14
433.074 205.043 1
777.909 214.392 1
727.041 221.232 6
445.696 227.615 23
692.913 228.143 12
376.109 229.69 10
415.793 232.391 19
462.065 235.442 2
288.438 236.856 2
624.83 240.446 11
780.292 237.756 1
406.798 241.073 1
482.48 242.858 1
768.834 241.792 1
642.317 244.282 1
392.32 246.003 6
373.855 247.166 2
511.406 249.145 1
750.872 250.248 3
310.929 249.732 14
686.594 250.336 2
619.652 251.093 5
286.927 260.45 7
360.191 256.743 11
443.625 257.116 1
708.749 253.559 11
651.041 256.183 4
328.949 264.081 1
688.598 264.32 1
476.573 267.847 8
527.023 269.711 4
413.608 271.114 12
499.853 271.745 5
598.117 272.307 4
670.277 273.179 3
282.38 277.911 27
346.032 276.589 5
646.352 276.393 31
776.828 277.797 1
406.531 284.12 2
425.613 284.46 7
590.269 287.997 5
692.224 290.936 2
661.145 293.31 2
779.887 294.071 1
534.853 295.478 7
558.106 295.262 4
275.792 297.389 7
345.664 297.346 1
468.337 298.61 2
371.855 299.165 6
482.55 302.829 2
694.527 306.446 3
744.178 305.084 3
38.7023 310.189 2
258.619 310.284 1
456.921 308.385 9
765.796 311.095 1
181.772 315.234 5
209.585 314.63 12
611.303 314.507 2
340.484 317.746 3
501.09 317.374 3
665.147 319.383 3
105.417 322.796 4
126.135 320.206 3
463.909 321.448 3
67.3137 325.049 11
172.929 319.192 2
228.619 322.048 1
36.581 323.734 1
418.505 324.759 2
432.006 324.818 5
484.939 324.158 1
685.977 323.846 15
730.884 326.221 3
306.269 327.402 2
702.118 328.965 6
163.605 329.842 2
549.8 334.31 4
575.583 332.47 1
784.835 333.559 1
267.854 338.572 9
379.804 336.083 1
702.095 337.757 9
133.274 340.433 3
507.243 344.625 14
664.279 344.255 5
71.7502 344.258 5
87.9448 344.323 2
105.679 343.918 1
125.895 343.783 1
280.606 344.078 1
343.078 343.515 1
551.571 343.968 4
219.869 346.077 10
33.8816 348.517 2
364.602 348.477 3
600.575 351.601 3
118.296 356.651 1
778.413 358.589 1
40.2386 360.734 1
305.452 359.553 9
646.854 363.666 6
703.258 362.968 1
159.641 368.248 4
196.142 366.46 6
280.468 365.239 19
237.118 369.641 2
547.763 370.817 5
250.672 373.763 6
41.7297 374.048 5
91.3921 375.023 7
665.919 373.529 34
772.858 375.304 1
376.21 376.587 8
694.499 379.652 8
711.538 376.882 7
734.726 378.01 25
324.673 377.979 6
495.223 380.764 3
645.195 382.826 6
215.199 380.998 2
69.4195 386.826 11
302.083 383.292 2
561.435 387.836 10
144.587 385.788 9
545.562 388.567 5
593.341 386.949 3
167.236 386.93 8
12.9888 388.933 1
232.184 391.581 11
382.332 393.849 12
93.994 393.482 9
312.126 394.06 6
334.389 394.556 6
351.218 394.332 4
755.219 395.687 3
488.687 396.148 1
402.043 400.711 9
149.997 401.966 7
441.136 400.914 28
631.973 401.015 23
728.632 399.693 11
21.6389 400.816 1
661.6 399.266 34
218.609 408.192 9
126.906 411.465 5
251.035 411.281 2
306.074 415.175 8
57.0641 418.399 7
294.183 421.905 10
374.097 421.24 3
431.401 419.501 2
208.519 424.842 1
38.1431 427.816 12
462.878 433.274 3
268.916 437.606 3
219.357 440.537 4
152.182 446.362 10
182.229 445.28 3
16.1118 448.466 1
114.361 450.496 1
86.0684 452.592 5
69.1273 454.431 3
398.581 301.644 33
251.17 318.628 12
769.231 318.84 3
434.502 330.412 6
123.564 355.659 1
393.769 399.994 13
129.112 413.223 15
443.79 211.695 8
462.014 220.924 3
399.874 227.416 6
487.129 232.202 6
766.616 231.727 1
743.881 239.024 1
664.556 260.903 8
575.166 285.177 2
200.178 299.059 8
231.205 309.589 2
570.213 318.569 1
156.267 325.311 1
136.051 327.171 2
418.297 352.734 4
223.3 358.892 11
743.683 359.234 4
464.638 368.984 1
755.916 382.247 1
279.531 421.096 6
227.373 424.746 6
148.526 433.889 1
187.151 427.474 24
123.228 438.029 1
43.6892 449.451 4
698.524 234.273 1
421.039 240.033 21
482.425 251.148 4
626.546 253.157 8
759.413 255.391 1
290.567 272.495 12
363.805 276.313 4
672.239 282.491 5
541.179 297.721 1
404.886 305.027 5
185.177 324.017 2
501.376 324.108 1
574.019 337.759 1
389.869 342.272 6
557.082 339.452 3
709.329 339.046 2
78.7537 353.911 1
137.665 349.9 3
204.463 373.019 8
168.019 375.223 4
246.207 378.598 1
668.658 379.437 1
385.621 388.573 5
700.402 384.911 1
741.443 388.393 8
79.4003 389.982 1
605.315 390.22 14
388.227 398.04 11
496.342 421.94 1
300.634 425.213 2
63.4702 432.291 1
155.778 449.581 2
95.8267 454.652 1
251.142 347.329 12
400.239 217.403 4
473.68 222.75 2
672.682 254.674 4
575.883 281.55 3
354.712 381.108 2
41.6277 426.656 1
194.865 430.718 2
714.039 262.274 1
394.079 271.421 1
624.13 290.722 2
192.124 340.857 3
253.91 344.909 4
199.889 394.183 3
249.582 401.359 1
492.783 395.774 14
708.494 402.932 1
571.305 405.723 1
609.266 405.054 1
88.1976 418.467 1
431.95 462.046 1
245.847 474.999 1
148.06 483.824 1
673.013 238.889 8
578.169 271.404 2
249.554 291.771 4
334.011 338.597 3
638.996 331.32 3
616.096 244.294 1
781.132 205.299 1
412.296 216.703 8
447.844 216.897 12
429.327 221.324 3
452.943 226.155 4
401.199 234.307 5
778.938 248.197 2
655.059 276.721 1
509.081 282.892 2
480.66 290.723 15
712.523 293.653 4
61.1262 305.025 2
647.513 307.204 1
287.572 309.026 13
780.171 310.724 2
115.708 310.574 6
133.043 310.791 4
431.793 311.314 7
674.759 318.133 1
613.178 319.249 1
452.743 328.817 1
506.776 329.776 3
520.203 330.609 3
554.791 333.853 6
502.678 357.325 2
121.966 359.815 2
223.04 359.384 1
216.929 359.392 8
757.41 363.621 3
670.513 365.445 15
618.616 369.752 3
279.419 373.284 1
72.4688 376.49 7
722.718 379.037 1
740.548 381.313 1
363.211 383.802 7
578.409 389.656 10
144.963 390.108 1
610.859 389.631 16
370.697 411.315 4
425.595 413.491 1
152.523 431.303 5
296.827 438.121 3
276.743 440.671 2
249.476 444.124 2
29.1451 447.406 2
190.694 449.579 1
168.958 451.433 1
150.648 453.691 6
132.466 454.024 1
84.2215 457.686 4
59.6683 458.943 8
28.5428 460.329 3
36.9343 461.173 8
689.815 222.073 1
427.695 230.815 30
703.029 235.645 4
706.98 256.064 8
654.54 272.787 4
622.475 278.806 7
693.91 279.434 5
478.871 282.817 3
648.454 285.622 4
745.947 285.109 6
370.601 297.429 1
331.66 298.663 14
262.197 306.471 2
352.696 310.314 1
391.884 312.4 9
280.889 313.103 12
471.373 316.132 17
221.786 318.921 9
30.676 325.582 8
544.941 331.04 3
169.284 335.388 6
178.855 344.745 14
631.857 345.246 7
57.9492 349.364 6
386.168 352.211 10
50.8472 354.671 1
273.714 365.459 4
658.439 365.029 6
319.758 366.698 1
42.5117 371.052 1
622.382 372.876 3
707.573 374.927 2
79.4967 377.853 5
336.498 377.692 1
471.034 385.394 31
592.121 381.432 4
519.557 381.216 1
625.966 387.456 10
308.361 393.428 2
290.049 394.802 13
394.985 393.773 18
212.622 396.198 1
664.921 400.179 6
296.457 403.6 20
132.951 407.373 14
771.494 419.928 3
400.974 422.063 6
255.431 436.118 1
51.8465 438.125 11
39.4328 450.94 1
25.2321 454.208 1
283.537 256.612 1
287.384 280.981 8
396.442 307.92 3
35.0376 308.235 2
201.219 335.802 9
276.883 365.36 1
425.482 370.41 19
412.326 256.576 8
373.837 267.495 1
735.224 284.992 8
756.956 299.147 1
368.712 339.544 13
760.927 343.008 3
457.311 354.471 1
98.5286 358.689 5
565.256 370.36 3
724.356 373.104 2
636.177 387.77 1
725.696 387.697 4
45.5819 391.875 12
272.165 401.702 14
364.961 410.784 4
714.492 199.079 2
414.162 233.471 1
464.551 237.173 1
288.106 243.612 7
622.843 244.138 8
479.464 247.062 5
713.203 252.247 7
383.666 271.169 1
426.757 287.789 1
490.366 320.459 2
108.652 323.434 1
84.0763 324.251 6
731.932 327.09 1
163.816 333.231 1
89.3786 348.062 1
280.093 348.503 2
701.515 355.886 4
504.018 364.152 13
164.12 369.649 2
461.94 380.49 1
646.426 382.823 1
212.984 383.718 4
489.799 384.763 5
550.164 392.037 10
414.859 401.115 19
676.964 399.046 6
486.174 410.421 3
53.5676 432.146 4
462.807 437.931 1
718.684 248.442 6
318.108 295.682 4
165.367 346.754 1
552.991 340.739 1
131.191 349.821 6
524.461 361.449 1
489.16 391.422 5
304.695 234.875 6
517.782 249.36 2
539.393 271.287 2
336.154 276.181 1
109.2 340.002 4
460.215 355.483 1
595.949 366.692 4
148.961 426.931 5
115.459 433.569 6
698.712 243.667 1
626.817 260.35 6
670.88 287.429 2
597.25 297.038 1
402.436 306.206 2
709.832 345.548 2
171.852 381.481 1
203.307 378.638 2
129.365 385.091 1
246.835 384.76 2
480.75 393.531 1
558.755 399.91 5
607.049 397.081 4
671.345 400.828 5
359.345 403.888 4
495.925 431.8 1
155.716 460.731 1
98.6649 464.861 1
367.617 278.748 1
183.639 337.953 14
250.769 342.033 4
166.02 305.454 2
248.604 301.01 2
301.847 311.159 1
732.014 238.362 3
758.705 288.062 1
767.823 358.776 1
632.102 232 5
696.706 313.489 11
690.079 313.254 4
720.043 368.347 1
602.13 289.918 1
678.392 382.486 9
600.686 314.992 2
629.954 366.95 1
594.889 334.675 3
525.449 270.18 1
583.215 362.048 17
463.075 266.946 24
388.479 225.777 9
492.881 331.917 2
370.18 271.322 8
448.506 390.267 9
306.322 257.978 3
297.567 249.05 2
328.928 281.583 2
387.559 355.174 3
299.338 267.561 12
386.305 380.888 3
417.641 423.347 6
332.167 373.656 2
336.684 381.081 2
245.346 307.543 1
319.01 389.264 3
267.102 342.369 1
297.311 386.991 9
232.057 325.342 2
274.421 370.119 7
238.652 349.438 1
206.88 331.192 3
292.647 422.774 2
218.181 350.286 11
271.717 427.117 1
124.058 305.107 4
106.237 305.669 4
86.8546 306.047 5
168.661 410.76 3
106.202 353.14 7
131.885 425.076 2
55.487 351.684 1
125.04 455.173 1
40.7119 385.602 2
108.205 456.86 10
21.7125 386.925 1
76.4728 459.258 3
740.322 289.293 8
736.424 309.132 3
761.142 339.154 2
719.383 298.99 8
746.52 337.172 1
717.167 317.088 1
627.388 235.902 3
683.404 297.294 7
689.388 320.472 2
650.918 283.322 2
773.926 411.68 3
681.213 337.153 3
730.638 386.647 6
676.963 332.7 2
744.672 401.728 9
669.607 344.8 11
684.638 360.651 1
650.645 342.017 2
663.3 366.3 4
618.263 338.145 5
598.68 346.139 1
518.775 269.294 6
517.689 275.354 8
558.291 319.57 5
630.818 398.542 2
446.363 227.134 4
597.204 379.604 1
417.257 227.269 4
472.428 286.039 7
456.029 275.174 4
566.518 392.138 30
435.296 267.115 6
520.254 362.629 9
384.83 233.664 6
465.691 315.344 1
392.918 257.45 16
509.006 377.744 6
441.763 310.188 8
379.095 254.854 7
439.191 327.224 3
444.855 364.431 3
472.228 395.198 15
399.848 326.491 6
361.743 305.48 8
396.977 345.443 9
335.636 288.687 1
463.269 427.381 1
321.571 287.162 9
395.716 362.217 10
417.877 398.312 3
422.377 407.865 4
419.504 419.934 2
353.909 356.418 2
327.269 332.711 6
338.209 351.245 8
290.389 305.572 8
285.594 319.999 3
304.954 339.728 3
308.981 354.963 7
292.628 343.676 2
296.968 362.35 8
336.715 403.709 1
242.85 334.175 1
312.986 412.466 9
212.622 314.3 1
270.604 373.779 7
278.897 410.387 25
141.117 315.389 15
185.811 374.776 7
37.161 306.094 3
108.085 400.251 1
117.924 445.651 1
33.8129 368.553 2
58.335 411.599 3
50.9074 465.551 2
565.85 359.127 6
340.089 374.539 3
33.3319 321.966 2
704.041 200.291 5
748.841 328.717 6
747.402 386.403 3
703.527 367.647 3
721.844 390.843 3
642.806 331.565 3
435.677 212.153 3
374.727 263.88 2
472.13 370.642 1
436.825 358.385 5
325.914 250.818 1
297.866 245.708 1
364.825 339.673 1
279.086 369.125 3
165.536 356.614 2
55.0803 378.654 6
54.6097 442.172 3
718.042 231.605 1
692.112 264.103 3
743.274 344.889 1
665.186 291.217 5
675.691 345.067 6
593.886 274.273 1
723.434 402.208 2
688.922 416.416 2
652.273 400.097 8
493.265 246.52 8
478.972 244.17 1
438.568 227.232 1
494.329 319.276 3
451.181 280.116 3
459.392 305.814 3
445.665 292.552 3
403.777 287.834 1
469.308 352.433 7
475.843 379.555 3
484.365 410.89 2
317.015 292.063 1
457.462 436.149 1
254.569 348.538 2
292.502 396.409 3
332.255 440.166 7
204.092 316.622 1
242.453 372.793 8
274.394 405.817 9
206.494 366.055 5
265.312 437.781 1
219.311 400.401 1
144.083 401.283 1
85.3791 346.193 1
94.2252 355.213 2
57.1304 424.657 1
65.7154 454.37 3
554.729 390.183 11
664.254 259.147 6
706.732 364.419 1
597.939 258.147 4
532.962 272.779 3
564.162 321.93 1
439.674 213.748 1
591.982 374.632 4
447.973 356.956 9
409.019 354.451 9
351.038 382.029 1
227.694 309.3 4
248.344 358.092 1
220.818 356.013 1
295.778 431.311 5
125.573 469.593 1
622.735 262.464 8
662.537 355.974 3
598.697 390.961 4
553.127 396.34 1
377.014 257.587 1
487.973 393.077 1
487.438 431.162 1
421.294 379.381 6
182.334 326.968 4
242.002 384.069 1
199.075 377.712 3
168.325 378.987 1
134.222 351.215 2
244.597 471.067 1
219.362 450.576 1
126.993 382.019 2
153.744 453.266 2
293.211 274.652 4
381.942 398.479 2
244.054 343.552 5
220.1 457.553 1
454.818 360.994 3
335.455 266.433 5
402.181 271.264 1
723.704 209.928 1
714.461 324.944 1
702.409 246.897 1
698.954 361.005 10
681.997 255.33 1
615.694 248.498 3
598.212 359.592 2
584.893 336.997 1
559.844 354.865 2
549.773 355.039 2
548.097 349.606 6
494.491 387.772 3
485.909 284.507 1
436.547 295.326 8
433.997 270.52 1
425.642 361.296 5
387.453 313.69 2
372.865 346.819 5
356.452 341.95 3
351.436 253.596 2
304.552 416.68 2
300.161 416.773 3
295.136 270.844 1
287.458 403.274 9
230.422 410.655 1
214.914 340.33 1
212.665 330.852 2
160.596 389.29 1
51.7128 379.127 1
51.0931 444.749 3
757.312 391.427 2
751.529 320.562 5
748.61 375.727 2
748.252 356.383 2
714.755 290.281 2
707.087 306.997 14
698.302 239.579 2
698.034 311.706 1
674.808 327.447 1
646.853 330.475 1
645.401 298.56 1
634.31 359.648 1
629.609 291.427 1
623.094 352.122 10
621.563 339.089 1
608.838 303.958 1
570.707 385.962 1
567.183 310.551 7
523.068 382.208 1
518.878 305.337 1
483.268 256.006 17
469.784 336.404 7
468.414 292.587 3
466.419 388.035 4
428.634 349.226 10
427.287 355.587 5
399.442 209.723 9
394.425 240.291 1
390.572 321.958 12
385.15 267.09 3
384.068 303.976 7
371.834 340.284 1
368.906 330.902 1
367.488 424.856 1
366.187 259.081 2
364.626 266.548 5
348.134 293.055 2
339.476 360.164 3
327.561 362.391 4
316.556 321.757 3
314.239 376.079 5
311.425 310.582 2
293.809 394.081 2
292.887 406.551 3
285.384 329.046 7
282.532 357.553 3
282.264 362.733 1
279.962 283.528 4
278.512 447.041 4
275.228 307.764 8
251.095 368.842 3
234.759 336.355 11
218.917 299.851 5
209.431 310.424 1
208.187 402.507 2
206.748 411.628 2
187.272 308.576 1
177.152 380.098 5
155.152 440.329 1
150.56 308.83 1
129.779 460.357 6
114.55 414.604 6
114.227 365.057 3
91.7638 342.386 3
62.5522 358.368 7
59.8015 331.368 2
49.3506 336.331 1
47.7256 317.025 2
518.003 294.439 1
357.979 367.913 1
721.232 376.123 2
707.177 388.312 5
645.393 368.311 1
481.065 326.844 1
459.95 264.608 5
429.588 204.172 1
280.93 278.846 1
172.741 325.438 7
69.1466 444.26 1
60.5505 407.583 1
740.831 303.977 1
728.453 279.413 2
719.708 400.582 2
696.705 398.952 1
641.975 272.341 5
630.694 253.706 1
602.658 249.214 2
600.617 255.392 4
540.678 290.743 4
543.106 372.71 2
500.836 380.607 4
434.774 333.822 1
411.815 400.299 1
396.908 223.97 2
389.353 260.77 1
389.888 326.219 2
391.201 433.385 6
385.863 284.162 5
375.87 361.014 5
366.606 327.486 1
359.644 239.845 2
355.318 376.975 5
341.303 263.527 2
312.919 306.104 2
312.144 252.195 2
261.453 392.08 6
259.687 292.454 5
241.189 439.685 3
221.6 380.187 6
203.49 343.129 8
186.542 412.447 1
187.797 316.698 6
167.249 366.521 3
163.091 415.195 9
597.503 387.652 3
419.36 233.361 4
157.742 445.747 3
640.901 369.111 1
491.362 302.598 11
441.166 354.772 2
353.132 281.783 2
240.136 355.42 1
215.811 354.392 7
661.426 249.778 1
622.094 257.149 3
597.236 390.978 2
585.676 258.343 1
543.572 394.32 3
494.196 274.466 2
264.993 410.453 5
244.068 381.22 1
199.249 372.991 3
544.794 278.752 1
326.596 259.04 2
311.108 384.17 2
476.157 400.331 2
420.641 263.814 1
767.469 337.485 3
571.745 389.562 3
607.259 271.663 2
498.503 361.79 1
445.632 329.672 1
325.085 422.807 2
414.193 287.915 1
209.246 438.125 3
162.407 465.805 1
406.55 215.343 1
247.822 315.284 5
300.233 256.008 5
222.479 323.727 2
139.589 369.755 5
105.844 366.506 2
66.8599 342.209 6
66.5023 317.959 5
750.346 421.805 1
735.102 394.899 3
748.678 353.226 1
694.227 388.346 8
730.086 343.166 2
715.009 336.897 2
767.83 278.61 1
629.03 377.619 2
748.017 255.493 1
674.576 324.342 1
697.57 299.559 3
632.546 341.481 2
681.718 281.74 2
596.545 332.245 2
567.711 361.01 1
570.964 346.923 3
601.127 308.956 8
579.96 307.836 2
597.67 277.113 5
543.536 321.683 5
517.948 336.006 6
499.734 343.865 6
475.289 358.792 2
368.997 409.308 1
422.799 330.629 3
368.612 360.834 7
469.255 257.319 2
398.246 326.018 3
395.803 314.215 6
244.403 451.549 7
267.035 426.225 1
222.752 453.919 2
355.264 312.227 4
425.127 207.583 2
380.814 241.765 4
370.941 253.119 5
408.546 191.659 4
263.479 324.081 3
173.207 412.378 4
279.783 292.305 6
287.598 268.372 3
154.833 391.966 2
126.07 419.351 1
303.798 232.267 1
183.708 340.57 1
154.944 343.117 3
89.7969 387.219 2
125.247 349.138 3
121.375 335.893 3
45.5014 389.254 1
115.16 317.747 5
44.0382 377.868 1
39.6934 296.414 1
765.387 384.787 2
453.932 387.489 14
358.127 393.563 1
177.965 365.488 5
699.582 363.666 1
695.554 339.883 2
579.232 297.386 2
456.369 398.343 12
368.666 376.507 1
474.56 228.508 1
276.726 388.43 2
354.444 278.675 3
190.822 443.838 2
205.428 351.827 1
141.341 370.101 1
65.5259 383.169 1
735.749 387.714 3
679.383 363.868 2
669.694 306.966 9
671.544 291.039 13
640.221 312.551 1
638.152 292.349 1
697.994 193.231 6
631.375 250.28 1
565.274 312.54 1
513.68 338.899 1
551.268 292.201 1
471.616 366.839 1
450.478 348.746 8
409.286 369.287 4
465.712 300.896 3
366.707 385.78 2
302.2 443.647 3
381.671 361.889 1
252.633 423.887 1
385.949 282.036 3
230.629 424.189 2
373.149 257.997 1
205.619 427.285 1
345.873 259.859 4
187.138 408.027 1
140.207 431.655 3
121.555 434.573 3
181.941 352.646 5
92.6928 437.531 2
66.7507 439.239 1
147.767 355.944 1
126.025 372.151 3
73.8597 365.077 1
81.1321 326.003 2
62.0705 329.114 3
559.986 393.356 4
212.947 349.195 3
123.004 372.876 1
76.1286 326.067 5
697.822 350.46 5
548.489 390.2 1
546.465 340.87 1
585.845 294.404 3
252.781 466.994 2
447.176 213.222 1
275.36 301.572 1
194.698 370.273 3
158.301 373.296 4
177.294 319.495 5
669.424 357.207 3
583.037 358.586 1
662.18 244.086 1
588.639 250.802 2
563.637 274.049 2
450.754 352.947 1
444.66 298.173 1
347.627 371.793 3
263.446 406.885 2
385.332 218.148 5
179.349 419.587 4
334.32 256.46 3
244.6 347.464 3
250.647 284.165 1
590.223 295.227 2
445.276 206.697 10
277.712 294.708 2
548.073 256.376 1
323.102 233.036 1
223.838 276.907 1
769.583 222.76 2
19.7459 311.005 2
155.468 309.141 2
369.007 341.6 1
444.841 350.419 3
515.317 376.864 3
221.031 385.308 2
285.311 389.813 2
23.7092 426.231 1
529.332 280.228 1
394.84 294.027 1
582.037 295.556 2
703.294 306.863 3
132.268 320.632 1
669.327 319.845 1
748.594 327.137 3
468.257 328.339 1
773.334 335.039 2
653.362 340.468 1
682.615 338.923 1
318.053 347.456 2
301.424 355.051 5
643.155 359.03 3
511.056 366.465 1
224.605 394.555 1
448.952 398.534 8
213.211 401.096 2
392.117 421.638 3
204.7 423.467 2
140.653 446.412 1
565.711 388.251 1
531.938 390.919 1
68.2987 330.741 1
420.183 351.37 1
741.064 358.629 3
722.809 386.802 4
118.889 436.261 1
375.762 236.588 6
467.08 241.44 1
391.285 252.391 2
751.262 255.783 2
361.116 264.951 1
670.595 277.542 1
347.437 282.004 1
553.659 302.429 11
732.397 331.165 1
507.652 347.602 1
91.4228 352.089 5
55.1804 363.664 1
129.072 377.839 1
234.115 375.751 5
253.628 378.02 7
87.7558 381.304 1
378.125 379.952 2
611.589 382.598 1
472.497 387.644 4
65.8269 389.312 5
561.387 391.739 1
593.705 390.871 1
459.509 401.5 2
147.096 415.696 2
489.11 419.929 1
462.281 444.26 1
316.501 300.978 3
166.714 342.847 3
422.193 247.515 3
699.189 254.43 1
626.326 271.887 5
367.889 282.248 3
670.663 295.114 1
545.432 316.506 2
708.687 349.862 2
175.145 393.403 1
201.336 389.205 1
132.391 395.886 1
255.23 399.759 2
477.479 396.483 6
559.016 403.475 1
605.525 402.148 1
700.47 398.901 1
670.173 406.777 1
357.064 415.017 1
259.259 285.886 2
668.355 309.875 1
405.267 354.158 2
291.916 367.653 1
375.051 426.475 1
115.159 381.921 1
44.7216 401.033 1
32.755 442.024 1
645.401 270.594 1
721.014 338.983 3
557.025 323.543 1
433.188 252.125 5
498.9 364.911 1
358.26 292.95 1
397.237 332.015 8
411.039 420.088 1
201.165 422.157 1
44.7968 319.243 2
529.413 353.927 5
531.033 388.045 1
514.815 391.665 4
727.87 216.161 1
682.122 391.31 5
565.25 316.521 3
440.815 243.105 1
633.625 389.453 1
408.665 257.559 2
561.152 372.572 1
184.55 431.92 1
714.37 238.451 4
666.148 275.153 2
673.82 348.263 1
636.484 348.652 4
477.697 246.995 1
513.32 285.34 11
607.545 382.608 2
640.494 400.276 9
447.026 285.442 6
483.832 344.824 2
493.043 384.982 1
523.496 417.954 1
474.159 385.793 2
483.994 415.761 1
435.373 403.584 1
453.947 441.443 1
394.159 403.662 3
240.721 375.498 1
134.458 346.627 8
127.211 375.183 1
82.0444 380.898 2
276.521 415.148 5
131.903 347.84 2
523.238 372.187 2
453.247 381.829 1
615.122 276.827 5
531.276 309.962 1
598.073 399.359 1
551.149 400.77 2
291.323 278.561 2
178.947 336.104 6
238.125 393.274 1
128.876 389.637 1
568.583 282.033 2
754.947 304.788 1
517.018 290.059 2
380.407 429.401 1
304.521 390.055 2
195.305 420.243 2
715.061 250.807 1
684.817 210.473 1
729.133 386.98 1
704.285 323.794 1
643.953 267.446 1
646.438 354.404 2
592.399 283.371 3
546.184 290.207 6
527.927 307.39 1
510.07 336.166 2
462.642 231.803 1
442.796 271.684 1
458.011 388.566 4
419.013 330.835 2
425.331 356.939 1
361.715 229.316 5
325.688 402.149 2
305.38 355.071 2
280.551 319.655 1
293.302 362.187 1
213.53 366.647 3
241.953 450.818 2
225.362 405.811 4
135.459 334.499 4
147.822 382.288 1
128.365 393.091 4
107.855 332.839 2
109.269 365.573 1
121.053 426.957 1
74.0499 360.241 1
222.108 407.303 1
200.491 384.361 2
138.059 334.647 2
483.806 372.247 1
393.943 310.633 1
215.33 387.636 3
671.203 243.292 1
714.888 401.641 1
659.945 273.417 2
596.718 256.856 2
595.023 340.84 14
567.688 333.166 2
543.285 359.634 1
497.25 396.005 1
414.579 301.459 2
351.381 242.221 4
311.773 271.891 4
308.856 290.683 1
269.292 404.354 7
239.263 372.468 1
103.526 391.908 3
697.938 225.939 2
438.21 394.562 6
330.794 270.767 5
174.448 434.351 2
540.958 396.886 1
291.689 267.993 1
240.164 298.92 7
257.304 414.493 3
238.169 385.254 1
180.464 328.211 3
207.538 449.019 1
403.753 384.352 4
332.063 252.922 1
404.798 274.05 2
764.632 412.395 2
614.144 262.189 3
412.55 337.85 1
347.546 411.316 4
284.163 266.361 3
211.206 417.717 1
34.8551 317.484 1
745.998 420.023 1
726.995 395.618 1
737.976 321.251 1
726.114 339.624 3
589.694 328.68 1
478.727 273.714 4
465.251 285.892 3
435.831 324.267 1
377 403.12 3
334.532 440.966 1
324.493 361.122 3
308.967 373.301 7
261.468 380.457 3
259.353 327.134 4
242.687 325.462 1
207.112 344.659 2
54.8087 384.459 2
445.881 398.644 1
80.3374 321.01 1
278.764 303.129 2
712.12 223.944 1
667.267 255.432 2
608.611 338.674 2
535.758 372.548 1
488.294 244.983 1
455.282 304.324 2
393.647 221.856 3
361.202 325.884 3
355.606 237.111 3
335.75 261.898 5
274.553 420.566 2
308.642 285.992 1
287.397 325.867 1
180.829 407.728 1
156.445 472.741 3
119.967 371.008 1
596.727 285.914 4
386.748 402.624 1
344.066 400.826 2
177.478 427.612 4
154.935 349.864 1
556.009 273.948 3
375.61 215.647 2
284.972 336.195 1
239.584 380.017 2
239.32 290.688 6
292.943 370.556 3
560.937 369.273 2
715.001 231.185 1
544.717 356.279 1
384.177 378.459 1
206.141 441.359 6
147.369 367.775 2
34.5075 430.666 1
26.5326 434.257 1
764.812 425.063 1
687.289 387.395 2
663.958 350.429 6
625.372 375.843 1
632.812 331.185 4
683.208 291.822 3
570.636 344.194 1
540.746 336.464 2
395.555 410.801 1
436.064 366.74 2
362.387 411.578 1
318.54 432.279 1
489.333 289.077 3
330.407 366.147 2
259.089 375.172 5
380.266 238.845 1
130.988 418.324 1
152.058 385.192 1
393.414 407.985 1
487.304 304.009 3
735.985 251.723 3
51.3894 434.027 1
677.266 361.369 2
629.784 381.555 3
712.51 313.139 4
589.25 364.12 7
666.138 302.478 2
615.888 334.693 1
635.735 287.548 6
696.984 192.887 1
572.015 277.253 1
598.367 252.784 1
450.416 303.632 4
375.652 354.49 1
253.715 419.514 3
259.672 380.431 1
383.767 279.317 3
142.357 428.893 7
118.19 430.873 4
339.513 255.707 4
357.614 235.026 2
179.151 351.612 3
295.974 234.127 2
187.258 297.316 6
164.3 300.19 1
104.768 339.103 2
689.522 384.245 1
699.179 345.703 3
273.754 463.092 1
377.194 249.675 1
189.8 371.458 1
112.428 375.86 1
578.005 350.65 1
658.755 237.055 1
558.46 267.538 1
584.225 243.768 1
343.946 365.997 2
484.582 259.908 1
382.07 210.059 1
331.18 246.023 2
246.846 275.956 1
215.459 294.783 2
347.394 337.976 1
251.758 396.238 2
183.559 334.711 5
406.438 251.908 3
356.645 286.148 1
770.425 203.161 1
624.795 222.033 1
507.167 306.062 1
518.218 341.606 2
329.057 344.073 2
508.754 354.228 4
201.561 428.797 3
239.231 312.209 2
24.4575 315.166 2
758.229 317.104 1
282.747 321.981 1
57.0233 324.632 1
117.929 331.188 1
159.36 335.459 3
149.522 339.016 1
746.579 344.54 1
409.479 365.64 1
22.4602 377.386 2
522.54 393.764 12
223.986 399.521 1
681.253 398.098 4
373.058 401.463 1
770.801 403.058 1
696.6 414.99 2
135.244 428.2 3
164.583 426.919 2
52.0011 430.89 1
139.2 344.287 3
151.563 348.432 2
118.047 352.377 1
304.051 406.277 2
689.15 331.336 5
587.472 363.725 3
749.684 370.521 3
98.0589 434.548 2
693.305 233.948 1
622.055 252.089 1
481.279 260.027 2
360.813 271.685 3
642.107 280.857 1
347.09 290.155 2
168.077 338.633 5
228.066 342.122 11
701.777 345.93 3
74.1288 356.661 3
504.715 359.542 3
481.835 362.553 3
55.6772 367.404 2
302.723 368.543 4
236.528 380.404 1
252.288 384.092 2
85.3165 388.814 1
464.149 391.365 4
64.7732 404.224 2
315.237 402.104 4
334.962 400.497 1
648.361 401.646 4
462.99 449.078 1
420.284 452.136 2
182.587 459.113 1
661.264 255.64 2
197.683 292.767 1
233.328 304.582 1
700.022 265.077 1
492.518 288.658 1
625.776 285.685 1
496.798 301.783 2
772.326 189.286 1
759.514 382.737 1
449.8 291.433 1
589.903 368.946 1
171.805 407.373 3
61.6293 371.492 4
721.405 243.221 1
728.917 251.365 1
601.657 278.516 1
683.299 318.896 2
752.656 407.33 1
521.606 321.63 2
507.432 319.791 2
654.943 399.108 1
687.112 413.364 1
540.116 387.956 2
393.572 370.572 2
319.259 394.319 1
277.809 406.076 2
63.0196 321.217 1
232.395 419.592 1
199.539 425.154 2
451.559 282.95 1
550.446 336.321 2
435.614 399.613 2
119.316 349.025 2
629.843 267.968 5
643.241 283.934 1
426.837 242.22 3
729.66 390.558 1
552.455 307.935 5
357.985 267.679 1
483.276 352.224 1
476.125 430.878 1
456.016 446.522 1
347.554 400.328 1
368.251 255.549 1
172.894 333.862 1
209.757 460.735 1
515.903 245.715 2
604.567 294.254 1
177.412 340.01 2
471.237 303.233 2
579.361 304.019 1
508.798 238.483 7
209.992 388.871 1
739.367 277.649 1
726.119 313.042 2
636.233 262.12 6
675.66 340.389 1
667.294 336.933 2
709.664 398.3 2
650.728 399.695 2
476.548 241.444 1
572.326 378.392 1
435.34 224.327 2
538.234 385.409 1
409.2 362.398 1
422.755 384.643 3
358.319 307.891 1
309.8 324.507 3
262.649 281.798 3
241.644 369.403 1
141.563 337.359 2
189.267 418.29 1
79.1659 342.73 1
98.8468 389.658 2
667.482 314.3 4
701.179 309.747 1
705.218 342.951 2
484.086 230.303 3
503.798 305.358 1
294.006 413.971 2
638.604 280.685 2
471.991 248.544 1
429.634 405.668 4
302.917 295.292 2
304.599 298.254 1
426.661 447.648 1
245.188 320.984 1
190.552 323.493 2
153.481 371.893 2
128.581 346.557 1
432.735 262.254 2
264.121 415.25 5
523.769 366.57 1
588.307 402.583 2
537.69 403.984 1
232.665 399.506 2
252.895 334.576 1
751.81 289.065 1
688.988 260.79 1
696.229 296.054 3
521.023 288.301 1
503.234 330.419 1
389.273 219.979 1
370.345 390.559 2
324.398 236.409 1
718.178 235.102 1
716.473 394.813 1
696.487 394.624 1
637.53 268.281 3
585.82 354.947 2
437.944 246.401 1
415.012 267.179 1
392.397 336.642 1
362.297 363.93 4
328.788 402.463 1
306.831 408.705 1
259.71 321.569 2
169.665 384.129 1
165.012 362.747 2
78.7338 339.362 1
219.715 416.632 1
703.546 317.792 1
590.503 310.7 2
664.49 246.865 1
667.353 414.857 1
563.987 333.744 1
489.562 380.886 1
495.99 410.191 1
408.594 299.649 3
345.139 246.116 2
533.455 397.674 1
475.982 280.107 2
401.527 378.471 3
578.245 312.598 1
336.527 447.754 1
66.4325 349.038 1
721.879 395.607 1
735.348 287.299 1
708.566 290.82 1
624.317 274.545 1
582.137 266.73 1
461.864 308.447 4
410.744 394.662 2
405.747 306.847 1
392.623 313.75 1
319.919 413.999 2
359.028 226.98 3
320.959 360.597 2
320.214 330.558 1
313.385 273.746 1
265.828 388.945 2
272.284 253.167 1
172.267 363.354 2
120.702 366.094 3
585.299 303.915 2
665.777 238.398 1
596.275 338.273 1
589.029 256.04 2
563.713 280.228 2
533.245 288.162 1
488.068 359.649 1
379.696 421.192 2
366.942 361.543 1
367.581 300.244 1
348.696 238.84 4
267.549 419.819 3
173.338 368.184 1
581.627 337.639 5
548.346 272.052 1
494.129 391.381 2
494.549 344.725 5
329.391 375.208 2
329.228 240.278 2
380.511 273.923 1
226.544 369.115 3
167.311 327.939 3
61.9647 395.776 6
743.652 350.359 1
690.029 402.784 4
748.21 318.628 1
674.571 311.899 1
606.615 386.005 1
701.127 198.906 1
537.172 331.189 7
384.413 288.785 1
109.666 404.209 1
714.003 363.069 1
114.417 372.264 2
671.256 360.15 2
664.241 251.622 2
668.183 235.318 1
686.005 188.294 1
593.287 251.902 1
565.39 276.933 2
498.914 347.929 2
454.636 332.987 1
400.314 366.13 1
353.108 235.352 1
336.812 257.688 2
253.16 287.907 1
114.975 430.033 2
173.76 349.103 1
104.781 328.516 2
451.3 356.843 4
619.969 266.478 10
438.685 207.199 1
363.945 271.663 1
183.618 377.782 1
160.049 377.162 2
545.747 263.851 1
477.308 254.017 6
333.415 365.27 1
246.802 391.571 2
367.21 206.543 1
328.447 230.434 2
235.214 274.143 1
766.613 334.607 1
641.322 379.651 2
617.195 385.645 1
756.71 248.47 3
722.124 206.698 1
230.547 371.585 3
146.943 371.378 1
410.115 235.19 3
762.233 422.603 1
711.999 332.431 1
635.533 355.435 1
608.589 362.225 1
502.551 397.124 1
566.574 356.093 1
723.806 278.267 1
414.787 405.415 1
344.885 422.912 1
365.998 405.793 1
316.874 426.193 2
466.028 254.805 2
153.595 404.347 2
132.374 375.095 1
297.352 291.698 4
277.433 288.53 1
633.752 247.62 1
381.711 299.903 1
674.214 394.038 1
484.441 385.75 1
469.147 385.543 1
383.059 344.399 2
254.555 374.918 1
94.849 374.667 1
677.165 357.158 1
625.303 369.046 1
590.668 358.748 4
460.358 411.89 3
327.949 437.319 2
650.892 250.205 3
572.484 272.422 2
598.495 249.186 1
405.553 346.921 1
337.609 372.284 1
103.536 458.461 1
145.176 421.042 1
469.188 218.753 3
452.17 213.227 1
341.501 252.79 1
146.665 347.948 1
393.807 218.172 1
258.446 282.715 1
147.675 316.61 1
185.323 292.405 2
294.591 227.859 4
704.775 350.277 3
588.305 300.006 1
419.678 380.683 4
480.417 255.463 1
576.77 341.856 2
555.581 257.313 1
328.388 235.868 1
247.351 262.153 1
213.34 280.193 1
292.921 309.238 2
78.473 329.252 1
52.2124 338.19 1
35.3578 344.982 1
736.549 358.927 1
246.138 423.048 1
27.6158 450.817 1
775.414 207.394 1
695.054 213.813 2
778.588 241.827 1
708.991 250.055 1
375.779 282.508 1
425.526 291.479 1
561.191 300.765 2
24.3597 318.612 2
726.443 331.8 1
160.361 340.264 3
29.088 343.263 2
150.333 345.2 2
694.873 344.617 2
366.407 352.524 2
630.212 352.272 3
51.3326 361.782 1
301.008 359.194 2
650.177 358.173 1
755.207 360.233 1
659.067 379.595 2
77.4055 384.74 1
658.426 394.177 2
32.8445 435.538 1
758.766 326.301 1
32.1141 337.73 1
734.701 233.322 1
281.057 378.438 2
311.722 266.235 4
751.657 269.915 1
593.244 299.533 1
54.3613 375.223 1
196.854 386.568 1
172.503 390.737 1
500.27 392.598 3
610.114 395.223 1
695.158 391.453 1
81.5007 403.695 1
463.549 399.067 1
593.077 401.672 1
713.358 397.383 1
734.757 401.002 1
354.067 410.721 3
627.94 408.749 1
647.876 408.631 1
62.8511 419.117 1
313.241 276.99 2
760.506 379.388 1
338.548 291.542 1
427.628 344.934 2
201.215 349.059 1
692.292 215.14 2
741.019 254.128 1
727.554 254.206 1
763.358 313.107 1
680.129 348.666 1
338.635 279.29 1
745.264 426.001 1
337.445 305.852 1
200.423 318.998 1
147.277 344.468 5
266.148 384.798 1
304.349 401.182 1
46.9988 333.479 3
140.993 405.77 1
428.253 262.683 2
286.129 245.008 2
619.864 358.422 4
452.135 376.914 2
135.206 323.057 1
79.1874 437.075 1
442.277 265.635 1
308.06 265.673 2
692.732 394.359 1
639.238 404.468 1
561.969 397.677 1
308.357 411.62 1
124.953 390.844 1
708.41 264.822 2
305.802 281.422 1
254.99 404.692 2
205.481 285.217 1
171.166 296.263 1
705.38 193 1
691.057 271.332 1
647.83 246.959 5
738.695 421.571 1
451.826 237.157 2
680.124 415.436 1
397.451 275.043 1
397.157 287.679 6
443.017 378.438 4
206.661 320.21 1
195.669 318.532 2
77.1136 345.642 1
499.062 386.312 4
644.934 238.124 1
705.822 355.786 2
203.399 299.942 1
182.296 425.68 1
424.312 244.079 2
467.602 394.642 1
450.932 449.183 1
228.956 337.66 1
198.168 382.179 1
242.879 301.31 1
676.433 365.995 3
714.199 234.082 2
717.612 295.301 2
639.153 321.922 1
632.259 378.646 2
378.168 292.66 2
229.283 368.13 1
193.833 426.65 1
350.924 272.376 1
450.425 428.723 1
178.8 377.315 1
488.534 329.14 1
642.544 231.073 1
617.353 399.278 5
679.273 217.542 1
704.612 381.901 2
698.824 374.709 1
665.227 311.194 1
485.439 289.002 1
464.057 310.376 1
464.248 365.442 2
468.434 379.207 1
394.526 214.853 3
427.712 333.972 1
364.265 362.922 2
215.843 416.803 1
183.19 418.01 2
159.428 363.994 2
518.14 283.789 2
336.574 251.615 2
621.629 404.094 1
498.892 287.373 3
536.953 391.524 2
502.942 413.431 1
302.286 343.318 1
700.804 314.098 1
569.942 358.63 1
138.229 362.274 2
703.292 394.722 1
679.061 213.455 2
678.681 278.938 1
602.131 243.317 1
548.799 358.277 1
537.52 365.785 5
444.043 381.043 1
424.559 324.68 1
394.533 211.994 2
270.128 448.158 1
258.012 388.973 4
237.56 451.788 2
183.902 406.559 3
587.189 307.737 1
445.068 242.004 3
369.582 261.605 2
572.211 262.797 2
540.635 393.06 1
340.855 244.825 3
345.306 327.533 1
277.136 333.157 5
260.574 410.209 1
258.022 423.031 1
235.836 345.717 2
225.083 440.675 1
313.383 426.613 2
601.719 269.598 4
467.239 272.173 3
340.676 412.17 3
288.183 435.118 1
167.007 332.661 1
634.42 305.777 1
614.772 339.243 1
510.054 302.092 4
478.774 369.158 1
473.726 272.589 3
399.839 432.319 2
427.503 299.832 1
312.374 283.115 1
182.292 367.663 2
135.163 358.545 1
118.328 322.114 1
554.391 350.942 3
247.027 465.23 1
582.733 254.232 2
557.366 277.284 2
440.609 348.536 1
349.372 322 2
350.641 334.436 3
343.7 237.676 1
243.609 291.437 1
303.728 461.875 1
174.427 329.857 3
508.66 396.33 1
606.386 237.857 2
481.927 367.174 1
458.129 366.551 1
480.633 285.489 1
298.383 410.324 1
398.959 197.905 1
264.687 272.602 1
110.364 328.267 1
378.349 233.936 1
185.88 369.832 1
346.624 232.075 1
246.497 283.916 1
215.274 299.547 1
431.279 200.376 1
512.196 351.156 1
318 355.416 2
573.764 370.91 1
570.166 306.026 1
685.215 331.694 3
618.93 333.792 1
533.469 369.843 1
415.857 430.744 2
560.727 315.614 1
538.756 316.022 3
403.824 362.615 4
209.365 454.149 2
378.216 289.367 2
151.188 352.454 1
54.2548 308.231 1
672.367 389.927 2
440.802 365.207 1
613.419 356.182 3
665.905 231.469 2
685.554 184.223 1
591.591 243.793 1
563.965 267.835 1
326.727 434.555 1
334.239 247.148 1
351.403 227.404 1
282.983 215.228 1
155.879 288.432 1
422.473 340.561 2
362.713 337.394 1
473.21 251.569 2
498.327 374.288 1
685.966 241.67 1
36.5762 314.695 1
657.135 358.494 3
424.031 429.634 1
689.442 343.156 1
606.993 358.579 1
500.129 394.667 2
630.748 325.86 1
283.643 416.057 1
314.77 355.046 1
327.92 340.385 1
377.384 308.86 2
327.831 310.448 1
57.9803 372.552 1
76.5637 361.962 1
317.511 251.945 1
627.888 394.808 1
286.198 460.772 1
497.982 264.119 3
338.233 311.508 1
96.4262 379.395 1
67.5472 395.428 1
404.512 257.574 1
285.985 248.761 2
324.525 431.62 1
308.285 434.323 1
431.882 358.629 1
336.475 365.462 1
297.78 368.999 1
597.692 241.827 1
531.621 258.302 1
195.109 333.173 1
227.842 295.304 1
468.438 212.876 1
451.94 208.341 1
185.216 284.103 1
68.351 312.5 1
426.532 192.587 1
591.289 303.557 5
377.156 210.665 2
766.203 224.161 1
506.61 243.299 1
677.58 298.499 1
46.0504 336.57 2
738.328 354.283 3
246.984 419.915 2
151.777 422.574 2
95.1607 431.671 1
713.01 205.456 2
302.749 279.575 1
24.3071 321.912 1
45.5249 327.694 1
29.9477 335.504 1
50.8866 369.036 2
695.982 424.615 1
417.268 447.155 1
436.67 444.963 1
216.125 459.482 2
229.922 459.284 1
59.3531 465.202 1
32.6473 333.38 1
218.785 388.809 1
732.418 392.837 1
145.142 306.856 1
726.001 361.342 1
385.64 275.305 1
496.801 289.547 1
616.43 286.697 1
583.037 330.489 1
445.704 280.757 1
750.442 293.566 1
655.286 255.88 1
320.554 226.327 3
720.57 359.806 2
402.274 375.928 3
308.846 377.991 1
32.2693 343.204 1
103.129 428.153 2
405.594 327.739 2
430.012 442.738 1
226.831 452.017 1
65.162 462.185 1
697.86 280.324 1
602.628 359.999 1
160.042 309.86 1
640.807 302.027 1
441.521 276.145 1
342.289 307.168 1
326.243 241.74 1
328.149 255.591 1
118.58 305.946 1
96.1922 325.555 2
282.325 444.343 1
210.908 421.495 1
650.069 329.399 1
740.378 429.347 1
394.853 278.453 1
378.55 367.376 2
261.655 441.337 1
107.407 374.766 1
669.928 251.072 3
537.682 342.323 1
256.189 331.12 1
157.06 428.882 2
622.478 391.65 1
353.446 289.299 1
311.454 296.378 2
120.561 374.793 1
570.234 363.024 1
206.064 297.947 1
475.2 293.703 1
429.864 267.746 1
479.422 400.931 1
299.119 308.969 1
647.73 232.192 4
511.318 235.551 2
528.626 259.543 1
409.142 336.943 1
352.589 406.42 1
690.29 356.067 1
448.98 240.255 1
402.697 291.836 2
501.034 231.739 3
402.594 250.25 3
389.954 388.447 1
630.918 272.894 1
632.255 296.165 1
605.174 363.877 1
367.096 419.411 1
195.74 401.669 1
441.598 430.094 1
527.862 395.817 1
593.464 309.649 1
518.594 370.382 4
480.442 371.896 1
673.325 217.784 1
668.285 244.355 1
627.817 310.924 1
437.35 272.059 1
440.439 284.453 1
426.746 319.954 1
293.16 235.316 2
296.341 305.232 3
271.388 423.702 1
171.127 442.168 1
237.673 357.257 1
328.94 424.401 1
530.098 300.308 1
412.628 413.435 1
179.898 323.714 1
688.224 352.89 1
673.664 213.284 1
667.494 228.004 1
668.803 241.018 1
533.311 284.57 1
534.81 313.868 2
483.982 404.873 1
406.762 430.926 4
379.011 283.629 1
295.694 278.774 1
445.052 344.315 2
543.518 351.09 1
374.966 412.109 1
533.764 394.035 1
378.437 434.841 1
603.452 273.713 1
529.357 350.052 1
657.023 319.268 1
320.364 314.424 2
259.548 276.314 1
176.037 403.731 2
156.692 304.626 2
589.77 336.34 2
347.857 359.451 2
365.531 214.25 2
336.234 235.767 3
332.087 259.854 1
250.805 416.16 1
608.313 332.758 2
261.272 273.383 1
311.498 460.201 1
242.772 377.956 2
235.283 284.862 1
557.506 346.499 3
474.433 238.457 2
629.368 286.007 1
690.981 192.145 1
603.435 236.071 1
299.444 333.168 6
354.583 307.434 2
573.08 355.077 1
580.178 241.427 1
315.165 367.014 2
374.251 211.425 1
341.115 226.941 1
241.025 278.554 1
208.174 294.919 2
347.526 329.597 2
628.248 370.546 1
595.879 362.671 2
636.413 283.825 1
605.77 233.128 1
321.312 295.411 1
238.906 295.068 1
450.992 404.024 2
511.145 384.691 1
353.466 302.062 2
580.58 346.131 1
584.193 236.16 1
438.558 202.415 1
380.334 207.588 1
344.816 220.148 1
245.802 270.071 1
745.233 260.337 2
721.375 254.761 1
428.348 295.136 1
438.403 413.033 1
373.886 434.967 1
359.902 436.062 1
344.496 409.155 1
270.536 320.554 1
477.413 328.453 1
565.111 257.946 1
592.038 233.987 1
349.499 352.736 1
331.467 358.229 1
252.945 267.295 1
220.709 285.514 2
113.194 293.275 1
695.437 353.432 2
222.048 371.814 1
698.599 212.69 2
762.429 373.348 1
676.283 290.346 2
498.448 332.788 1
472.294 257.271 1
559.841 343.136 1
143.223 341.048 1
227.076 279.537 1
119.904 289.655 1
421.286 184.647 1
766.6 219.879 2
535.857 264.877 1
44.7284 294.131 2
35.7728 334.426 1
428.45 249.288 1
768.7 255.801 1
505.454 371.384 1
38.7164 371.587 2
133.011 388.693 1
519.176 399.236 1
768.303 401.128 1
682.098 403.974 1
561.493 336.942 1
193.168 388.759 1
219.488 291.09 1
234.307 290.098 1
654.818 250.087 1
614.763 350.583 1
354.707 370.225 1
44.5581 331.055 1
725.961 265.472 1
636.245 275.176 1
475.954 261.825 1
680.213 356.037 1
323.646 311.495 1
231.714 383.707 1
656.957 253.099 1
679.884 271.188 1
723.329 349.582 1
655.071 359.218 1
111.029 431.527 1
483.66 271.685 1
585.778 395.358 1
249.479 331.338 2
262.406 399.559 1
537.12 339.081 1
166.538 296.87 1
258.312 398.189 1
321.207 424.065 1
499.805 228.626 1
543.645 265.999 2
674.861 372.665 1
327.003 225.616 2
366.619 250.581 1
310.519 408.58 1
122.764 331.322 1
388.146 452.503 1
578.043 368.061 1
519.659 376.869 1
458.023 424.312 1
400.178 370.43 1
177.394 373.159 1
652.868 228.392 1
628.786 389.604 1
628.753 282.184 1
598.93 336.034 1
520.145 316.931 1
504.401 233.506 2
468.659 371.046 1
347.232 383.606 1
651.743 289.643 1
409.489 325.052 2
243.452 295.03 1
450.23 252.35 1
510.818 387.707 1
505.975 286.462 1
476.671 405.82 1
464.074 395.313 1
423.526 435.682 1
272.818 341.777 1
251.261 389.749 1
235.129 439.007 1
500.535 306.989 2
383.97 448.87 1
376.176 272.613 1
372.719 290.271 1
574.065 352.159 2
311.624 380.615 2
494.468 338.034 1
597.004 326.137 1
497.541 352.975 1
337.76 455.055 1
380.502 279.655 1
348.244 208.258 1
679.211 274.512 1
569.984 267.823 1
174.367 297.123 1
323.678 365.065 1
350.744 205.362 1
516.377 388.642 1
369.567 347.046 1
181.126 295.859 1
154.987 298.633 4
327.905 357.728 2
698.06 249.732 1
594.743 302.475 1
366.428 433.999 1
316.037 371.927 1
286.364 221.035 1
514.396 347.65 1
188.436 473.596 2
286.068 365.631 1
668.534 247.925 1
319.564 439.726 1
289.702 221.695 1
588.037 318.894 1
374.19 313.617 1
513.947 386.768 1
695.955 232.226 1
435.907 408.104 2
316.298 436.597 1
467.308 348.736 1
427.682 196.502 2
124.984 311.502 2
588.46 315.698 1
718.042 387.053 1
265.963 465.296 1
504.485 261.14 1
353.315 423.424 1
330.374 434.78 1
717.827 292.196 1
485.707 223.8 1
458.076 213.196 1
556.703 304.325 1
32.9595 420.071 2
43.5695 410.297 2
734.827 290.69 1
702.105 300.166 1
475.948 325.147 1
50.7109 389.705 2
226.717 348.225 1
158.498 300.367 1
659.038 306 1
