2243 27674
552.689 111.263 47
569.591 119.008 40
765.558 122.499 2
549.338 123.168 16
538.651 124.844 27
555.769 142.157 74
754.067 134.068 30
552.578 144.561 57
674 135.271 12
750.387 141.427 27
668.01 140.872 15
730.389 146.999 45
544.808 155.15 11
709.821 158.88 62
715.142 163.414 6
755.851 173.593 3
698.511 177.692 45
146.29 176.786 8
668.6 184.29 85
684.625 171.61 15
742.223 178.692 17
642.879 189.083 115
760.508 184.827 20
673.434 184.843 1
145.442 186.241 68
593.888 200.728 98
662.786 189.061 10
751.411 192.025 14
634.258 200.839 47
580.119 200.034 58
657.431 196.656 3
161.076 198.061 69
172.559 201.723 69
601.207 202.868 4
621.318 209.483 67
95.07 214.113 56
598.077 200.975 15
711.711 204.883 27
125.588 211.026 95
142.56 203.985 9
793.322 208.784 2
17.8517 209.889 2
749.116 206.28 24
482.129 217.83 27
549.745 210.68 52
535.529 223.697 26
628.873 212.89 3
517.574 214.365 66
767.664 215.562 11
492.86 218.149 117
118.439 223.103 53
129.354 220.177 10
195.95 215.599 148
200.038 218.226 19
154.022 222.494 107
595.576 217.811 39
502.432 218.281 19
517.048 226.925 36
94.7261 228.036 97
475.007 223.014 11
172.534 222.11 13
422.251 225.679 71
20.531 226.365 2
530.068 224.067 7
784.937 225.829 2
156.131 230.184 10
78.1505 239.487 66
225.802 229.548 80
547.735 231.369 52
593.544 234.26 77
65.1206 230.202 26
671.889 219.252 18
203.853 232.589 98
692.512 232.327 41
9.55836 233.444 1
98.959 235.059 21
223.54 248.528 63
232.891 234.298 1
20.0046 234.782 2
426.791 236.726 14
481.773 244.925 155
663.961 248.948 109
22.8792 241.769 1
347.129 243.87 9
576.632 244.24 21
175.88 244.893 130
405.735 243.439 7
87.0541 245.639 31
236.639 243.464 29
417.046 249.664 112
432.372 251.758 38
57.8453 255.016 96
66.1724 247.539 7
466.693 252.865 80
100.106 249.463 54
26.7181 251.498 4
42.5556 253.094 11
338.816 261.733 75
652.535 251.512 6
153.265 251.657 10
250.763 249.742 105
620.286 256.957 139
635.87 249.157 83
45.948 260.734 8
354.813 266.149 78
439.126 256.42 6
479.12 261.646 49
468.975 266.604 30
347.085 262.367 16
398.427 263.797 78
510.591 266.857 190
693.025 261.642 17
257.074 258.473 19
31.1555 264.141 23
448.086 261.393 59
512.763 261.667 5
619.304 264.415 16
365.312 271.894 30
95.5953 264.791 3
555.735 260.559 32
152.214 262.623 44
598.176 261.616 85
110.432 268.575 4
115.267 274.017 34
235.3 270.188 93
378.943 269.062 60
497.424 269.041 4
538.881 266.942 47
543.401 273.202 48
13.8498 270.839 2
36.8316 270.729 22
513.108 271.13 13
78.5139 269.584 33
342.881 277.619 75
398.003 270.268 26
153.257 277.498 37
616.643 273.783 18
69.4356 273.779 3
185.364 270.689 37
239.826 273.755 1
311.89 281.342 84
639.5 275.461 31
20.4806 276.156 1
268.692 269.921 101
383.49 274.084 26
238.049 281.543 32
581.428 274.451 72
711.74 278.854 9
559.741 284.417 79
224.256 281.082 24
309.277 287.516 38
488.713 280.303 44
736.267 287.249 21
351.04 282.251 6
178.88 286.826 38
246.86 285.801 28
283.842 284.029 74
390.617 290.574 73
625.948 281.425 53
595.804 281.243 15
194.046 284.605 44
148.481 293.737 56
208.436 286.81 1
642.975 287.663 33
192.728 296.986 101
261.221 287.144 8
583.488 288.14 22
704.642 291.47 13
375.054 287.411 40
468.401 288.684 30
601.6 289.697 51
792.889 290.442 3
310.568 288.214 39
502.886 287.712 28
296.23 292.393 52
405.105 289.54 33
528.706 293.9 28
166.065 290.433 16
177.379 291.687 16
308.346 295.437 3
560.047 294.398 41
188.028 293.611 4
616.509 292.225 46
729.373 294.363 58
631.503 303.171 58
18.3094 295.643 3
91.6772 292.956 30
469.819 297.068 6
214.001 302.189 91
256.827 297.699 17
552.655 305.993 68
565.808 297.676 4
112.345 303.807 65
151.437 302.932 23
370.371 300.793 16
461.195 303.144 5
500.581 301.505 37
478.51 298.043 29
729.367 302.375 3
539.032 307.497 10
133.285 299.902 24
272.294 303.494 64
325.87 300.651 151
309.018 304.779 30
395.427 306.042 28
27.9132 306.064 13
230.429 301.705 20
374.475 309.81 4
253.369 308.439 47
615.258 310.995 39
641.853 302.813 28
19.5356 307.888 1
226.829 317.832 64
490.211 307.354 11
281.888 308.834 2
159.033 309.623 20
413.08 314.827 41
540.438 312.389 46
234.74 316.564 38
266.995 309.34 13
553.324 307.325 10
581.415 309.191 73
107.042 317.879 29
187.414 309.67 19
477.718 308.457 12
129.987 312.427 43
248.002 317.95 17
583.821 322.21 38
595.27 314.972 20
728.993 312.49 7
43.9835 319.469 12
298.431 315.41 68
333.527 315.202 25
565.851 313.969 5
370.807 315.653 8
397.851 324.421 51
624 319.07 41
36.9688 317.099 1
552.802 320.077 19
124.265 321.654 35
422.437 319.383 19
714.467 318.078 51
599.61 319.688 5
432.934 321.497 6
745.095 321.94 7
571.148 333.294 65
239.784 323.68 1
440.993 320.484 26
503.219 319.229 29
83.7037 323.513 59
371.145 326.078 18
398.18 323.68 4
593.058 329.356 35
671.96 331.629 35
225.756 325.596 8
601.03 332.024 53
293.668 334.437 24
307.784 326.406 8
108.398 328.176 8
185.884 331.917 50
70.8285 335.109 7
134.278 328.658 7
213.367 328.104 29
309.393 339.124 19
378.875 331.848 16
646.763 334.787 62
98.9983 334.104 72
487.39 331.769 67
567.443 332.868 8
164.169 329.848 64
447.067 331.945 31
624.753 328.853 48
739.652 332.37 3
545.104 332.223 27
584.346 330.46 14
585.245 330.641 9
730.107 330.65 19
18.698 332.034 4
406.184 332.046 31
191.039 333.662 19
219.951 338.409 32
676.227 344.675 36
556.934 343.336 52
74.844 343.945 19
661.212 342.453 13
42.5362 338.504 27
116.097 343.211 4
210.009 347.261 18
499.037 348.772 78
784.661 342.794 1
91.4805 349.328 60
331.818 340.747 46
604.337 357.075 81
640.381 342.856 4
722.817 339.562 10
537.819 349.665 60
200.038 346.305 7
152.789 347.837 16
350.124 344.529 15
363.744 348.206 38
524.087 344.545 42
261.047 355.824 27
401.551 347.3 5
678.737 347.864 14
134.077 352.992 94
500.713 349.347 1
738.625 346.894 21
515.337 348.537 57
572.972 350.329 39
238.158 343.779 68
169.706 353.536 110
191.831 358.94 78
252.04 352.186 8
637.074 351.775 80
646.152 353.782 4
400.043 361.212 20
527.38 353.587 4
579.433 354.894 4
317.317 360.487 102
371.948 363.113 40
708.387 353.576 120
67.8419 356.622 16
780.91 357.787 3
625.08 365.026 13
128.536 359.11 1
214.695 358.769 60
463.964 363.402 192
677.158 360.044 77
740.859 361.24 5
788.456 359.581 1
21.2634 361.075 3
136.817 361.071 6
521.26 365.527 52
591.565 366.41 96
698.912 358.439 9
769.826 362.789 13
390.824 359.423 53
725.963 361.153 4
160.583 370.088 60
278.8 366.086 65
528.734 376.275 49
51.7539 364.951 17
83.8455 364.074 32
360.367 371.199 115
568.637 367.334 59
217.091 373.73 60
258.565 371.368 66
343.624 366.822 29
539.112 368.437 15
101.265 370.556 65
505.511 372.998 45
462.497 370.012 83
670.15 369.085 25
201.539 369.174 57
443.929 371.521 83
473.162 374.961 18
144.096 372.714 103
159.627 373.93 13
373.555 370.401 15
429.922 367.076 35
529.001 371.651 1
334.042 385.747 132
417.439 373.218 185
67.0908 375.777 79
86.618 378.054 33
398.106 371.412 49
196.219 386.579 50
219.369 382.381 64
235.904 372.412 21
371.681 393.927 99
321.739 374.675 111
772.264 375.293 6
102.086 377.074 2
148.698 370.036 9
171.672 376.25 31
297.953 373.929 63
327.881 375.052 10
331.431 376.837 1
162.829 378.446 1
278.998 376.265 55
280.669 390.225 67
80.6957 378.907 15
239.176 379.501 17
450.594 384.985 21
519.301 385.559 18
610.323 385.18 20
467.121 380.823 6
44.2582 382.393 71
407.127 381.181 18
308.117 388.041 22
425.178 384.528 5
149.078 386.238 17
784.831 386.468 2
144.229 386.628 1
776.604 386.284 5
790.734 387.186 1
449.785 387.907 28
254.709 393.483 11
127.104 389.431 87
678.283 387.232 50
755.152 389.4 50
768.046 397.43 7
40.9342 389.68 3
372.038 395.07 35
549.729 396.911 83
743.989 389.714 13
755.683 395.309 8
666.427 389.767 23
704.119 390.361 119
703.473 392.098 1
711.126 390.983 6
724.637 390.024 70
730.189 389.889 5
387.37 394.139 48
583.073 390.147 41
19.6113 392.906 6
82.9733 399.133 61
117.886 393.088 14
402.732 394.079 39
388.954 395.231 1
53.8385 398.297 11
135.961 395.605 8
530.712 395.562 54
587.518 395.41 22
550.646 398.07 2
613.055 397.034 71
649.91 398.222 125
57.1536 402.821 1
43.2673 403.76 8
168.847 403.198 28
73.4095 405.065 14
603.475 413.072 26
610.345 408.667 1
51.2989 408.591 10
36.4258 411.191 1
28.7952 412.802 1
21.7737 414.423 3
169.566 419.629 25
6.7683 416.411 1
154.624 421.039 39
790.22 416.603 3
115.833 417.134 22
139.458 422.028 45
653.101 415.135 34
90.2124 417.626 35
164.237 418.945 1
784.324 418.826 1
69.7827 418.428 19
175.881 420.271 1
70.4762 421.668 1
155.176 425.566 1
61.0727 426.78 15
144.537 427.602 6
676.64 428.442 17
762.125 428.488 10
686.041 430.041 5
735.93 429.023 8
114.288 429.262 30
112.373 428.136 6
24.1755 429.486 6
93.1647 433.882 9
88.4762 437.187 1
75.1058 438.405 5
74.6982 438.328 7
62.1529 439.953 7
53.2232 441.205 8
45.7537 443.919 4
29.4377 446.009 7
13.5115 448.548 1
560.757 113.645 10
760.261 120.105 8
577.214 121.734 2
691.854 126.027 51
555.823 125.369 2
544.892 128.539 1
676.579 129.198 4
699.108 133.423 3
671.231 132.742 3
693.485 134.009 1
777.552 139.639 1
684.965 143.944 21
536.146 140.781 20
681.312 143.718 54
761.885 150.94 7
789.431 148.351 1
703.233 150.232 1
536.138 150.818 4
553.68 153.894 3
564.598 152.45 34
650.609 151.378 20
658.756 151.248 7
690.75 152.051 3
542.667 153.218 1
729.125 155.743 24
753.049 152.665 15
735.956 160.209 20
782.667 155.118 1
770.775 158.391 6
720.031 158.867 6
755.321 161.101 11
681.75 166.357 10
739.729 164.391 8
709.108 168.864 12
785.582 168.424 2
555.786 173.532 51
583.047 174.447 1
651.075 173.696 1
721.339 173.729 12
779.297 175.127 1
635.853 175.387 22
773.369 171.973 5
765.734 178.826 6
793.508 178.678 1
649.496 179.704 1
149.59 182.503 28
607.02 181.489 16
708.04 180.503 39
584.133 181.564 20
659.027 182.932 4
744.083 185.35 12
613.857 185.184 4
641.095 186.947 6
776.834 185.143 1
793.035 185.219 1
154.572 186.287 2
624.742 184.986 41
144.006 186.586 1
684.275 189.114 86
728.302 193.788 12
163.187 190.537 8
776.378 192.505 4
735.633 193.122 16
688.331 193.921 7
593.379 194.585 2
728.492 199.677 5
757.309 196.324 9
771.54 195.669 4
151.81 196.775 8
650.145 196.97 3
168.01 198.015 4
624.182 196.448 2
666.678 197.679 14
743.569 202.481 18
134.234 196.196 8
632.287 200.346 4
728.411 201.667 11
482.22 202.059 3
739.245 201.886 3
97.421 208.272 28
12.3794 204.364 1
568.897 212.297 49
147.029 201.06 4
570.838 210.525 22
703.161 204.717 5
754.548 205.04 1
782.863 204.659 1
530.244 206.869 5
160.316 208.399 8
187.358 207.614 15
483.577 209.745 4
660.923 212.31 31
734.136 214.297 27
175.965 213.265 18
613.932 215.3 22
112.19 211.639 18
607.891 217.173 16
774.624 211.163 4
8.049 211.881 1
23.4322 211.932 3
91.1777 213.468 3
715.563 212.723 10
726.972 215.482 12
754.545 219.131 22
139.541 214.426 7
584.647 212.914 16
128.322 214.957 3
745.499 214.611 7
569.384 228.512 22
431.886 217.326 26
672.074 219.272 12
190.725 217.977 1
480.946 218.205 2
535.543 219.802 3
606.472 217.746 1
691.202 213.734 109
785.12 219.02 1
680.252 220.837 7
773.163 221.524 7
116.853 224.737 6
440.361 227.002 14
623.716 225.188 32
659.01 227.052 13
12.0422 224.318 1
190.943 230.769 13
205.031 224.965 5
431.155 221.258 3
26.759 226.593 12
122.028 226.221 2
493.866 228.973 36
507.448 226.247 12
690.627 226.384 1
132.223 228.642 29
166.82 226.63 5
182.542 227.4 2
565.831 228.998 8
746.165 228.437 5
89.502 228.877 5
478.291 229.14 1
676.749 236.246 39
174.106 230.692 5
424.612 230.354 3
546.832 230.156 2
71.6013 231.513 14
788.819 230.882 1
637.601 232.355 19
112.791 233.399 5
141.401 241.197 48
183.429 233.961 1
218.792 234.553 3
190.631 236.901 22
439.767 235.7 16
538.586 235.426 1
490.908 240.427 36
685.137 236.909 4
700.552 234.208 22
124.578 238.629 8
174.453 237.857 1
419.388 238.146 11
103.939 239.776 8
235.481 239.343 2
600.502 239.182 2
639.282 242.057 11
713.372 240.274 41
432.261 240.136 1
545.24 241.969 22
202.374 240.526 3
354.115 247.207 25
726.859 242.445 1
74.4581 243.116 13
110.822 243.338 5
415.522 247.123 9
479.076 243.028 10
493.524 243.489 1
518.219 246.123 23
119.075 244.299 12
128.858 244.131 2
794.577 243.455 1
28.4635 243.118 14
141.727 245.109 10
216.599 255.34 27
733.817 245.285 2
589.807 246.946 20
602.036 246.103 11
158.741 248.098 17
553.713 247.57 21
617.409 242.606 22
662.518 252.438 8
245.48 247.486 4
351.023 248.031 3
372.648 248.523 35
532.009 250.283 60
126.018 249.49 8
192.602 249.87 15
788.639 248.899 1
409.286 250.023 6
443.132 248.316 15
643.588 253.477 32
88.6634 252.139 7
103.804 254.819 14
222.309 252.365 5
751.486 252.691 7
57.6451 253.55 1
177.237 258.571 19
507.214 252.874 6
758.524 252.524 10
126.535 254.531 2
138.399 258.454 24
165.417 258.773 11
210.802 255.069 2
237.268 255.388 8
369.574 255.345 7
429.008 254.36 7
579.71 256.281 22
729.903 255.542 2
30.0738 257.641 3
109.717 256.801 2
116.319 257.392 3
226.926 259.85 14
480.232 261.496 21
569.761 255.892 28
51.17 258.069 2
96.4004 258.05 3
152.684 259.235 3
516.917 258.834 1
675.056 255.811 4
219.162 261.015 3
575.519 259.357 1
131.494 260.742 4
761.197 261.386 9
413.107 265.041 22
468.992 262.372 2
118.521 263.194 3
251.265 263.589 6
495.703 262.817 5
196.547 262.459 35
207.785 262.966 16
407.769 264.732 22
502.423 264.011 2
25.5319 265.45 1
262.466 269.558 14
374.792 267.332 2
677.11 264.851 16
694.372 265.222 16
457.211 269.417 22
536.486 265.894 5
41.8953 267.447 4
223.375 267.45 3
774.779 267.183 1
51.9801 268.634 18
238.76 267.565 2
446.087 267.711 5
486.431 268.582 6
635.541 267.963 10
130.996 273.417 17
184.146 270.473 9
20.0966 269.91 1
513.302 270.881 10
93.1876 271.171 2
158.987 271.512 5
212.287 270.778 10
524.965 270.651 2
651.694 273.543 15
764.856 271.291 2
790.837 270.312 1
132.431 274.433 8
426.016 271.024 42
537.839 271.768 1
247.648 273.081 1
328.67 275.543 28
688.143 273.077 1
116.192 272.734 5
410.081 278.45 34
36.3159 282.845 12
545.429 274.678 1
667.774 274.991 27
84.6248 276.881 17
206.798 275.754 6
469.348 277.177 8
484.516 275.734 2
10.0464 277.326 1
214.953 283.594 16
265.174 278.452 8
569.228 279.43 10
600.813 278.227 4
162.426 278.161 3
588.425 278.271 5
53.7959 284.747 27
190.371 278.838 3
325.306 279.068 7
338.998 285.498 10
621.149 281 4
60.895 279.855 7
75.2698 280.71 9
139.596 280.295 7
390.847 280.47 2
501.76 279.958 7
527.626 282.888 27
116.625 280.558 8
460.675 281.015 17
513.558 281.176 7
686.279 280.599 12
275.682 282.654 3
96.756 282.771 2
549.806 283.375 1
656.007 283.706 39
721.715 282.604 5
791.852 283.481 1
450.835 280.542 5
41.4205 282.695 7
495.889 285.432 5
589.366 284.909 2
53.6375 285.485 7
88.5121 290.675 12
160.097 286.246 1
446.603 285.64 9
465.183 286.198 1
76.2428 288.206 11
138.638 288.378 16
418.941 287.411 14
613.785 288.022 13
735.149 286.801 3
102.191 287.146 6
320.855 290.039 9
785.462 288.009 1
185.424 289.084 1
334.638 289.293 11
407.39 289.4 9
626.846 290.188 8
241.78 290.332 18
284.783 289.308 6
342.811 289.993 14
476.427 294.915 16
719.359 290.039 7
770.047 290.016 1
227.221 290.528 2
541.403 292.81 6
748.151 292.184 19
220.658 291.395 1
414.371 292.579 4
434.146 290.932 40
441.997 295.348 19
104.275 293.168 1
267.25 293.955 25
589.423 292.921 2
12.998 293.737 2
244.113 299.545 12
459.874 294.818 10
528.395 293.974 5
290.5 294.528 3
392.844 295.748 4
497.04 296.571 10
614.758 292.904 3
35.5098 295.591 9
298.698 298.011 7
770.259 298.635 5
792.956 297.923 1
5.59117 297.807 1
164.423 298.102 16
384.165 303.126 16
514.76 297.806 8
640.833 298.223 5
749.577 297.733 3
191.35 298.845 5
328.455 299.669 3
409.1 300.881 15
436.229 307.009 39
533.968 300.688 14
631.652 299.69 2
15.0593 300.896 1
97.931 300.783 1
453.725 301.114 7
720.417 300.811 19
785.487 301.41 1
76.3921 302.456 3
178.701 303.816 3
525.248 303.61 17
198.447 302.63 1
260.332 302.696 7
559.499 303.398 1
44.6099 303.91 15
602.422 302.928 17
277.189 305.141 2
317.661 311.952 14
470.034 304.42 1
756.095 306.477 16
25.1775 305.955 1
38.1354 305.513 2
265.859 306.623 4
477.918 306.894 4
589.412 306.42 4
204.436 307.003 8
390.386 307.481 3
436.125 306.618 1
535.193 307.428 2
609.9 306.856 3
776.505 307.206 2
793.153 306.681 1
565.487 307.403 2
96.3019 310.022 19
129.469 309.32 1
214.815 308.659 2
403.409 308.723 8
635.244 312.663 6
705.894 310.165 8
384.637 310.046 3
626.945 306.049 14
11.6479 311.048 3
142.866 310.789 2
328.194 310.46 2
378.936 311.053 11
468.016 311.053 3
522.459 309.833 17
84.929 312.007 12
168.46 311.275 7
19.6096 313.013 1
192.094 316.809 28
306.325 313.562 9
427.082 315.203 3
451.538 318.288 35
66.2146 313.474 25
408.182 314.13 3
632.661 314.243 10
121.727 315.614 6
188.901 321.497 14
496.605 314.998 5
540.87 315.2 5
722.781 314.577 1
247.954 316.957 9
278.645 316.109 25
612.336 316.318 2
712.544 316.387 1
746.258 315.629 2
102.977 317.157 9
156.276 319.615 21
480.483 317.595 14
606.727 317.643 12
661.924 316.416 43
139.842 318.884 24
645.975 316.809 28
777.044 318.389 4
170.78 319.681 10
324.133 319.087 8
348.303 318.653 4
501.91 318.352 3
7.34226 319.955 2
220.369 319.856 3
439.725 319.893 1
467.405 323.48 34
65.9831 323.09 15
187.649 320.766 2
210.368 321.241 6
263.767 322.177 5
199.983 322.462 5
363 321.668 7
452.21 322.296 1
476.18 323.533 10
386.922 326.387 18
619.9 322.723 3
649.368 318.089 5
74.4817 323.54 6
245.744 324.777 1
303.606 322.226 3
697.523 324.943 20
511.68 334.021 29
568.798 330.264 7
717.623 326.572 8
43.041 326.834 4
482.946 328.848 14
736.205 326.261 4
104.591 328.586 3
124.198 332.551 27
202.841 328.942 3
284.31 332.208 14
5.48901 330.282 1
90.2758 329.717 4
190.337 330.329 1
399.233 330.369 2
439.958 336.04 12
385.746 331.328 3
248.886 337.389 20
316.297 332.484 4
572.982 331.492 2
614.026 331.27 21
142.526 333.323 10
178.127 335.425 13
294.13 333.136 2
350.489 332.783 1
417.827 336.84 49
779.456 332.418 2
794.087 333.34 1
11.779 333.682 1
130.529 334.022 2
282.719 343.333 48
306.466 335.522 34
508.887 334.371 7
465.507 332.734 14
391.715 337.374 6
63.3499 337.582 5
433.912 336.59 2
606.891 336.528 2
100.315 337.502 1
123.964 339.921 9
163.829 339.709 8
478.886 338.7 13
580.615 341.177 29
661.706 338.323 10
722.922 338.486 1
755.535 338.408 10
764.704 338.065 1
39.4313 339.164 2
91.6109 339.143 1
266.662 336.311 6
340.776 337.74 13
447.621 338.652 1
466.93 339.085 3
535.361 338.886 2
554.3 342.905 13
573.447 339.397 3
626.828 341.908 15
161.235 340.273 1
514.241 340.732 5
696.599 340.965 43
358.194 339.955 10
299.469 342.495 21
410.254 343.951 11
131.521 343.289 3
141.577 343.114 10
177.677 348.182 7
282.822 344.078 8
5.22519 344.347 1
241.447 341.511 21
618.954 345.664 7
734.45 343.151 5
745.936 341.611 30
193.768 344.402 4
451.237 350.145 15
482.098 345.395 23
600.174 345.111 9
653.62 347.841 32
749.941 349.75 4
39.1128 346.19 3
101.234 350.111 8
317.267 346.619 31
384.565 347.831 26
629.652 347.31 8
689.263 350.21 32
208.162 348.621 14
229.49 345.257 6
332.124 350.045 22
779.85 348.093 1
20.3557 349.555 2
219.19 351.672 15
277.263 350.513 12
331.329 348.836 1
373.774 348.609 9
536.897 350.86 10
550.452 351.378 5
638.779 353.481 22
69.9911 347.741 10
162.355 351.383 7
346.515 349.553 1
555.233 350.016 2
618.722 352.549 7
11.5065 351.469 2
749.54 350.13 3
265.491 352.098 3
697.501 351.595 4
790.136 352.132 1
44.8873 352.75 2
225.006 352.651 1
293.14 354.599 28
324.679 353.374 2
381.402 355.532 7
433.933 352.225 33
443.3 353.066 4
610.963 357.256 19
723.753 352.521 19
492.934 355.057 8
758.415 354.644 23
681.203 356.216 4
6.19313 357.365 1
146.543 357.098 18
250.41 359.236 48
392.272 356.71 2
734.096 360.935 12
102.543 359.467 7
256.429 357.095 3
479.526 358.518 11
652.934 359.116 7
168.398 359.09 4
232.269 363.854 19
269.301 359.301 22
309.622 359.504 14
600.029 358.781 7
99.1394 359.944 2
365.22 360.278 3
457.898 360.901 4
794.523 360.05 1
473.064 360.64 2
705.016 361.226 2
11.6676 361.623 1
157.085 363.285 3
190.76 360.744 5
241.536 362.335 3
670.594 361.932 1
92.9856 363.744 5
202.112 362.989 6
355.412 364.117 3
463.655 364.156 1
576.99 365.555 23
592.109 363.807 5
775.588 367.353 3
59.8954 364.172 9
142.637 364.785 8
219.832 364.786 1
279.319 367.035 4
641.331 368.276 25
682.206 370.417 9
304.048 366.4 14
344.441 369.029 9
625.318 365.27 7
471.865 366.908 1
617.362 367.262 2
763.16 367.186 13
169.948 364.744 3
292.908 368.126 8
608.079 367.318 11
177.7 369.777 16
225.656 369.393 2
381.048 367.707 4
669.808 370.096 2
90.6983 371.132 10
718.82 370.829 28
739.798 370.925 5
775.437 371.521 1
791.407 371.244 1
73.0731 371.808 2
241.412 372.758 17
547.632 373.052 36
624.174 372.694 13
652.176 366.565 10
728.718 372.731 9
46.3484 373.644 4
28.936 374.491 4
109.061 375.437 16
34.303 378.441 10
456.957 375.165 2
557.775 376.241 41
93.5947 375.787 1
440.395 381.497 10
595.253 378.284 8
765.039 378.422 8
59.3427 383.453 17
409.208 382.559 18
491.288 380.645 73
125.805 377.927 9
255.741 379.307 17
305.94 377.8 11
526.7 382.654 48
582.62 378.022 20
684.206 377.869 8
705.885 379.15 7
788.023 377.954 1
361.51 378.952 1
710.531 378.558 4
750.635 378.669 9
9.13603 379.785 1
156.703 381.063 9
218.523 391.925 25
230.315 381.114 4
448.575 380.151 3
183.928 381.304 23
292.289 384.647 23
319.289 385.405 9
385.478 376.984 21
466.639 380.574 2
542.28 386.625 17
178.582 385.801 46
275.992 382.415 2
285.355 382.204 3
296.751 381.824 1
328.197 385.044 13
89.1206 382.833 1
117.355 377.819 6
438.317 382.991 2
127.528 383.49 1
171.816 383.868 9
263.159 383.582 9
341.034 383.938 2
104.885 390.274 35
306.227 385.019 1
358.436 387.295 24
407.615 388.986 3
705.755 386.109 1
54.41 387.419 1
211.887 383.372 17
221.947 387.819 2
233.802 389.847 34
584.063 387.552 14
136.855 391.251 9
159.751 392.895 25
210.984 395.296 54
425.872 391.006 16
25.7367 393.679 12
349.491 390.316 11
363.865 389.862 2
608.179 391.263 3
151.892 392.71 25
415.465 391.972 27
63.3259 394.341 25
94.5482 395.094 44
142.515 393.24 17
198.401 395.498 10
211.537 393.259 1
316.431 393.035 14
587.071 392.519 4
454.051 397.263 85
627.221 396.219 15
766.663 394.213 2
234.686 395.258 6
601.543 396.108 7
715.898 396.023 7
594.6 395.808 21
513.183 396.622 12
566.285 397.147 23
604.276 400.79 3
659.36 399.007 9
13.1799 397.803 1
25.2723 398.888 6
80.3439 398.745 1
146.565 402.853 25
465.488 412.351 23
504.586 403.454 19
512.776 404.298 8
613.389 404.049 1
622.931 408.063 6
14.4844 404.987 1
23.4382 405.24 1
649.429 405.18 1
48.9827 407.433 3
105.291 404.313 31
441.251 406.792 12
10.5844 409.906 3
185.365 410.342 24
391.877 408.738 1
521.766 408.086 17
495.56 410.169 30
502.113 410.474 10
121.815 410.783 8
124.232 411.227 4
175.719 410.578 1
74.9686 414.229 5
79.0872 412.437 3
88.4605 412.507 1
607.634 413.426 6
58.4492 414.41 5
590.534 416.153 31
782.878 413.992 1
665.774 408.963 41
32.9278 417.062 8
18.4641 419.274 1
189.289 422.48 16
53.2703 420.296 1
103.404 420.453 4
79.0472 424.775 26
94.8676 424.86 3
650.246 425.53 23
40.8271 425.101 7
128.229 424.33 4
61.4398 425.067 6
24.6937 426.37 1
5.74548 427.536 1
159.709 429.603 6
45.7934 430.6 4
14.4093 430.779 1
65.5622 432.089 5
103.083 430.551 4
148.225 431.169 2
73.5684 432.426 3
648.111 434.214 3
29.6887 436.175 8
6.85511 436.302 1
661.062 436.191 4
682.444 437.713 6
18.7932 437.401 1
723.529 438.152 3
778.89 441.268 2
5.58513 454.051 1
608.596 198.222 8
550.327 207.213 2
605.235 249.911 13
624.062 257.169 6
165.005 259.714 2
228.829 269.839 4
146.294 293.545 3
235.413 298.91 25
477.809 298.228 2
500.84 304.248 4
624.717 300.427 5
34.9809 323.616 20
176.402 325.958 5
753.517 329.984 14
704.438 344.614 19
664.482 348.57 4
21.5572 370.757 4
570.081 371.109 18
158.152 374.142 2
505.103 376.211 20
209.841 380.583 2
506.79 387.706 13
785.226 394.014 2
190.335 422.472 16
706.159 438.424 2
554.338 154.988 3
680.647 159.261 25
712.011 160.019 2
574.707 185.37 18
105.09 201.429 14
155.9 200.036 1
691.741 211.63 5
425.21 220.602 12
498.073 220.036 1
616.279 231.429 27
631.156 237.244 21
651.496 241.653 41
20.7776 247.948 1
53.7966 271.116 2
543.256 281.183 2
487.468 287.969 1
447.69 303.257 5
449.651 305.733 6
255.709 313.212 6
122.347 355.847 6
767.358 368.652 2
432.231 375.665 27
259.889 379.301 1
67.1815 381.953 8
483.816 386.798 13
20.6883 382.431 6
465.568 390.161 12
628.262 399.573 6
565.435 411.542 37
713.578 428.832 29
760.273 430.836 1
703.469 430.833 10
748.151 430.338 10
702.165 136.837 2
565.564 154.006 2
684.532 169.328 1
684.879 187.124 2
581.579 198.858 4
746.102 203.22 1
98.6252 209.192 5
28.751 212.604 1
178.261 216.423 4
731.428 218.7 8
149.206 219.588 39
756.534 220.414 2
682.091 226.799 3
512.666 228.805 1
30.2633 229.726 1
95.1717 230.477 2
499.636 231.969 11
570.792 232.9 3
76.2729 238.499 1
220.405 238.989 1
142.796 240.099 1
482.223 243.309 3
497.509 249.007 6
571.483 247.404 7
355.303 258.041 11
531.916 250.05 1
586.931 253.968 8
646.093 255.891 5
374.574 258.269 1
57.3592 259.408 1
139.127 260.461 1
480.549 262.771 3
32.449 264.106 1
462.908 267.952 2
266.347 268.984 1
233.761 271.555 2
154.944 277.796 3
329.49 278.841 2
653.882 274.117 3
626.497 279.957 1
484.787 281.879 1
560.572 282.047 5
54.3343 283.871 1
686.482 283.077 2
122.121 287.777 7
663.023 288.829 13
323.987 293.934 3
708.937 302.337 8
269.812 296.363 3
293.554 300.713 4
120.488 297.324 19
627.307 303.987 1
225.648 316.708 1
567.41 315.385 2
342.558 322.029 4
541.083 320.235 1
216.064 323.945 1
626.335 326.441 1
469.311 330.87 21
403.934 332.578 1
418.104 336.305 1
516.868 345.242 1
604.525 345.887 1
656.437 352.08 4
103.374 353.049 5
449.779 353.337 3
570.796 352.173 6
538.821 353.862 1
330.172 357.042 5
193.206 360.453 1
476.587 364.717 2
734.348 364.523 6
782.092 363.943 1
580.746 367.478 2
147.408 371.431 1
278.608 373.073 1
384.302 378.052 15
558.232 379.743 3
199.231 383.055 6
368.234 382.816 1
14.9998 383.617 1
292.101 394.646 23
271.76 396.206 12
321.967 390.036 5
546.861 387.417 5
172.316 392.58 7
149.035 394.826 2
216.117 398.134 2
123.739 400.923 2
408.065 400.999 3
494.666 398.117 20
717.227 402.624 3
757.561 399.941 1
164.665 402.649 18
182.059 400.063 8
354.181 402.538 31
379.36 401.153 14
433.246 400.776 12
663.654 402.018 3
528.177 411.086 18
574.057 418.546 19
34.2544 440.475 2
10.5561 441.125 1
753.607 442.319 2
565.645 289.298 5
121.197 295.262 4
533.485 328.331 10
706.041 346.655 1
135.638 405.971 25
594.647 419.673 1
556.806 196.421 28
509.417 217.703 4
229.183 228.27 2
641.153 244.267 1
393.535 272.279 1
642.576 288.369 12
81.8848 333.575 7
621.726 332.525 6
92.2879 352.853 2
134.383 354.547 1
635.286 398.04 2
724.06 427.716 5
753.155 432.14 1
575.741 162.473 2
560.985 180.276 2
716.159 184.802 2
643.505 207.937 9
728.036 221.325 1
147.893 227.897 4
547.851 220.839 7
762.246 229.718 3
677.118 243.343 3
39.3891 248.5 1
83.3596 257.273 8
421.377 257.496 9
665.712 256.193 1
68.2091 264.215 2
358.671 266.018 3
488.188 258.831 8
593.732 260.392 9
276.017 299.83 1
233.324 323.875 1
765.511 330.343 1
292.778 343.188 1
427.468 342.007 6
667.504 349.674 5
606.772 358.067 2
692.672 359.987 4
482.082 369.158 4
335.559 391.745 7
281.001 398.692 5
675.125 409.1 4
750.321 407.517 1
481.721 413.504 14
530.967 416.923 1
618.516 420.826 10
221.151 424.454 1
494.194 440.956 1
687.242 449.061 1
308.855 347.123 2
736.702 141.942 2
130.256 207.257 1
209.526 213.829 2
398.226 266.834 2
719.287 347.724 1
547.984 355.914 1
751.841 178.398 3
594.831 225.727 1
433.372 282.793 3
584.728 299.569 8
355.511 299.119 4
620.551 378.053 2
222.444 399.581 1
305.874 408.445 1
335.147 408.049 2
427.899 408.092 1
478.159 410.617 3
691.836 420.951 1
615.768 430.346 1
150.545 466.748 1
509.082 469.873 1
129.054 406.749 3
399.955 250.285 2
315.713 274.743 1
704.403 274.907 1
492.991 435.703 1
633.168 190.29 5
168.453 209.022 6
163.531 211.47 1
554.752 218.357 2
674.25 222.826 4
153.085 233.807 2
601.933 233.411 2
506.929 245.482 4
142.779 249.967 1
599.248 270.509 1
727.23 270.51 1
144.439 271.118 1
518.595 278.456 4
42.6517 282.593 4
214.721 289.924 5
697.852 289.021 9
387.115 292.05 4
760.643 301.524 2
116.732 308.978 2
741.597 310.009 4
772.149 312.642 4
503.604 310.209 4
215.149 314.55 1
239.502 330.01 5
555.223 330.882 4
253.127 331.75 3
518.992 332.4 7
287.721 336.534 1
324.887 338.179 6
487.722 338.678 4
138.834 352.053 1
281.569 353.707 3
233.378 358.604 2
588.623 371.569 1
571.968 378.323 2
136.484 379.927 2
97.7592 383.396 7
68.7873 387.175 2
688.96 387.732 2
336.857 391.791 6
95.8989 416.646 6
110.683 419.055 2
770.235 134.141 6
638.056 211.96 6
431.888 214.52 3
668.969 224.457 3
137.176 242.138 3
190.807 244.705 2
761.732 244.646 3
168.193 250.603 1
60.972 268.182 1
376.428 277.386 4
21.3141 284.359 1
380.819 284.095 1
68.6738 285.114 3
375.778 295.421 2
67.1283 301.38 11
204 314.845 1
526.384 320.812 9
391.338 327.019 1
60.9099 345.482 1
76.3816 344.85 1
728.911 345.413 3
470.887 347.385 7
117.162 352.729 1
665.883 359.301 5
695.606 366.142 1
711.25 367.368 9
348.272 374.45 1
735.619 376.586 9
400.081 378.632 1
599.513 383.236 7
80.4715 387.344 2
109.632 395.425 6
697.856 398.108 2
725.116 397.19 1
732.103 398.891 4
98.9128 439.296 7
652.416 164.272 27
94.992 251.394 2
232.775 260.241 1
531.986 331.455 14
493.261 386.285 10
119.757 231.652 2
448.007 254.21 1
159.572 325.92 3
418.647 346.552 3
603.556 351.641 2
233.467 365.773 2
392.221 402.275 2
133.744 404.024 2
620.944 414.272 2
185.761 441.266 1
433.133 265.501 5
551.95 419.648 13
556.526 185.136 5
489.982 249.193 1
672.636 252.145 1
421.624 264.78 2
358.43 273.668 1
469.89 282.999 1
602.704 297.488 1
414.738 396.746 2
675.49 415.069 1
224.29 431.456 3
691.8 455.824 1
559.629 208.414 7
390.67 371.486 3
770.68 128.893 1
760.382 126.153 3
741.218 156.042 3
675.804 161.029 1
643.447 207.505 7
553.166 163.314 12
608.631 227.303 2
645.263 278.42 3
743.229 378.265 3
645.961 283.991 1
638.035 293.685 1
654.608 312.161 4
568.23 268.476 1
569.109 285.31 1
607.346 327.42 2
573.264 298.215 8
633.38 367.618 4
584.99 322.098 1
512.74 291.584 14
479.925 269.882 2
521.767 307.069 6
442.306 242.921 1
551.354 364.962 5
510.424 361.324 1
459.919 318.005 1
514.706 372.964 8
551.789 411.854 3
499.035 360.21 3
360.285 241.659 3
429.535 331.341 16
408.911 322.087 6
411.802 365.438 1
412.473 372.812 1
389.771 370.077 1
375.274 379.888 2
374.143 385.487 1
224.599 332.155 4
133.533 250.508 2
174.74 339.425 2
122.433 354.788 3
73.703 310.684 1
64.8987 308.895 2
123.465 370.705 13
84.2741 344.732 3
133.304 428.797 4
771.599 120.074 1
772.093 165.747 1
762.947 168.216 3
743.286 149.391 1
752.599 166.664 8
770.759 204.104 5
731.161 180.397 9
695.483 145.635 7
767.39 232.309 3
666.607 158.475 12
654.907 158.681 5
721.866 235.558 5
653.941 187.916 2
768.983 324.394 4
695.089 257.273 1
756.938 363.718 8
615.276 219.463 4
757.525 370.423 3
699.827 316.214 2
668.103 286.336 3
611.228 232.672 4
711.107 338.103 1
640.552 285.107 1
617.867 263.779 1
626.611 320.89 3
737.342 437.285 2
615.404 374.224 2
599.96 368.346 4
474.135 270.197 3
433.109 230.856 7
499.398 310.547 1
523.308 337.938 2
563.741 377.95 5
450.735 275.191 4
564.402 418.522 2
408.568 278.193 3
414.963 322.953 2
432.704 345.861 1
437.971 363.279 4
400.312 342.378 2
461.818 417.119 18
344.223 330.987 8
245.269 257.782 1
255.704 269.742 7
254.492 276.109 8
294.478 322.352 3
259.229 317.869 3
166.296 233.597 9
187.179 267.629 1
296.835 395.141 4
110.898 216.492 1
91.4631 238.155 4
141.9 299.582 1
166.832 324.009 3
124.232 286.033 2
79.2702 294.762 5
27.9678 272.154 2
186.731 431.114 2
49.6946 294.774 5
112.05 362.479 11
59.838 353.741 5
34.7184 398.396 1
597.895 258.41 1
550.129 332.608 1
429.475 392.837 2
678.92 172.325 2
663.026 165.591 2
530.419 134.648 6
539.951 160.569 1
611.161 243.851 11
664.612 441.418 1
643.635 428.321 3
452.652 271.296 1
486.986 402.779 2
472.163 433.128 5
441.124 420.294 22
232.551 245.569 2
211.477 413.077 8
179.698 440.099 1
111.606 402.949 1
63.014 369.876 2
558.904 236.839 5
457.642 259.05 4
487.476 392.059 4
550.89 186.219 7
680.171 453.769 1
609.709 419.451 3
519.544 419.155 2
352.807 277.242 2
477.399 446.714 1
326.075 396.842 1
214.129 431.968 1
575.892 282.882 3
619.139 182.713 1
180.484 363.04 1
579.477 232.901 2
418.57 298.101 1
698.943 332.474 1
686.747 336.73 1
635.728 427.764 1
576.106 268.479 4
572.451 321.732 2
569.552 143.756 2
568.044 242.473 3
550.767 296.773 6
535.931 377.417 2
527.216 261.403 1
458.837 275.018 2
366.505 396.87 1
312.154 364.483 1
286.072 371.702 1
209.148 366.723 2
147.909 360.945 3
34.209 332.718 3
766.848 264.122 1
733.335 171.543 5
730.949 320.961 1
724.206 261.536 6
722.285 200.14 2
715.944 308.907 2
695.442 158.403 4
692.016 332.128 5
689.892 377.313 2
682.564 268.888 1
663.305 374.862 4
652.191 286.82 1
636.268 406.116 6
628.147 180.231 2
617.594 240.717 2
615.13 247.236 2
594.623 351.085 5
584.494 407.208 5
586.041 348.307 3
570.705 223.04 2
571.275 301.956 2
565.202 139.069 4
542.516 114.722 4
532.891 242.156 2
533.293 278.032 2
521.455 237.963 3
506.431 353.763 1
499.999 338.273 1
475.719 351.279 2
461.938 347.181 1
446.967 402.101 8
445.819 418.106 2
435.567 262.265 1
428.292 304.017 3
371.166 336.625 1
350.161 356.166 11
339.886 310.231 2
298.972 387.772 1
199.739 335.881 3
190.274 389.919 13
178.517 353.679 2
171.777 307.44 3
170.279 272.767 2
152.322 356.331 3
116.79 372.218 1
66.2197 401.309 10
67.2411 239.985 1
57.8068 240.678 1
47.1016 415.058 3
40.5387 356.752 3
667.58 426.372 6
411.008 354.065 3
675.548 399.122 10
662.933 142.043 2
629.934 408.512 1
620.396 357.375 1
580.787 401.745 1
556.848 362.043 1
547.788 254.721 6
536.486 156.384 1
458.37 351.696 2
420.095 400.282 5
145.356 262.036 1
114.533 247.984 1
108.99 319.567 4
90.2591 314.124 1
668.236 176.465 4
664.116 428.6 1
655.373 263.68 3
523.725 394.12 1
613.307 301.699 1
601.006 422.499 8
520.196 163.206 1
477.659 440.895 1
439.619 432.531 2
352.534 269.744 2
130.944 290.632 3
635.706 165.089 2
337.619 305.535 1
735.385 349.754 1
592.029 382.845 1
654.748 235.425 2
461.704 410.882 2
461.264 387.507 1
438.26 396.431 1
442.436 313.717 1
559.641 158.827 1
574.26 130.999 4
359.147 334.89 1
302.411 371.517 1
257.846 326.17 7
102.397 448.142 1
772.09 424.276 2
771.433 327.691 1
764.23 309.752 1
749.914 305.84 1
732.918 274.508 3
701.654 302.353 2
614.198 385.738 1
582.003 412.022 3
673.881 313.059 2
655.048 319.441 3
742.675 222.524 1
677.264 275.454 2
761.67 171.41 1
658.578 272.745 3
770.513 145.329 1
648.128 267.034 4
656.581 230.447 1
459.912 423.775 7
648.837 232.045 4
656.946 216.927 3
717.105 151.204 1
659.275 177.127 1
535.144 293.415 1
581.427 228.025 1
687.642 119.606 6
538.585 200.858 15
450.234 292.611 4
545.479 144.272 1
409.731 270.963 1
304.565 352.095 3
539.709 102.731 7
529.239 114.808 5
323.839 306.522 1
273.613 342.22 3
276.451 323.298 7
230.862 342.264 1
205.063 252.29 4
118.559 321.576 4
104.681 274.535 9
27.834 341.263 2
27.1457 325.103 1
76.5034 255.828 2
132.646 194.403 1
37.5311 260.444 1
757.625 317.262 3
545.467 295.336 1
737.749 302.425 1
688.046 330.136 2
694.842 173.922 2
721.766 141.997 1
595.138 213.12 1
677.026 118.389 1
567.483 185.791 1
312.102 343.248 1
367.646 280.205 1
414.259 210.657 6
130.882 184.554 1
677.559 444.835 2
412.802 358.453 2
319.012 299.916 1
94.5729 402.602 1
114.451 291.901 1
636.135 389.955 1
674.907 202.525 2
662.783 172.348 1
649.068 130.354 3
502.736 208.111 1
454.079 244.238 3
385.474 255.564 3
321.269 258.781 2
298.085 278.052 1
116.329 202.138 1
316.732 398.932 2
282.846 260.338 1
532.199 234.203 4
588.281 236.353 2
233.562 288.472 1
498.815 328.871 1
89.3871 304.53 2
416.479 415.696 2
553.516 325.488 1
261.994 392.77 2
645.525 167.056 4
480.267 391.567 2
141.042 225.06 1
697.204 229.057 1
754.791 231.225 3
508.853 236.06 1
442.549 341.944 1
643.09 382.14 2
716.557 408.144 3
183.645 448.657 1
561.609 387.895 2
586.34 222.587 1
358.116 284.176 1
607.398 374.059 4
287.207 406.168 2
415.035 404.174 1
675.811 420.3 1
615.339 339.89 2
453.517 339.668 1
391.335 316.501 1
748.456 243.495 1
625.415 387.451 4
511.432 313.5 5
512.03 318.123 3
517.248 319.71 1
210.377 237.182 1
469.572 429.343 2
164.275 242.457 2
538.238 166.69 1
545.232 263.177 1
544.912 418.896 2
444.213 430.554 1
175.157 445.87 1
378.913 361.225 1
526.791 196.007 5
323.316 402.545 2
458.656 250.73 2
387.93 264.285 1
316.632 317.024 1
246.327 237.971 5
188.54 368.37 2
746.599 438.315 2
631.9 384.149 7
560.161 222.345 8
707.465 321.723 1
586.203 202.688 2
656.979 441.118 2
531.272 158.525 1
160.662 395.508 1
540.831 185.733 3
531.096 317.745 3
465.079 445.734 1
517.262 210.323 1
441.19 286.32 1
127.07 444.101 2
72.2373 396.483 2
703.599 419.083 1
593.504 301.554 1
442.983 280.26 1
88.9823 407.518 1
576.314 437.94 3
657.198 139.217 2
486.07 433.674 3
531.206 147.623 5
104.131 453.271 1
627.126 392.323 1
598.72 175.831 2
434.372 429.243 1
291.462 277.831 1
461.444 310.68 3
530.167 143.898 1
53.3258 357.357 2
57.9733 315.203 1
103.878 220.575 3
451.418 414.698 1
210.131 219.788 1
534.756 389.886 1
706.132 198.77 1
660.385 133.873 2
319.995 367.296 1
411.663 256.183 1
450.969 237.134 2
497.098 201.472 2
381.2 251.105 2
292.597 271.597 2
314.745 252.842 2
406.695 235.746 3
476.433 278.061 1
241.296 306.391 1
641.28 334.194 2
45.9549 311.073 1
128.919 364.721 1
249.269 395.088 7
745.587 402.711 4
735.72 230.328 3
755.19 233.995 1
207.771 243.691 6
525.513 242.879 1
717.597 413.225 1
183.858 453.978 1
134.461 459.641 1
192.089 397.184 1
673.126 196.217 2
423.937 212.334 1
326.929 329.908 1
423.898 293.927 1
663.406 201.787 1
756.43 280.965 2
714.421 284.457 1
561.632 271.525 1
753.793 373.151 1
400.783 414.722 2
270.628 389.691 2
724.081 228.976 3
538.051 177.868 1
512.165 240.516 1
661.733 451.683 1
74.302 249.833 1
361.066 400.136 1
98.1634 326.076 1
205.922 429.637 1
175.635 451.97 1
618.578 198.364 4
573.8 289.768 1
543.303 362.488 1
116.97 365.853 1
537.987 417.806 1
82.5151 212.432 1
136.897 337.172 1
655.575 298.96 1
528.48 168.911 1
652.367 447.199 1
364.736 291.56 1
151.17 408.273 2
537.723 206.76 2
576.388 217.262 1
595.138 430.126 1
475.531 418.361 1
312.902 406.003 1
265.974 406.378 1
640.206 265.981 1
625.658 378.612 2
108.575 437.887 1
126.456 198.96 5
662.311 268.243 1
513.187 389.695 2
650.484 143.453 1
522.352 158.05 1
513.489 411.288 1
264.026 399.59 1
139.448 441.964 1
88.949 450.311 1
710.138 328.648 1
692.185 369.982 3
648.089 138.752 1
549.473 196.36 1
518.878 148.794 2
430.408 418.317 2
661.68 325.859 1
357.465 318.429 1
268.513 330.616 5
200.129 354.913 1
651.996 383.16 2
507.285 347.329 1
615.458 177.957 1
459.34 243.582 1
520.765 140.72 2
390.214 246.623 3
534.034 182.12 1
484.892 195.338 3
281.467 267.519 1
689.099 399.151 2
678.496 325.627 1
495.674 369.809 1
640.403 168.594 1
561.955 106.262 1
56.0155 466.947 1
643.819 230.737 2
720.175 134.105 1
622.045 172.59 1
660.397 126.561 1
380.583 242.94 1
290.23 262.098 1
314.741 241.988 2
778.498 147.388 2
771.061 306.596 1
547.938 169.565 2
735.485 238.085 1
754.042 243.845 1
188.307 401.867 1
524.252 326.567 2
63.3108 450.452 1
197.305 250.977 1
361.681 408.278 3
652.812 203.581 2
112.067 333.662 1
524.65 191.142 1
155.923 238.544 1
256.309 242.49 1
470.644 401.536 3
169.499 428.101 1
612.806 193 1
650.859 300.788 1
172.531 433.038 1
517.567 176.068 1
323.688 313.324 1
341.059 397.843 1
571.56 434.872 2
300.44 402.484 1
125.096 192.102 1
180.042 425.889 5
511.2 163.129 1
557.879 442.061 1
267.186 393.35 1
228.482 415.756 1
441.917 261.864 1
640.512 434.278 1
481.123 430.068 1
506.282 151.809 2
476.972 399.859 2
424.105 419.257 1
400.116 430.913 1
577.697 157.355 1
506.117 139.832 1
313.098 262.58 1
534.976 99.1402 1
360.002 293.874 1
630.813 422.39 1
608.116 173.374 1
360.208 238.087 1
666.121 124.487 3
570.662 180.286 1
525.551 127.43 2
614.268 168.899 1
337.499 357.734 2
457.725 233.387 1
324.836 251.092 1
757.024 290.846 3
128.592 437.199 1
52.0709 350.263 2
672.253 123.108 1
463.433 232.884 1
305.912 270.35 2
567.557 176.252 1
331.374 249.074 1
77.6786 209.162 1
351.126 290.419 4
782.806 380.204 1
164.794 450.886 1
55.2632 298 1
712.079 227.337 3
151.13 445.484 2
657.585 380.68 1
748.433 262.193 1
153.683 339.623 1
205.877 423.589 1
362.423 313.343 1
706.105 224.315 1
576.71 128.633 2
507.181 186.219 1
119.587 197.479 1
242.096 393.11 1
496.106 177.061 1
506.231 417.751 1
258.155 397.742 1
523.366 151.456 1
119.975 192.137 1
491.478 163.778 1
656.324 331.116 1
391.683 242.99 1
366.123 336.148 1
411.948 418.535 1
306.65 257.317 1
541.695 191.434 1
489.559 199.969 1
451.612 225.165 1
298.292 263.594 1
325.323 242.874 1
690.47 406.998 1
147.864 166.365 1
154.275 168.681 1
100.622 190.248 1
778.311 199.469 1
154.286 450.138 1
513.46 157.177 1
584.72 139.761 2
613.528 436.071 1
508.32 145.978 1
388.301 417.757 1
473.138 423.519 1
513.473 126.481 4
513.773 136.393 2
569.912 387.359 1
301.46 243.811 1
661.992 301.995 1
636.522 221.034 1
519.739 201.609 1
343.897 299.827 1
683.111 306.012 1
575.104 173.777 1
