2472 33525
458.618 65.1278 1
460.509 87.3526 94
415.712 100.192 67
467.494 105.265 96
441.269 104.641 71
468.065 103.175 9
457.449 112.007 47
439.076 120.887 43
470.903 119.594 75
505.409 119.044 145
447.916 116.499 4
471.804 124.243 15
410.536 122.013 81
440.768 121.719 4
460.29 124.15 13
406.774 126.071 2
448.305 126.441 7
490.025 137.903 125
500.013 137.506 1
507.545 138.397 2
579.605 136.717 40
63.5706 137.911 21
463.255 149.167 85
611.594 144.845 106
603.77 142.805 84
83.6681 144.704 68
602.713 146.409 1
502.698 146.081 32
574.384 150.807 10
216.111 157.146 104
437.574 141.184 30
625.436 148.412 41
407.661 153.186 44
484.336 160.037 162
367.922 154.469 7
393.771 159.474 105
476.883 154.739 1
99.1226 155.688 29
318.783 156.26 51
329.059 155.112 8
352.705 154.709 33
70.153 156.714 71
204.454 156.752 4
468.279 163.1 62
57.1814 166.411 54
283.059 158.07 3
52.0237 160.277 1
275.345 159.733 1
268.436 160.822 1
423.313 157.618 57
460.481 165.311 83
594.928 160.869 84
577.872 162.746 43
51.3121 165.246 1
237.699 164.998 15
562.669 167.447 13
678.91 167.261 59
643.798 165.005 35
652.362 167.009 20
661.349 165.678 16
731.331 166.681 2
387.465 165.137 8
486.112 172.155 13
632.437 174.266 102
712.752 165.13 25
706.541 173.777 10
355.203 168.884 22
468.493 165.729 13
544.066 170.52 66
694.931 168.785 7
611.022 173.151 44
685.616 172.228 18
76.1705 179.299 39
56.9521 178.56 33
530.19 177.19 63
507.535 183.532 101
711.68 174.586 19
718.32 173.304 4
724.68 177.294 11
121.287 179.174 82
132.375 177.692 18
694.053 178.623 51
20.1168 179.012 7
27.639 179.051 7
581.778 188.079 87
11.9659 180.845 2
742.247 180.645 1
91.8725 181.473 13
196.017 179.527 93
306.421 179.423 57
186.825 182.256 1
467.946 181.472 64
483.059 190.591 97
600.588 179.287 22
335.853 178.719 77
419.32 182.262 68
677.879 187.814 85
694.717 182.851 1
239.455 188.314 132
50.2264 190.912 46
518.655 189.409 64
288.301 187.324 6
486.63 189.905 16
392.055 192.654 90
70.3859 188.872 38
249.502 187.159 31
452.184 194.962 157
678.346 189.481 19
716.321 192.444 11
199.84 189.018 45
302.987 200.189 88
321.948 196.497 80
622.091 193.62 83
538.362 191.739 68
177.913 193.432 58
314.761 192.052 9
430.58 204.929 79
442.553 193.308 1
377.695 199.015 100
512.228 203.852 71
356.326 197.467 103
560.269 188.751 91
601.932 200.805 117
291.214 195.157 18
486.59 194.698 5
549.361 199.885 70
201.592 196.749 2
281.534 196.239 118
571.23 197.841 60
700.571 202.669 35
62.5682 202.314 38
78.5379 199.833 27
474.377 205.262 119
721.668 202.206 5
187.815 205.763 19
490.24 204.046 33
695.733 198.172 13
366.71 197.703 6
737.657 199.661 2
106.923 205.559 83
418.813 206.012 126
660.897 199.338 81
670.323 199.441 30
432.176 201.37 4
645.451 196.334 35
652.238 200.473 4
91.5883 203.977 38
227.689 207.9 127
364.012 205.659 7
401.689 200.761 12
619.397 210.565 62
171.15 203.901 31
634.043 196.957 35
142.682 204.826 135
241.49 211.102 76
197.626 206.192 33
735.304 204.667 1
284.645 215.546 66
567.064 206.594 10
273.074 206.315 23
44.6396 207.868 7
52.4389 215.37 81
77.1726 215.31 39
307.323 216.061 24
589.786 210.38 19
219.014 217.424 204
258.447 204.612 56
620.109 216.368 9
196.01 215.457 8
228.827 207.199 7
352.32 222.379 101
394.118 216.296 50
414.04 214.705 100
445.665 215.098 108
459.937 211.497 35
172.052 219.99 93
565.493 219.138 95
161.433 216.348 23
642.398 218.192 161
129.698 213.504 60
292.606 217.67 21
285.036 228.283 65
299.553 214.572 1
432.914 225.868 48
448.523 216.039 8
207.253 219.06 15
213.292 235.082 44
322.068 217.218 30
624.946 221.285 58
77.2903 217.489 2
93.8682 223.457 73
663.342 222.99 113
681.81 213.353 43
736.024 217.321 2
196.44 221.109 19
455.127 218.54 10
621.814 212.806 22
727.358 218.118 16
43.9236 220.114 14
250.794 217.792 14
275.08 219.575 16
283.892 219.231 3
348.362 216.242 19
712.167 226.165 26
267.185 219.944 1
316.587 227.058 82
391.724 224.418 41
706.336 219.594 13
182.447 217.346 24
68.7606 225.537 80
65.1166 222.384 1
77.7161 224.752 36
521.706 217.855 42
156.763 228.422 21
465.797 235.958 122
359.918 238.836 130
456.638 224.289 3
583.083 232.507 104
392.132 226.309 1
406.226 225.252 8
416.086 231.344 44
442.599 225.883 3
589.693 229.275 14
251.673 231.568 123
437.46 241.169 67
437.299 234.562 4
447.987 231.377 17
469.289 229.757 2
521.544 236.807 10
620.463 234.4 11
693.95 227.534 64
492.943 237.083 79
542.032 230.456 63
188.638 235.213 82
495.813 239.569 31
688.305 232.924 1
718.17 233.084 25
740.881 233.465 1
239.542 237.689 25
703.553 234.078 3
350.328 235.233 1
635.499 240.484 21
449.817 234.37 18
508.698 237.622 40
522.488 239.16 7
262.198 241.353 25
595.721 240.147 9
175.046 241.235 10
606.632 232.372 65
282.107 253.248 82
351.926 247.352 34
430.341 240.93 12
632.73 250.658 45
591.813 243.281 1
226.15 246.688 56
619.056 250.837 55
644.19 241.642 12
196.605 247.31 84
474.795 250.681 125
208.772 254.032 43
317.582 244.943 92
510.488 260.587 107
671.875 239.414 51
242.642 253.908 99
289.223 242.825 27
497.072 253.093 14
577.559 256.568 141
270.826 242.732 24
271.57 245.292 6
589.747 261.273 31
218.564 259.818 49
520.22 248.856 58
572.807 251.698 2
228.886 251.677 33
233.566 252.608 1
429.03 255.845 73
673.554 252.638 19
306.291 251.15 47
380.034 253.593 15
503.181 253.222 1
468.95 253.712 2
546.47 261.049 116
555.916 254.511 6
475.68 255.818 1
613.569 257.44 11
181.506 256.655 46
195.483 259.33 20
567.416 266.03 31
275.806 258.032 3
328.054 257.357 45
687.626 260.999 28
742.822 259.88 1
420.865 262.794 67
589.921 260.822 5
275.193 267.276 40
547.118 270.507 15
608.491 267.219 47
626.037 260.282 60
601.942 260.663 11
394.853 270.785 50
393.861 272.166 60
462.224 263.36 30
291.165 261.71 26
304.354 264.153 39
527.913 264.305 30
420.973 266.691 1
569.952 270.944 53
59.3871 273.069 29
587.574 268.967 23
337.5 271.783 47
727.016 269.147 8
321.824 272.444 14
493.99 275.363 115
568.374 267.867 15
28.9227 279.899 18
363.763 273.863 60
546.016 270.403 21
393.965 277.385 12
716.156 271.615 19
736.977 273.51 2
521.126 273.584 37
72.8861 274.683 47
292.555 290.892 106
516.935 275.153 1
698.675 274.293 15
542.542 277.741 15
114.725 285.003 158
430.019 278.994 85
642.056 282.576 60
647.601 276.932 1
664.944 279.622 25
126.624 273.949 37
481.41 292.339 163
25.1428 279.735 2
386.662 280.123 3
448.348 278.805 74
593.829 286.97 149
374.706 285.244 23
443.152 284.213 5
569.598 288.327 106
585.755 281.601 13
552.739 288.493 27
630.431 276.519 10
505.174 293.585 119
673.938 283.461 22
9.94497 285.619 1
33.0485 288.609 23
340.411 282.581 12
542.723 290.707 91
481.873 291.879 5
457.887 300.931 129
491.95 287.573 1
586.652 291.522 20
738.289 287.543 4
466.261 288.68 19
475.139 288.545 3
297.344 289.519 3
442.293 289.922 2
447.911 289.604 1
315.805 294.115 22
542.778 291.291 2
623.741 290.511 14
263.635 290.54 55
288.049 298.907 15
571.009 297.21 35
684.099 292.327 62
642.836 295.374 42
675.944 293.06 6
514.587 300.563 15
558.687 295.393 31
584.095 300.485 20
432.117 300.668 49
475.951 296.066 3
726.526 294.273 6
618.427 297.502 64
606.817 302.778 49
339.679 298.236 55
451.758 300.424 11
507.199 298.374 1
543.395 300.801 14
96.2978 302.626 46
483.592 295.548 6
412.765 306.9 149
515.277 300.598 1
526.373 299.467 33
56.4422 306.482 12
575.637 305.069 13
732.453 299.921 7
474.658 309.295 34
485.791 311.633 24
595.774 304.704 26
291.422 303.572 37
118.012 304.475 39
97.1435 304.905 3
420.725 322.035 18
435.736 305.036 6
519.929 312.94 11
718.396 305.819 20
510.711 316.185 54
550.467 312.045 28
319.727 308.536 45
325.382 310.991 9
294.492 310.221 1
370.768 308.95 108
408.642 311.731 1
445.194 311.466 24
136.675 312.935 14
484.602 317.101 19
507.721 313.07 3
575.491 317.737 113
693.458 311.946 13
548.183 320.22 69
706.107 310.879 22
307.183 316.297 10
344.674 315.007 55
470.819 321.28 52
621.059 315.49 80
450.291 323.008 40
160.802 322.606 32
181.679 328.906 225
298.36 318.619 25
191.926 317.704 33
434.938 321.122 59
571.503 321.487 3
97.5764 323.365 36
263.164 319.718 38
551.919 328.361 16
294.143 324.447 1
485.266 332.348 48
60.8625 321.522 81
73.8428 325.67 37
160.811 331.977 55
63.4319 327.995 5
80.6951 329.294 2
311.714 338.699 158
443.66 339.079 16
249.841 328.367 14
385.449 331.091 69
36.5973 333.382 73
225.648 328.753 39
238.01 330.014 17
51.9752 330.918 8
557.554 332.113 50
129.927 330.158 52
384.514 332.386 7
177.525 335.659 5
321.068 340.984 33
577.766 335.044 18
23.962 335.433 4
494.086 333.24 33
515.602 342.851 97
465.007 334.779 28
515.565 346.103 23
151.228 339.299 65
177.13 337.796 2
460.394 337.96 11
574.115 338.265 1
86.8676 339.901 52
404.58 339.152 62
604.328 336.657 103
56.8459 337.662 34
65.7287 344.959 38
248.4 339.892 102
377.359 345.774 104
419.211 341.056 4
564.18 344.251 17
144.592 341.078 5
333.097 347.289 121
451.842 342.569 41
156.569 343.621 3
476.247 350.28 84
268.107 353.442 48
311.71 344.816 3
445.253 345.307 3
48.096 346.005 24
514.074 353.04 9
554.449 347.842 18
713.737 350.548 10
58.4176 348.05 3
582.151 347.649 56
96.022 350.139 61
128.821 354.494 116
312.252 356.385 27
608.057 362.309 46
188.681 357.707 44
391.769 348.476 25
432.245 359.94 58
446.127 355.384 22
168.806 357.548 52
231.916 353.176 58
363.144 354.435 32
574.779 363.346 44
76.5099 351.296 38
455.629 363.619 71
535.845 354.73 29
110.448 352.128 34
145.307 352.972 43
475.404 362.303 43
100.452 359.925 34
152.69 356.779 12
33.7931 363.371 11
249.809 363.298 37
209.684 356.505 99
312.156 358.247 4
384.475 364.036 66
396.468 366.782 79
420.962 355.793 48
453.602 364.179 29
234.905 369.254 78
292.399 359.685 56
410.756 371.816 53
50.3221 364.494 47
56.7412 367.224 7
100.484 372.057 51
290.127 367.391 32
354.88 371.027 16
401.522 367.828 16
568.467 375.42 73
593.175 371.167 64
436.279 372.947 55
448.935 370.437 9
597.268 376.372 13
507.686 376.255 61
635.193 373.219 100
314.605 376.471 62
706.666 371.932 55
295.414 379.402 45
423.706 372.914 31
485.43 379.404 50
718.646 373.96 9
411.895 374.811 15
367.76 375.107 74
598.252 379.612 45
458.587 376.744 32
476.056 375.15 23
528.82 381.872 77
506.848 378.995 35
549.739 382.321 54
700.833 378.796 3
513.002 376.861 16
627.775 378.444 15
496.358 386.529 42
536.717 380.174 8
396.139 385.42 57
569.667 382.822 10
597.416 383.66 1
371.77 384.85 49
464.686 383.475 89
580.195 383.37 19
655.014 382.488 38
387.424 385.318 1
527.098 386.203 1
380.521 380.087 9
639.46 385.969 9
639.72 393.187 8
58.6588 387.311 7
172.309 387.594 66
43.8124 388.471 7
65.2345 388.005 14
183.041 387.878 8
24.6493 389.704 1
33.5282 394.293 12
233.054 387.951 9
517.777 388.546 20
702.962 390.598 11
290.745 390.958 11
326.13 391.119 26
466.734 392.257 12
743.255 393.31 1
235.948 400.766 26
173.403 397.035 20
317.08 398.357 13
586.606 397.493 19
559.941 399.161 7
332.219 402.535 48
503.485 407.335 9
505.063 406.812 4
511.94 406.859 5
558.076 410.033 28
602.065 409.52 45
58.8645 414.483 2
742.883 415.411 1
742.983 421.73 1
57.9935 437.888 13
466.097 72.2962 10
480.231 92.3096 12
451.228 97.0965 18
457.451 94.51 1
472.175 92.583 14
454.019 100.127 7
462.807 97.0191 5
508.68 101.437 44
472.252 104.701 1
507.483 107.18 2
457.795 112.76 14
414.908 109.719 3
435.801 114.411 1
571.723 119.522 49
578.27 118.314 22
527.932 119.149 30
489.572 121.73 26
543.623 121.203 20
523.157 119.383 6
415.602 125.041 1
432.255 134.128 44
488.228 125.764 1
428.884 132.965 8
457.676 132.28 7
590.482 134.804 1
414.18 137.153 13
574.738 137.449 5
465.608 140.272 3
429.185 142.271 9
414.859 143.854 17
428.478 141.927 10
529.569 141.985 19
452.674 145.477 5
534.04 144.873 1
404.433 145.792 2
594.469 146.505 14
555.482 149.164 6
469.515 149.305 5
470.772 150.659 2
92.5408 150.953 1
595.208 154.392 15
665.101 152.048 15
416.676 152.051 3
448.667 150.161 5
583.257 152.041 9
634.373 155.535 5
603.882 155.602 3
465.835 156.778 1
498.534 160.998 15
512.412 161.479 36
404.897 166.978 53
382.577 163.171 6
608.393 162.174 13
305.068 164.943 42
87.7249 162.996 60
91.9207 161.987 1
286.613 162.244 1
622.314 162.159 1
63.4118 163.018 15
217.197 162.528 4
232.458 165.9 36
76.7658 165.721 9
259.805 161.201 23
69.7479 166.42 10
87.8232 169.749 10
100.558 183.107 38
722.953 165.582 8
208.823 176.134 19
233.729 170.524 2
605.099 170.821 2
738.06 174.079 4
398.962 171.511 2
405.664 183.738 23
413.988 172.604 7
420.388 172.217 5
479.007 171.972 1
168.163 176.14 62
183.898 173.759 7
190.714 170.211 29
217.984 171.542 5
331.458 172.706 9
344.075 172.698 4
308.768 173.792 1
314.963 173.539 6
458.178 173.684 5
467.872 173.611 1
658.109 174.13 34
493.622 182.236 28
602.016 175.956 1
610.696 179.931 4
643.073 174.458 3
101.423 186.109 49
472.638 177.299 1
593.845 180.228 16
564.724 173.051 13
217.748 180.285 10
250.583 178.96 6
398.311 178.778 1
537.351 180.914 9
550.733 176.015 29
82.3917 180.125 11
243.034 179.789 5
426.55 179.687 6
113.225 180.85 12
531.576 180.948 1
658.145 182.042 11
65.3362 178.868 5
232.494 181.891 2
302.416 185.896 3
365.044 178.235 43
632.085 182.702 15
647.568 186.181 18
491.508 182.597 2
31.125 183.479 2
283.14 176.826 17
433.758 183.212 6
16.8661 184.086 1
181.261 186.25 10
202.526 184.443 1
7.3245 185.057 1
100.879 187.557 6
160.825 180.66 57
191.422 186.289 3
738.863 185.165 1
607.311 187.248 8
730.724 186.338 2
271.42 187.007 6
381.518 187.255 2
478.535 186.564 3
598.004 186.977 5
132.672 192.184 33
146.873 190.76 15
405.621 187.366 2
585.243 190.044 14
54.2257 188.881 1
237.311 188.515 4
358.277 189.27 4
399.183 190.616 21
460.895 189.293 8
471.84 190.089 4
672.391 188.203 1
652.844 189.671 1
112.851 190.535 2
214.19 189.905 7
516.806 190.338 2
562.21 184.622 4
646.667 188.673 1
499.01 191.383 5
525.344 190.997 4
546.779 191.144 2
581.64 189.826 7
166.684 193.509 3
255.007 195.426 9
349.345 193.403 3
320.711 194.234 3
330.633 192.618 14
674.347 194.026 1
78.5492 192.298 5
290.386 194.775 2
341.218 195.288 9
366.735 194.818 2
665.572 195.457 1
91.1667 195.486 19
266.616 193.988 8
492.66 196.221 1
588.99 196.245 11
54.2564 196.738 5
70.2472 196.915 3
190.886 198.969 18
318.381 199.938 19
566.468 197.424 1
627.779 197.547 2
407.003 198.146 9
445.109 198.625 1
221.029 197.246 6
534.491 203.314 26
559.406 201.163 5
593.723 200.306 8
599.3 201.542 2
182.64 205.856 9
437.572 203.51 1
136.518 204.086 3
713.622 205.475 4
75.2428 205.278 9
97.9441 205.549 17
124.046 204.821 2
157.66 205.669 8
638.731 206.104 1
659.059 206.233 5
111.681 207.789 10
426.722 206.289 2
523.561 206.79 26
622.235 206.921 4
648.535 206.765 2
374.562 207.313 8
540.019 207.137 2
599.334 207.796 2
729.895 207.432 1
177.579 209.442 10
149.821 211.335 21
402.326 210.152 6
572.386 213.986 16
582.516 212.489 15
250.112 210.656 1
741.511 210.329 2
70.802 213.002 3
85.7845 213.021 4
462.977 212.643 11
306.432 214.415 6
423.936 213.513 2
670.636 215.648 15
160.616 215.894 3
397.608 217.935 5
502.294 217.083 7
522.126 216.345 5
145.857 225.539 20
312.774 216.677 1
409.585 216.573 3
122.08 219.488 22
607.651 220.748 9
743.355 217.257 1
584.982 218.741 4
371.333 222.142 7
496.588 219.487 2
634.892 225.668 11
70.1773 219.848 2
578.946 220.139 1
95.0861 222.869 19
279.599 229.137 32
507.696 224.924 8
557.277 227.806 12
567.131 224.938 13
711.317 224.05 3
53.8705 224.556 3
335.234 220.792 62
400.841 224.199 1
252.67 225.12 1
517.011 225.461 5
685.243 225.425 2
182.618 226.864 7
631.796 225.848 2
24.0677 227.598 1
116.259 230.173 56
147.01 228.12 19
197.022 228.316 23
211.399 226.889 1
594.942 227.236 6
607.19 227.689 12
8.41253 228.38 1
238.262 228.422 2
463.224 228.672 3
542.821 227.381 4
196.637 231.224 12
337.408 230.556 8
167.371 230.623 15
529.538 229.692 15
562.496 230.266 5
677.608 229.449 14
356.425 230.944 1
399.308 235.018 24
411.631 231.409 14
129.157 234.883 11
537.265 231.081 1
506.622 233.085 9
151.154 233.365 2
250.519 237.56 31
311.501 234.336 13
465.641 235.301 8
612.264 234.76 3
482.174 235.397 8
619.569 235.357 4
319.555 236.616 1
530.871 242.592 46
674.875 236.985 11
707.46 240.213 8
552.917 239.16 16
716.48 239.097 4
729.398 238.144 2
743.163 238.044 1
225.346 241.036 1
426.341 240.552 5
344.422 242.037 3
142.695 243.228 20
610.752 243.755 6
362.141 245.959 52
275.661 245.232 1
500.511 244.879 1
532.279 244.583 3
441.582 247.711 18
489.33 245.978 5
725.465 245.987 2
443.414 247.056 1
599.394 247.69 26
393.671 248.244 7
429.675 247.72 5
553.758 248.417 6
627.319 249.169 6
640.884 252.89 4
730.717 249.965 3
683.41 249.99 23
240.881 256.105 7
540.29 252.235 5
609.664 251.942 5
44.8827 254.336 18
153.541 254.52 18
176.56 253.493 3
354.318 256.704 23
454.668 249.988 12
199.134 258.166 24
297.765 252.88 11
434.872 254.405 1
568.09 254.073 1
600.467 254.771 5
692.313 254.462 12
291.011 254.912 11
208.211 256.246 24
257.169 259.072 16
166.418 261.882 17
230.127 256.603 2
50.1608 257.447 3
311.918 258.838 13
370.919 258.577 20
320.448 258.119 1
339.049 257.001 6
425.822 258.443 1
464.589 258.756 1
481.749 259.126 23
381.32 260.778 3
556.401 260.496 5
439.214 262.303 7
209.578 262.974 5
615.555 261.822 2
322.784 263.615 4
562.643 262.565 1
335.878 264.237 1
60.6243 264.709 1
85.4278 266.745 10
96.7692 266.255 4
315.577 264.803 2
107.648 270.445 12
592.598 266.063 1
476.633 266.272 6
606.604 266.995 2
296.619 268.505 1
536.481 265.574 9
464.515 269.122 12
732.094 269.194 1
739.331 268.414 1
417.397 275.182 5
597.416 270.984 2
357.17 271.974 38
400.802 272.52 14
17.304 273.003 1
721.473 273.194 4
706.499 278.127 31
314.787 275.471 5
53.8669 280.107 28
124.372 276.392 2
331.897 276.579 12
588.917 276.915 4
95.6615 276.485 10
417.719 276.263 1
564.964 277.658 2
606.43 278.041 12
727.616 277.521 5
306.641 278.52 4
520.924 280.258 6
675.75 278.533 12
549.557 278.701 6
579.179 278.847 2
692.333 278.505 24
702.4 279.076 2
716.93 281.964 11
33.6464 279.947 1
181.658 277.045 46
197.629 286.312 19
274.251 280.07 4
285.311 283.967 7
507.596 274.48 24
102.571 280.902 4
337.015 280.969 2
405.56 286.014 34
84.5466 283.264 18
301.281 281.327 8
484.966 281.721 2
642.649 284.394 5
681.473 282.213 11
128.977 282.729 3
318.801 282.411 8
473.535 282.576 3
527.249 285.878 14
365.199 289.268 12
460.206 280.348 13
612.104 286.433 20
120.41 286.947 20
345.633 284.866 5
594.902 286.844 4
651.211 289.735 11
97.7901 286.197 3
391.042 287.447 27
568.137 286.484 3
75.3285 287.406 7
672.642 287.513 2
679.872 287.034 2
716.172 287.794 8
87.0806 290.166 5
174.581 288.379 1
270.951 285.999 5
356.2 288.194 27
598.892 288.267 1
307.573 291.148 3
419.616 288.602 12
40.633 290.132 4
54.423 290.565 7
189.348 288.954 5
532.714 290.073 3
725.314 286.622 4
613.274 287.504 7
80.1328 291.884 6
342.173 292.353 6
481.041 291.911 1
495.827 292.247 3
606.914 291.541 2
96.083 292.216 6
470.176 292.581 2
110.513 291.588 9
130.939 292.999 2
700.768 294.404 14
303.049 295.63 24
521.43 293.966 5
199.635 298.023 31
311.275 296.681 2
441.365 297.128 30
547.199 295.226 5
220.404 296.683 8
322.332 296.785 36
718.653 295.832 4
82.5744 296.922 2
249.795 300.975 23
260.025 299.57 10
463.918 298.583 1
26.4145 299.861 2
646.649 299.647 1
107.235 299.498 9
248.651 302.03 6
312.903 302.264 3
367.923 302.494 6
374.895 302.213 2
569.539 303.129 3
605.99 302.261 2
124.319 303.672 1
303.598 303.983 4
549.019 302.741 3
556.433 303.998 2
392.808 310.338 34
509.899 303.909 1
518.989 304.375 2
633.535 305.228 20
484.83 305.296 3
614.677 305.188 6
700.767 304.132 3
135.515 305.567 2
64.2971 306.421 6
428.693 307.744 5
587.354 311.675 26
354.832 307.871 2
533.974 312.264 6
693.398 308.197 1
457.92 311.826 8
723.874 313.149 8
91.7251 311.62 11
119.49 312.566 15
575.042 311.114 1
606.087 311.222 1
499.649 312.401 1
672.003 312.355 6
305.748 313.256 2
580.21 313.379 1
595.567 315.071 11
491.282 313.248 12
8.96687 314.391 1
330.152 315.008 3
434.559 315.89 3
207.842 316.44 50
240.127 317.017 15
73.0964 319.746 3
130.998 316.456 2
406.486 319.421 16
716.809 315.865 3
116.387 317.755 2
353.13 315.785 4
463.863 317.371 11
156.318 318.73 7
240.326 316.979 8
599.807 326.507 7
214.663 324.263 18
696.634 323.088 24
729.901 322.03 1
128.448 325.387 16
332.955 321.991 24
446.157 321.668 4
80.2629 323.861 1
189.522 324.527 7
498.277 324.039 9
707.095 323.404 2
117.247 325.392 24
590.155 325.508 5
567.09 328.179 14
98.1737 327.051 2
134.744 327.739 1
335.209 327.535 2
392.109 326.351 24
493.034 327.253 1
159.333 328.611 1
470.682 329.016 1
723.635 329.687 5
381.058 331.169 6
46.796 332.261 1
56.8365 333.964 1
564.562 333.523 2
247.781 338.271 12
604.823 337.998 16
111.927 340.935 7
302.339 338.216 4
374.548 336.901 1
380.73 336.887 1
131.344 338.04 1
164.697 339.827 34
236.965 337.735 4
267.085 338.497 10
417.649 339.385 1
432.036 338.787 14
699.869 338.75 5
6.22034 339.933 1
46.7625 339.808 3
483.481 343.243 18
488.491 340.22 6
545.32 343.475 8
692.965 341.856 4
497.744 345.123 24
522.434 341.476 7
534.521 344.449 11
585.686 341.232 1
62.7474 342.581 4
167.117 342.636 1
390.66 342.747 3
576.312 343.646 2
401.305 345.171 26
553.115 344.776 9
683.995 348.921 20
426.077 345.728 4
37.1982 351.374 18
259.174 346.576 1
721.985 346.674 3
102.344 347.529 9
117.485 347.028 12
135.86 347.802 10
205.488 349.411 20
357.953 346.011 11
734.994 348.3 1
74.0692 348.766 5
123.287 348.341 2
494.222 353.029 14
632.198 350.087 10
51.1824 351.687 10
241.928 351.249 12
248.086 351.128 1
400.265 352.581 7
577.199 351.517 1
693.107 354.267 5
64.2622 349.658 3
107.958 352.376 2
141.525 352.377 2
587.976 354.233 11
622.72 352.845 3
267.919 355.243 31
345.017 353.935 4
382.632 354.572 17
527.726 353.95 3
684.525 354.579 1
58.4307 354.862 4
474.759 360.397 20
95.2592 356.026 5
120.745 359.229 21
147.12 356.145 1
182.984 356.19 3
652.727 355.938 5
167.562 358.863 36
418.087 356.355 6
83.5433 360.366 8
188.619 357.42 1
580.897 358.598 8
328.395 360.526 19
44.4799 360.128 8
285.456 359.519 3
501.257 359.585 9
13.3576 360.646 1
22.49 360.175 1
164.199 361.941 7
274.804 362.051 21
305.633 361.637 16
563.548 360.476 8
69.6074 367.709 28
507.82 361.76 4
554.601 361.382 31
32.7225 362.049 6
241.275 362.867 12
404.929 363.236 2
386.61 364.141 8
422.299 363.561 5
614.492 364.053 1
177.575 367.584 10
311.978 364.913 6
473.439 365.121 5
516.989 365.352 6
709.518 365.146 4
607.819 368.108 13
376.729 367.584 11
224.096 376.234 41
561.297 368.615 4
727.903 368.979 1
467.685 370.849 13
344.329 370.398 6
183.173 373.789 17
266.505 373.419 27
273.118 372.377 5
391.335 371.797 3
76.5629 372.383 4
137.628 369.169 10
148.784 373.239 14
283.451 371.716 1
384.57 372.048 4
483.29 371.1 3
321.07 373.166 17
529.332 372.826 2
602.086 373.187 9
696.775 372.942 1
474.596 374.063 3
314.95 374.846 2
581.483 377.477 23
616.219 375.407 8
651.655 377.399 8
432.385 380.738 4
341.31 383.448 44
722.395 382.859 7
237.242 378.28 13
321.884 378.833 7
463.694 380.551 2
281.641 382.356 29
227.531 382.549 3
517.047 383.189 1
574.089 393.106 17
481.292 391.307 25
493.926 395.502 24
508.774 386.606 12
625.245 385.255 7
533.602 386.839 15
562.661 386.885 9
667.148 386.583 4
676.189 386.364 3
189.059 395.465 35
221.483 390.764 6
471.427 390.497 1
629.634 392.281 12
658.936 392.08 4
691.395 391.09 1
166.811 395.766 35
176.096 391.9 4
249.143 394.276 77
373.363 393.273 24
649.776 392.984 4
718.068 392.611 3
72.9553 392.957 7
447.423 393.022 19
330.36 398.582 10
457.486 397.113 13
295.016 398.786 30
347.7 404.598 29
476.356 402.572 20
509.05 397.2 2
195.269 399.242 3
169.329 404.473 16
181.458 401.339 5
261.985 405.363 24
491.194 403.894 12
464.307 404.146 7
7.73504 401.418 1
68.4586 404.166 21
325.637 401.729 3
376.744 402.107 2
727.223 401.463 1
43.1302 410.353 24
393.131 405.18 46
473.26 410.604 15
568.508 404.282 31
346.616 406.446 6
588.325 405.351 14
244.148 406.444 1
721.464 405.331 2
594.339 406.459 4
6.63862 409.557 1
572.493 415.961 31
342.393 410.04 1
468.751 410.6 1
717.95 410.824 4
701.42 412.73 7
245.422 413.758 8
323.632 412.07 4
605.888 415.661 3
419.223 417.553 6
692.177 419.465 2
722.55 420.742 5
580.653 421.139 9
735.337 420.876 1
343.142 421.202 2
590.263 425.764 2
57.4588 427.488 10
415.206 432.439 3
66.7341 432.753 4
505.931 436.986 3
566.954 437.077 5
623.147 439.605 15
64.9179 442.528 2
498.139 452.896 4
488.812 455.809 2
400.222 457.1 5
409.284 152.958 12
625.778 173.121 17
63.9418 171.951 5
130.66 193.828 1
300.482 199.733 6
480.293 198.631 7
65.2159 203.412 1
335.479 217.418 8
689.606 219.294 12
99.365 222.492 24
693.356 238.142 32
276.796 265.541 10
127.189 269.677 15
460.86 278.449 2
338.483 302.87 2
384.906 304.259 13
169.439 309.222 16
706.142 310.384 1
604.264 318.575 6
149.448 349.509 8
713.366 387.008 13
57.2227 397.586 37
382.588 412.256 3
595.893 419.099 27
456.465 417.43 3
568.644 419.903 11
518.517 112.826 35
639.24 148.567 12
378.636 154.581 4
310.155 155.691 2
204.162 166.73 22
143.081 177.647 12
458.492 183.632 8
352.949 185.275 7
711.072 197.747 9
48.6549 199.407 5
580.785 201.934 6
667.036 205.393 6
695.492 208.83 11
422.565 224.349 2
658.283 226.918 7
607.248 238.867 1
338.521 248.554 10
403.974 255.162 11
732.909 263.722 1
53.0648 270.5 1
512.295 271.439 5
373.4 290.72 11
710.572 300.483 17
543.666 304.235 1
393.009 316.971 8
233.465 324.996 4
602.819 326.993 3
110.579 330.78 9
127.216 332.249 9
486.125 335.13 2
236.675 339.656 3
468.322 349.822 2
556.703 361.883 4
36.0809 366.167 4
65.506 371.714 14
109.179 367.876 1
332.522 374.012 14
622.807 372.829 7
705.243 383.189 1
252.345 385.186 3
156.962 402.786 9
237.65 407.122 4
317.872 412.585 9
46.381 417.354 5
719.311 416.444 2
334.235 427.255 18
468.823 76.2748 1
494.151 125.998 10
590.053 124.467 2
429.18 132.805 2
442.696 131.625 3
66.0098 137.268 11
503.27 146.484 11
616.018 158.759 10
487.279 160.967 2
329.044 163.957 5
352.32 163.716 2
364.445 172.047 6
434.097 167.765 29
281.527 179.136 1
703.122 183.196 2
561.708 184.817 3
661.994 185.597 3
582.453 186.702 2
687.03 198.895 6
457.145 194.175 3
209.111 192.761 14
255.989 199.261 1
646.949 197.558 4
512.65 204.385 6
187.006 205.782 4
138.988 209.695 2
623.487 210.886 1
600.341 212.842 4
655.852 212.242 1
574.622 216.364 3
164.864 223.646 3
130.023 223.732 3
591.698 218.74 4
217.97 224.472 2
637.277 223.082 1
281.641 227.536 2
316.51 227.461 4
142.967 229.141 6
571.036 228.735 1
403.054 235.475 5
423.309 231.11 8
362.565 237.834 5
735.618 241.898 1
615.943 245.176 2
582.93 253.116 1
627.497 255.894 3
645.677 256.592 3
508.091 260.974 17
607.125 257.594 1
355.414 264.635 12
689.071 265.09 3
541.153 268.619 2
477.683 271.512 3
75.4562 274.084 2
619.263 275.462 6
406.833 277.751 1
551.412 283.399 2
204.724 284.236 5
277.33 286.714 6
356.983 288.789 2
656.442 289.439 5
351.231 299.794 9
429.476 300.39 2
356.992 312.388 1
727.601 313.315 1
278.102 313.017 4
581.347 324.307 5
633.959 321.161 4
393.865 327.674 2
198.479 331.888 25
88.6032 340.39 2
395.678 337.381 5
127.389 344.674 2
182.487 340.524 5
65.2604 347.397 1
622.847 345.796 9
39.2448 352.841 1
208.107 351.814 1
79.9583 352.385 8
402.117 357.276 3
423.344 355.437 1
585.869 360.513 3
18.0547 363.093 1
711.524 371.185 1
62.6788 374.146 9
161.811 375.024 12
253.443 377.359 25
81.0821 375.26 6
581.141 383.507 4
419.28 380.97 1
654.729 381.727 2
727.298 383.351 1
666.542 391.807 1
385.425 393.739 3
634.603 395.343 3
199.581 401.943 1
262.945 413.669 7
11.7658 407.704 1
70.4368 408.602 4
180.663 408.447 2
348.091 412.12 3
486.919 413.404 37
577.723 414.135 1
461.689 416.643 1
702.27 419.025 1
406.123 459.012 1
489.41 479.075 1
641.837 159.603 8
539.859 186.436 3
173.22 193.316 7
354.05 195.794 1
328.61 232.776 9
497.654 264.276 1
360.638 274.452 4
627.685 291.556 3
374.051 310.068 3
634.214 312.649 4
308.094 340.302 5
225.483 355.917 5
476.228 359.44 2
554.214 386.788 1
487.33 401.868 11
482.213 421.441 6
600.085 427.416 16
557.764 170.514 1
175.422 178.778 5
110.665 218.256 10
515.044 217.693 2
264.807 327.271 6
366.319 355.707 2
22.7541 367.189 2
331.375 367.767 3
180.887 381.252 3
154.306 409.37 3
235.199 413.83 3
554.215 412.195 5
459.009 114.614 1
481.742 124.962 4
575.39 126.789 1
505.817 128.538 5
606.027 137.902 1
692.76 164.315 1
218.72 167.335 2
381.674 179.647 4
412.927 187.899 6
282.112 189.357 1
145.238 194.776 4
685.472 203.017 2
309.25 203.096 6
465.623 204.251 1
556.679 207.149 2
189.741 212.272 2
710.167 213.357 2
146.38 218.159 6
172.152 228.199 1
81.7861 231.718 3
648.168 232.927 12
207.219 237.693 13
289.561 233.543 5
593.048 234.431 1
329.148 239.553 7
378.209 240.17 18
415.647 243.927 3
454.13 239.394 1
661.275 245.882 6
708.997 251.775 1
631.057 260.737 1
234.487 266.993 6
509.665 265.68 1
582.273 263.528 1
282.874 299.49 3
147.691 297.164 4
458.994 302.06 1
661.732 302.168 4
624.122 310.081 10
383.29 311.945 5
637.767 316.633 1
102.048 323.672 1
426.248 324.781 7
404.753 331.342 7
504.188 327.682 4
181.127 333.031 2
611.652 340.568 6
520.811 351.038 1
463.574 364.309 2
73.0501 381.936 4
46.6152 381.147 2
266.717 383.244 6
411.809 389.659 11
581.389 393.476 4
252.226 401.704 1
59.0701 402.681 1
333.646 413.208 3
357.97 412.747 2
270.834 416.151 2
79.0709 418.608 2
391.319 417.806 6
17.9066 419.153 1
423.67 433.611 1
629.769 450.484 1
498.23 483.23 1
166.838 200.344 6
544.02 403.615 11
481.098 429.085 2
604.306 441.01 6
543.762 107.184 6
127.872 166.988 3
39.6905 202.774 1
514.379 141.323 3
582.568 196.651 1
479.766 219.41 9
107.868 243.172 1
162.576 242.318 9
653.348 253.548 1
242.756 280.745 2
535.44 325.818 5
99.0306 394.752 1
436.184 409.419 8
533.71 407.257 3
618.907 403.823 1
600.269 447.016 1
567.8 102.646 2
341.7 270.662 1
155.632 277.084 1
135.331 414.164 1
455.801 80.8134 1
463.161 130.883 2
89.457 145.131 11
460.477 153.7 1
722.287 165.854 2
345.551 167.418 3
370.928 167.205 5
314.863 167.781 1
520.743 168.018 4
254.795 168.901 5
564.754 170.083 7
241.615 174.472 1
249.476 173.223 4
159.405 180.649 3
164.744 177.186 3
733.547 180.577 1
319.249 183.11 4
673.585 182.674 2
720.233 181.69 2
102.774 193.716 4
196.317 194.01 1
265.942 193.298 2
575.419 205.546 1
336.984 204.071 10
84.7871 222.468 4
601.664 224.974 6
361.989 226.075 7
227.156 235.382 6
238.113 237.282 4
605.5 248.291 1
221.668 249.697 1
366.624 263.922 2
509 285.117 1
59.8182 288.202 2
705.515 302.465 1
183.953 308.498 3
92.4703 316.83 1
185.234 317.83 2
163.755 331.174 2
229.709 345.391 7
212.692 347.905 1
707.095 352.977 3
503.767 353.978 2
221.757 364.154 4
248.334 364.053 3
287.695 377.14 3
466.516 59.539 5
421.563 90.9147 1
421.421 113.506 11
585.027 120.215 2
452.515 134.043 3
497.289 143.487 2
222.85 154.734 4
621.575 155.149 1
567.894 167.865 1
386.127 174.036 6
336.897 173.682 1
377.437 174.167 9
295.813 176.46 5
301.311 174.404 3
433.962 174.749 3
448.451 175.838 3
571.629 179.85 1
711.586 185.271 5
81.5739 187.198 2
637.551 191.247 3
76.1036 184.982 3
626.162 189.316 5
327.514 198.675 2
541.624 201.372 1
205.64 208.347 2
104.748 216.814 6
239.389 222.944 1
265.149 227.282 9
445.392 231.802 1
175.424 233.065 3
146.307 248.078 2
361.554 251.34 2
346.572 253.789 5
266.798 258.615 11
113.332 266.295 1
484.63 268.345 3
559.934 267.961 2
467.909 277.965 3
485.16 276.403 2
706.146 294.361 2
423.349 297.074 2
88.8547 312.126 1
618.03 311.957 1
615.208 330.022 9
123.383 329.708 1
291.612 332.141 9
67.4744 333.942 3
105.337 337.492 4
172.324 342.517 1
85.3673 348.207 5
217.075 353.131 2
430.339 364.615 1
212.209 371.638 15
555.45 372.579 4
107.642 373.125 1
121.537 376.736 9
607.322 389.319 16
335.089 445.372 5
599.757 476.05 1
296.827 207.632 2
592.797 216.375 4
309.427 167.574 1
585.926 174.315 4
296.525 251.747 3
383.504 291.653 10
532.822 302.19 1
263.946 333.241 4
193.769 364.522 4
275.901 364.348 1
466.024 83.3745 8
448.985 181.327 1
703.589 188.316 1
705.078 208.797 1
178.165 261.752 4
406.245 285.076 2
289.673 289.008 6
325.835 293.58 1
405.531 305.65 1
512.633 325.493 7
399.286 323.979 4
334.497 355.001 4
124.498 378.096 2
448.519 384.184 11
494.952 393.751 1
340.159 445.872 1
635.158 380.524 1
396.177 391.393 13
560.852 103.491 2
529.072 105.073 10
593.171 165.488 1
128.55 366.843 1
494.265 168.548 3
413.884 193.746 2
320.475 209.503 2
664.442 246.998 1
229.113 272.766 5
110.81 284.703 1
278 302.007 12
520.597 357.603 1
310.317 385.988 1
149.388 322.777 7
585.322 206.788 1
161.302 263.256 1
247.106 289.279 4
730.25 201.318 2
709.217 182.442 1
670.139 171.765 2
615.812 162.794 2
681.166 234.681 2
671.548 232.971 2
653.263 232.887 7
507.812 94.3308 3
466.829 64.1956 3
539.788 148.141 2
543.339 174.392 1
474.275 128.79 2
554.5 214.804 4
480.053 141.382 3
537.511 213.605 13
533.401 223.153 5
613.006 320.956 7
441.228 161.166 16
468.992 195.876 1
644.251 379.837 1
412.93 156.906 2
517.266 284.984 4
489.047 257.693 3
468.944 263.12 1
335.228 163.651 3
344.244 188.164 2
292.857 156.97 4
450.058 332.35 5
390.791 285.823 2
391.347 299.583 10
402.365 338.839 1
232.579 190.849 1
234.748 205.102 1
404.562 376.539 1
239.627 217.3 1
323.911 314.316 1
250.249 244.682 3
225.242 227.914 4
185.933 188.61 2
318.145 325.148 3
161.372 173.484 2
299.927 356.103 2
168.323 242.505 7
124.78 230.738 3
144.166 255.038 2
109.22 223.717 1
195.223 325.978 1
189.576 336.481 7
161.529 345.77 1
83.0667 367.379 4
42.2198 336.649 3
28.533 343.515 3
698.481 213.147 2
699.814 224.314 2
722.83 257.417 2
619.749 183.5 3
543.383 139.898 4
515.491 119.462 1
687.927 301.797 6
461.644 78.7242 3
668.119 295.617 3
550.613 205.893 2
574.463 235.69 7
607.281 273.307 1
549.489 218.174 4
471.314 142.298 1
518.814 200.914 2
422.917 122.535 4
712.733 420.298 6
449.952 167.968 11
424.421 149.08 2
675.419 402.483 1
479.4 209.436 2
559.159 318.221 3
496.876 298.761 4
412.058 222.625 2
384.547 232.49 22
347.68 201.602 3
339.135 205.338 6
488.372 355.504 6
311.861 185.7 1
487.674 363.903 7
579.07 458.577 16
360.022 267.392 1
372.155 290.509 2
346.003 265.005 9
245.893 193.03 1
446.848 405.037 21
328.471 284.05 8
362.26 323.937 17
309.848 271.542 4
366.528 331.157 3
407.784 381.876 7
287.59 269.456 1
465.283 456.818 12
473.187 470.366 3
323.637 350.286 1
357.405 392.565 12
150.794 181.77 2
294.337 340.379 15
301.248 349.588 5
231.733 291.776 9
107.229 185.811 3
192.704 276.321 3
244.279 344.135 1
237.181 346.901 2
217.746 336.167 7
248.489 370.031 2
190.813 342.958 4
67.8878 285.23 5
55.7517 307.593 2
30.7112 308.361 4
46.6086 405.25 1
555.188 381.317 1
46.2584 431.329 4
429.544 169.967 7
603.933 362.475 8
337.133 153.78 3
489.377 405.806 4
467.168 403.082 2
336.314 387.429 1
251.734 428.957 8
545.678 240.805 3
447.519 167.977 3
558.846 392.062 2
363.82 326.873 1
257.796 230.329 4
252.904 301.761 1
394.624 461.798 1
137.436 251.714 11
223.655 351.186 1
320.827 449.204 2
73.2057 376.918 1
356.709 324.995 3
375.303 457.879 7
526.481 110.181 1
629.799 410.488 1
578.449 392.894 4
382.144 209.681 1
406.11 243.134 3
481.519 327.676 1
513.315 356.783 1
313.99 207.972 1
325.708 244.434 1
355.2 383.809 1
361.863 402.264 14
212.013 271.663 4
327.129 409.549 6
133.137 227.538 2
568.23 159.158 3
527.448 324.841 4
393.929 311.349 1
237.203 283.858 1
685.339 276.364 3
583.162 365.747 1
557.091 324.347 2
519.311 314.089 5
488.629 262.817 1
483.338 406.195 2
475.287 382.824 3
414.123 402.403 8
402.738 267.714 1
376.497 375.176 2
333.48 199.346 3
318.514 357.177 2
264.384 391.613 9
259.89 218.839 8
211.859 165.265 2
156.451 211.406 1
80.7137 304.701 6
66.9826 297.93 4
723.093 281.622 1
698.927 311.443 2
669.773 346.784 5
651.226 240.791 3
614.429 315.467 2
613.843 432.209 3
612.827 441.996 7
608.999 424.026 1
586.761 476.656 3
580.178 433.362 9
576.878 177.51 1
545.988 349.46 1
539.763 362.156 4
522.424 371.585 2
505.443 162.829 2
502.991 171.5 4
504.622 188.159 3
496.965 426.267 1
463.686 197.948 1
453.721 268.276 5
454.771 69.961 1
454.518 249.277 1
450.214 425.12 20
451.117 380.133 1
447.906 141.367 1
448.062 149.636 1
448.271 157.835 2
448.483 418.782 1
447.602 205.108 1
435.501 157.262 2
431.47 106.083 5
422.142 129.684 1
421.803 246.452 1
415.049 350.773 3
416.253 282.446 3
412.513 356.221 2
403.284 133.32 5
401.899 434.042 7
398.977 141.339 4
394.838 248.063 4
395.038 183.438 1
384.436 287.616 2
371.728 424.499 10
372.655 408.717 8
374.237 434.523 1
369.462 213.612 1
359.376 353.153 2
348.36 370.41 2
338.029 414.145 3
315.059 424.488 8
299.91 232.239 9
258.035 166.413 2
227.306 336.382 1
172.627 279.709 2
137.671 247.761 2
134.891 238.85 5
136.325 286.28 3
131.609 322.308 1
130.053 299.868 10
110.095 319.399 7
98.8721 291.672 2
93.4918 189.736 1
68.8669 288.036 1
57.2635 166.463 2
48.5968 308.432 5
43.868 443.396 3
38.6125 255.509 4
39.0098 283.467 2
492.594 433.135 7
406.435 423.965 4
60.3208 427.323 4
625.468 274.758 6
373.578 319.402 3
663.691 256.088 4
661.53 158.336 5
542.736 234.219 1
526.374 199.541 1
453.905 455.646 6
443.444 406.399 2
425.643 381.497 1
410.108 259.721 3
381.456 232.366 3
381.567 276.009 2
369.453 426.239 2
291.092 349.325 3
264.279 313.831 8
258.358 228.35 1
611.166 389.91 3
538.842 243.428 1
360.447 295.219 5
353.357 408.114 1
346.489 152.521 2
266.053 413.521 1
543.19 393.342 1
534.344 249.35 2
531.765 318.497 1
458.943 245.649 1
432.02 392.818 7
358.294 431.572 2
345.216 334.625 1
351.109 378.408 1
301.677 344.049 1
265.743 236.25 3
219.92 412.644 1
159.705 199.166 4
144.088 333.972 2
140.479 411.592 2
491.824 211.07 5
339.257 334.645 4
293.66 245.778 1
220.043 285.376 3
571.674 391.91 3
675.09 225.054 1
594.303 194.978 3
508.729 152.037 3
362.749 220.328 3
373.743 159.404 1
130.428 372.689 1
288.051 174.819 1
90.6971 372.959 1
271.153 176.965 1
52.6715 374.31 6
600.166 468.139 9
704.55 328.182 1
685.517 337.426 1
648.362 351.021 1
611.672 371.464 1
703.884 268.455 2
400.008 451.391 6
628.01 214.508 1
556.296 215.97 1
397.305 376.167 1
464.051 305.922 1
597.124 172.044 1
533.321 219.017 1
415.59 319.353 1
456.037 264.953 4
567.328 132.209 3
253.422 411.012 1
369.879 280.518 1
244.203 386.815 1
282.043 343.043 8
503.023 89.4751 1
338.245 237.553 1
429.584 116.29 4
410.011 92.3639 1
251.092 162.959 4
177.279 223.45 2
75.23 308.299 3
39.5735 314.712 5
119.245 223.634 1
121.131 209.954 1
122.007 193.663 1
124.421 187.007 1
582.944 422.193 1
492.427 442.381 4
399.458 443.07 8
300.871 328.766 3
327.165 208.111 2
101.769 260.494 3
402.525 289.281 1
669.498 160.589 3
366.211 292.836 1
152.339 397.294 2
398.47 123.348 1
426.889 92.3249 1
220.227 185.252 1
96.6641 258.238 2
66.033 260.39 2
602.279 352.808 1
595.968 135.008 1
502.794 207.691 1
352.935 357.174 3
300.33 389.562 3
219.245 384.826 2
485.743 102.88 1
225.12 323.679 1
139.201 383.386 8
119.561 169.404 1
539.544 398.306 1
428.462 396.479 4
299.994 236.586 3
415.363 329.731 4
732.939 231.448 1
215.831 240.426 1
396.226 259.272 1
25.8514 327.834 1
439.502 90.1985 4
66.024 117.266 3
552.367 155.368 1
272.143 227.068 2
372.077 228.783 1
47.487 266.235 2
675.441 300.62 1
644.994 305.405 4
29.211 353.511 3
255.937 437.596 2
321.833 230.914 1
501.789 260.496 1
54.1792 432.685 1
130.884 206.032 1
144.156 236.73 1
645.333 268.118 1
365.037 400.492 1
686.928 164.869 2
665.931 233.914 2
464.862 245.129 1
275.657 293.94 1
652.491 303.087 2
204.735 338.907 3
143.412 380.15 1
202.639 381.46 7
600.735 399.417 8
635.98 404.159 1
295.676 408.589 2
458.174 408.641 1
67.952 418.731 4
172.68 374.677 1
277.397 169.316 1
87.3366 241.813 1
129.584 243.669 2
225.935 281.177 3
286.25 310.991 1
614.29 223.372 1
690.654 413.239 2
224.51 146.672 3
259.406 189.603 2
538.664 154.901 12
710.456 395.68 2
589.851 390.109 1
305.703 244.49 3
398.034 446.787 2
128.775 258.771 4
518.34 131.058 3
671.518 271.048 2
480.026 350.078 1
362.706 338.102 2
316.161 384.349 1
153.594 417.002 2
354.299 391.902 1
567.848 153.244 2
376.073 225.192 1
522.682 323.501 3
256.214 248.133 1
209.82 278.668 2
126.054 238.36 1
36.4919 179.651 1
573.672 475.64 3
464.235 449.913 1
315.589 437.038 3
98.6395 337.585 1
86.0667 327.288 1
399.595 421.008 1
368.842 415.067 2
372.807 447.132 3
590.952 471.228 4
101.957 332.401 2
660.441 260.785 1
562.235 456.923 4
545.191 418.031 4
550.937 434.006 4
437.011 409.392 1
445.152 431.809 2
363.615 429.637 1
267.983 268.399 1
308.572 416.16 1
228.643 407.895 1
147.813 408.237 1
536.474 111.352 3
545.288 211.662 3
531.979 398.484 3
387.313 420.804 2
271.444 305.992 3
206.506 271.983 2
211.753 422.559 1
713.404 360.711 2
289.987 169.334 1
161.615 252.496 1
151.099 243.988 2
609.956 457.823 2
167.319 371.482 1
58.8879 450.055 3
84.8412 320.371 1
45.6458 372.717 1
573.561 434.451 2
549.576 409.694 1
439.243 354.228 1
308.342 408.717 1
307.679 395.902 1
389.702 143.477 1
288.073 346.386 4
228.078 401.25 1
146.816 398.777 1
192.802 164.195 1
120.338 238.513 4
530.361 165.802 2
564.683 129.16 1
422.598 334.787 3
283.115 419.322 1
210.395 404.964 2
238.894 268.877 4
419.28 394.747 6
714.789 322.936 2
648.587 154.73 1
408.431 208.785 1
324.292 175.066 2
26.5856 374.272 1
156.021 185.737 2
483.204 467.266 8
406.999 292.745 1
550.352 145.983 2
108.283 316.478 4
170.603 252.612 1
78.5015 259.614 1
37.7381 248.992 2
30.9604 220.69 1
566.101 241.792 1
230.204 388.323 1
288.064 331.726 1
149.966 385.97 2
380.913 147.241 3
326.688 148.07 2
311.624 149.737 1
223.845 166.939 3
91.5646 256.199 1
552.857 98.4307 1
347.742 340.014 1
144.718 308.213 2
116.868 156.538 1
575.896 104.636 5
588.326 330.554 1
103.513 229.421 3
595.26 394.982 1
714.805 401.119 4
589.157 414.616 2
38.8699 174.392 1
201.236 271.642 1
124.738 387.923 1
666.645 265.243 5
257.418 270.846 1
109.696 307.801 1
593.31 333.603 1
37.105 266.763 4
241.901 440.23 1
507.986 216.931 1
683.267 143.787 1
532.803 136.027 2
103.599 159.784 4
410.11 250.601 6
249.016 263.686 3
124.273 249.327 1
209.49 288.197 2
672.76 263.036 2
156.367 245.115 1
611.791 278.826 1
625.496 404.488 1
391.65 238.68 2
356.875 332.737 1
227.808 418.82 1
147.83 419.031 1
512.407 88.2074 2
558.089 156.542 2
481.311 453.052 1
393.51 452.811 1
577.336 442.708 1
415.608 254.733 1
314.109 447.319 1
363.697 416.015 1
276.971 353.057 1
540.531 386.509 1
559.107 459.048 2
542.211 418.342 1
547.379 438.298 1
404.622 108.602 2
431.343 410.189 1
444.032 453.858 1
293.195 165.276 1
300.14 417.43 1
220.97 407.536 1
434.711 434.194 1
341.573 325.265 2
519.956 399.133 2
470.277 398.43 1
564.051 449.835 2
529.858 360.75 1
449.465 269.08 2
274.74 348.104 2
543.213 410.018 1
243.892 309.758 3
221.651 396.935 4
140.531 398.767 1
184.292 161.87 3
434.845 424.618 1
424.085 403.18 3
290.572 412.196 2
248.514 261.504 1
471.517 422.228 2
470.565 134.318 3
683.664 269.956 1
112.02 259.092 2
418.09 427.791 1
631.305 140.401 1
279.793 326.891 2
388.071 127.489 1
433.383 398.349 1
533.469 99.0318 1
215.259 280.519 2
627.786 231.458 1
680.138 199.461 1
627.683 359.007 1
569.84 108.242 1
432.424 91.6003 1
492.768 420.172 2
157.215 311.972 1
171.257 301.834 2
54.4492 314.728 1
324.406 139.681 1
125.63 199.891 2
196.959 153.305 2
149.261 169.693 1
556.037 123.315 3
715.946 253.149 4
170.155 417.593 1
409.421 143.686 2
302.848 382.638 1
133.06 167.108 1
42.2354 316.856 1
254.528 316.49 1
97.5429 237.819 2
70.6028 241.28 1
201.825 279.964 2
633.233 328.939 2
642.589 332.596 1
530.129 330.864 2
616.741 410.48 1
560.831 425.485 1
90.41 236.471 1
538.004 369.326 2
143.627 262.476 1
528.276 156.968 1
558.61 342.571 1
189.339 271.412 1
310.776 441.867 1
74.8698 297.239 1
253.483 282.158 1
619.083 393.338 1
334.842 436.056 1
626.572 426.74 5
276.477 332.604 1
275.601 388.517 1
526.037 315.098 1
213.615 412.934 1
623.097 428.111 1
203.582 396.455 2
76.3067 426.269 1
644.994 408.37 1
341.996 159.9 1
239.833 303.733 3
437.845 419.472 1
234.737 288.61 4
178.23 161.716 3
465.344 423.215 1
94.8261 332.574 2
141.911 299.523 2
213.688 397.043 1
527.732 406.383 3
447.277 257.512 1
650.076 259.565 1
624.532 136.946 1
538.459 161.573 1
375.223 121.681 1
112.933 377.751 1
446.67 79.2592 1
654.44 310.171 1
120.288 340.702 1
251.21 277.038 2
150.888 305.529 2
645.602 361.036 1
168.54 290.92 2
158.752 300.705 3
159.049 270.319 1
28.2529 313.323 1
714.332 150.564 1
723.347 155.871 1
656.028 243.636 1
85.3379 275.14 1
643.396 315.982 1
99.495 381.522 1
701.569 349.647 2
68.992 249.472 1
82.4723 248.311 1
117.266 247.99 1
559.252 130.611 1
539.496 130.52 3
112.179 383.65 1
198.79 375.082 2
91.0304 246.084 1
663.073 308.327 1
521.634 99.7445 1
210.666 336.988 2
349.531 349.315 1
611.52 397.279 1
228.248 307.115 1
561.52 477.055 1
362.942 457.541 4
522.47 423.293 2
272.61 436.743 1
521.128 142.002 1
274.552 338.756 1
558.346 449.873 1
432.177 85.0402 1
356.745 120.94 1
229.181 316.085 1
389.792 135.057 1
199.331 147.612 2
527.793 151.158 1
309.564 324.573 1
163.225 310.655 1
82.5594 133.332 1
504.467 367.162 1
107.812 381.091 1
53.2517 249.757 3
210.099 136.17 1
158.246 164.786 2
25.4121 258.09 1
184.376 298.375 2
721.039 250.457 1
641.495 326.986 1
40.5959 304.12 2
283.808 337.346 1
541.809 425.59 1
613.497 354.697 2
221.911 318.31 1
529.309 418.767 1
321.838 168.248 1
551.095 477.092 1
488.387 449.214 1
319.799 404.356 1
170.331 295.847 3
191.04 374.611 1
520.047 151.806 1
165.304 276.947 1
155.144 157.324 1
62.1189 245.445 1
