264 21091
87.3624 48.4727 5183
76.2069 5.91765 2
58.2302 26.7116 36
77.9371 80.4423 1791
114.146 42.3689 224
63.1769 27.1666 11
81.8255 21.5606 5
77.014 23.7443 3
91.8475 56.7321 52
89.173 22.2203 1
110.566 29.0399 3
81.5629 33.7086 3
119.77 34.9262 7
96.7276 37.6595 4
68.4309 33.0873 3
131.66 40.3371 10
192.285 37.6595 1
51.3766 45.1782 7
83.2894 40.0429 4
65.3632 40.8677 1
76.4089 40.7539 1
234.561 52.9155 102
125.225 49.2171 9
64.7279 48.158 3
58.7442 47.069 2
93.1139 47.2248 1
23.9755 66.4541 177
80.9633 49.9605 6
207.455 51.1603 18
232.019 55.4468 13
88.1251 50.2303 3
99.8077 50.3344 2
112.656 52.9871 1
118.837 53.6183 1
73.7556 60.8326 34
62.6806 58.7072 3
76.8981 56.5349 1
106.936 61.1984 3
121.99 63.2946 22
55.0072 62.4548 3
104.893 61.1472 1
114.918 61.7053 1
97.5298 66.3537 8
77.7613 65.7543 1
61.1471 68.6461 3
107.509 70.1624 1
61.2916 72.441 1
102.758 72.826 1
68.0593 73.7016 6
107.447 77.9554 6
137.001 103.387 4191
58.0538 100.676 210
96.3987 79.9576 1
45.0399 111.476 1280
54.6199 82.3409 3
192.392 132.218 3410
146.546 103.68 249
125.933 92.6953 12
102.246 110.242 323
40.5782 90.6985 2
184.003 140.142 666
153.9 95.989 6
184.331 93.954 13
67.7058 99.061 87
149.585 91.8483 1
194.946 103.131 29
199.958 97.6074 5
69.6282 100.339 15
40.4357 114.869 60
134.725 96.5931 3
60.063 100.573 3
104.861 111.197 98
180.906 105.779 6
31.8405 98.9563 1
81.385 108.389 38
79.6047 123.668 161
104.899 111.08 13
80.3788 103.554 9
140.557 112.471 34
177.221 108.803 12
77.903 102.683 1
136.451 107.524 17
213.882 104.055 2
30.6071 107.057 3
165.772 105.294 1
62.0847 109.789 14
40.7581 107.1 1
152.295 106.903 2
47.0756 110.322 7
75.0455 113.064 5
114.707 110.67 1
185.934 111.099 7
53.632 123.085 18
153.021 111.962 2
126.744 112.34 1
197.796 150.557 438
40.3847 132.333 28
33.265 113.954 2
81.0273 116.676 11
169.806 118.652 10
224.394 114.537 2
120.227 114.96 3
99.7513 122.794 8
160.224 121.073 6
147.635 116.416 1
125.617 118.371 1
53.5361 122.969 22
59.1086 134.61 53
152.502 121.425 4
104.616 121.801 1
142.681 121.703 2
176.384 121.611 1
134.857 122.222 5
41.0705 122.658 2
193.726 123.086 8
78.09 123.743 1
118.928 123.596 1
112.661 123.906 2
200.338 124.053 3
207.518 125.661 2
165.885 126.551 1
64.5408 127.749 3
60.0492 127.766 1
47.198 143.591 27
34.448 130.566 4
193.186 152.824 445
178.949 135.398 18
54.8191 138.809 3
187.415 135.997 14
37.2745 144.99 19
176.714 148.327 36
175.042 148.596 8
49.0868 142.908 2
185.64 142.868 1
173.477 143.656 2
206.276 146.189 1
180.734 150.377 2
198.283 156.658 8
206.317 153.051 1
238.648 156.453 28
182.575 157.981 1
190.307 160.098 1
182.078 165.273 10
210.938 163.843 1
204.938 165.273 1
184.577 172.037 4
194.329 175.738 5
16.2915 178.39 56
95.2839 7.47886 3
113.638 15.1676 32
120.208 22.718 6
213.907 39.0018 3
221.666 39.9188 10
230.54 43.1185 1
144.793 43.2979 13
216.857 51.154 11
224.594 52.0998 4
245.476 54.4305 1
237.568 56.6138 1
48.2434 60.6567 2
40.4345 64.1291 2
117.953 69.0682 6
30.8955 72.7297 7
30.5862 72.8937 2
21.1489 78.5774 30
235.212 83.9257 7
215.792 85.2257 2
239.443 113.219 8
198.099 134.451 3
193.175 132.667 1
75.0185 135.079 4
231.349 143.267 48
160.23 145.175 4
129.345 146.285 7
100.589 150.39 28
217.797 153.223 5
82.35 152.698 27
148.629 154.122 28
144.442 153.854 1
80.1741 154.693 22
214.046 157.499 7
69.6016 157.31 92
60.9475 159.514 7
112.568 155.94 20
47.3841 170.324 119
53.9596 161.872 2
80.6037 165.225 17
74.8243 167.069 7
88.3633 163.466 19
64.6706 169.5 16
32.0957 173.867 41
27.3319 175.969 29
24.1485 170.135 1
54.3439 170.621 13
46.566 174.303 2
25.1537 183.765 7
87.7782 4.8283 1
130.923 40.8968 1
235.054 136.654 7
153.506 145.483 8
120.585 146.751 17
222.623 147.755 15
230.819 149.444 1
96.7889 150.694 3
161.243 155.496 2
128.363 157.495 46
222.776 155.775 4
97.7955 158.424 19
16.1845 178.043 1
31.9833 181.62 2
47.1618 131.839 1
103.394 8.31672 2
242.421 60.9219 1
38.0768 70.814 2
232.128 127.412 4
137.752 53.3817 1
44.5432 68.8442 1
115.31 86.4241 2
73.5231 88.8641 1
225.269 103.332 4
222.316 133.05 2
58.6839 150.495 2
221.523 163.534 1
162.148 162.574 1
151.342 62.7769 1
27.7405 155.163 1
181.303 75.6068 1
67.3144 88.4476 4
7.38186 168.549 1
228.881 48.6085 1
191.905 49.6631 8
141.329 142.432 4
125.702 142.532 1
112.611 145.083 3
201.911 51.6667 1
180.32 50.7481 2
85.436 93.581 1
231.889 72.2655 1
232.301 111.907 3
231.751 117.981 2
231.797 64.6668 4
231.413 105.51 1
142.484 39.4533 5
119.318 156.343 4
229.214 135.881 2
149.623 133.245 3
150.286 39.2228 1
143.904 146.194 2
234.665 83.6167 1
189.443 44.749 3
185.085 40.6134 3
104.983 88.5591 2
237.825 68.8724 2
241.438 147.454 1
227.298 80.3798 2
105.405 140.776 2
94.4369 142.229 2
89.4156 144.649 1
164.777 80.1279 1
141.827 131.351 1
145.373 137.539 1
130.762 137.753 2
228.488 94.517 1
198.212 71.6342 1
