637 11278
339.713 3.80314 1
76.1599 4.95484 11
158.421 5.02604 5
296.904 7.44512 4
30.1265 14.659 35
345.139 20.7899 23
83.1667 8.70528 6
315.063 8.16084 5
161.477 16.0898 53
331.782 12.5127 9
55.8724 11.6328 18
129.055 15.6691 45
353.473 16.148 3
25.669 15.4728 14
34.377 13.8249 4
310.915 29.8908 218
158.623 21.035 6
9.82744 16.7524 13
331.405 22.983 9
345.335 21.5038 13
351.16 20.6449 2
323.216 37.6214 148
236.154 29.6041 60
351.159 26.286 4
224.145 26.3722 11
237.114 28.5012 3
209.867 27.4899 26
33.2222 29.3889 3
308.365 40.2864 15
264.446 38.0757 23
148.083 35.3661 20
267.872 40.153 10
340.78 46.0503 31
282.726 46.9297 26
218.181 57.7078 630
187.492 59.0933 370
190.949 54.2817 26
201.799 49.1148 2
214.855 52.3312 3
173.364 72.2563 228
143.237 67.9472 678
300.059 54.1968 38
188.742 61.431 7
225.627 55.5965 5
185.289 52.7107 3
353.253 54.8933 1
108.59 64.0791 503
86.2269 67.8543 129
90.8679 79.1168 80
202.306 73.9975 121
337.805 59.4329 33
137.468 57.924 18
150.929 62.1873 5
98.155 77.2894 132
89.9091 58.7785 2
147.686 59.3026 2
171.309 62.3323 10
172.689 59.7899 3
103.526 60.4539 2
224.159 66.7847 6
115.495 65.2925 7
79.3936 63.0202 2
120.122 63.82 1
4.78298 67.1668 4
55.601 65.9111 28
220.751 75.6238 13
221.368 66.7212 6
135.092 75.2091 48
335.401 69.8851 23
54.8786 74.1479 41
95.5723 72.3067 1
340.204 72.0615 2
82.4997 80.3457 27
165.156 86.7024 57
224.753 76.862 5
118.283 83.0267 35
147.25 71.13 4
120.239 74.3105 3
209.266 74.2803 2
186.393 72.7882 38
106.346 77.5221 44
178.701 72.4252 9
180.475 78.1167 3
170.7 76.7437 2
90.9363 79.049 3
151.464 80.0258 4
85.8667 77.5654 8
88.4043 84.0216 6
100.752 82.0679 1
84.746 83.1759 2
352.838 93.1643 3
61.6305 91.8464 32
244.851 93.3649 122
262.34 100.521 15
176.753 105.047 127
150.891 117.764 736
191.974 105.093 119
278.716 103.606 20
353.383 108.808 4
304.755 107.591 6
62.782 109.588 130
147.753 127.794 877
322.665 110.347 5
122.448 113.074 54
336.602 115.029 10
340.71 111.629 13
142.147 117.403 9
131.35 133.381 36
148.075 126.764 13
182.29 137.125 117
166.426 121.762 5
168.988 119.849 1
158.1 124.232 4
179.065 125.088 1
121.894 125.67 4
353.424 127.776 2
154.243 128.196 3
133.638 135.664 13
133.086 130.473 1
13.3558 135.799 9
348.051 130.875 16
134.496 143.225 8
170.268 139.785 84
166.656 137.136 1
59.8679 137.314 30
188.026 158.238 192
13.4819 143.572 16
145.344 139.883 4
126.247 146.881 39
124.932 147.564 3
348.134 155.734 13
60.8966 159.99 25
340.266 158.833 22
332.276 159.77 5
324.79 161.087 19
314.334 165.586 16
300.778 164.853 32
296.78 165.342 2
290.195 166.656 13
276.4 168.796 13
61.3368 180.543 181
50.1852 173.364 5
267.216 170.995 54
189.365 182.73 322
206.658 180.702 19
196.046 179.461 12
63.3651 184.096 17
125.305 187.412 204
190.813 190.345 10
170.944 188.475 21
61.564 193.583 11
61.959 206.579 61
322.367 214.307 50
58.3323 221.39 39
274.488 236.507 61
63.9045 250.6 140
259.962 244.491 28
70.7912 248.146 31
249.029 249.381 47
60.368 254.117 2
75.9613 264.194 35
61.0791 276.555 20
5.07434 2.60137 1
36.3618 2.21311 1
57.8786 5.12958 3
96.9188 2.22641 1
102.066 2.16249 2
113.063 2.30606 2
333.033 2.21369 2
352.238 2.21981 3
49.5868 2.8699 1
80.6798 3.24438 1
137.735 5.72414 3
25.364 6.64742 1
289.649 6.35312 2
4.47218 18.1243 5
77.3909 11.5219 2
300.955 14.14 1
140.224 20.592 6
139.867 20.2273 2
311.431 21.822 6
334.618 22.7305 4
214.487 29.9949 2
40.6336 31.4327 5
160.171 32.571 32
4.86013 32.2268 2
184.766 29.5679 7
328.295 42.6974 11
253.243 29.7134 16
132.336 37.5709 30
128.755 37.5285 6
4.88282 38.3826 1
119.708 39.7182 13
107.134 38.2065 44
50.7008 42.5154 22
36.3754 45.0552 29
107.931 41.8309 1
35.0515 43.6722 21
18.2584 44.2706 8
331.781 43.787 4
11.6644 44.315 2
83.9354 44.4031 9
70.1649 46.2088 71
340.392 45.8145 2
51.8985 51.7125 10
223.373 49.7927 1
34.3934 56.9254 7
52.284 54.7548 1
15.4939 56.9012 9
178.16 57.3713 1
341.993 56.2429 3
27.7083 61.2876 5
60.2975 56.1717 8
138.143 59.6818 4
19.7248 59.6969 1
342.409 60.2043 1
190.431 64.0672 5
323.847 67.5603 3
20.2887 68.7204 10
126.648 70.6185 2
4.77682 72.6245 1
159.304 73.6801 1
143.146 78.7927 6
113.786 79.1703 2
126.265 86.5082 7
242.06 86.2569 5
344.319 94.1553 21
147.091 95.5817 22
80.262 97.524 4
70.7919 98.6257 5
315.974 103.83 5
5.02714 103.957 1
123.375 102.159 25
168.049 104.547 5
137.375 103.238 10
67.1709 102.369 14
142.64 109.636 4
346.867 111.982 5
59.1576 117.043 2
135.137 125.778 1
348.751 129.744 1
5.009 135.211 3
167.461 129.616 4
163.371 131.329 1
347.894 140.158 2
192.797 146.228 2
183.425 146.481 1
163.353 152.834 66
155.378 161.519 18
14.0041 151.52 2
8.61207 153.02 1
315.096 157.619 3
306.535 158.631 8
294.836 160.595 4
199.173 160.845 18
129.307 163.386 99
242.12 168.648 23
306.964 166.628 1
37.3578 168.743 13
132.638 176.71 57
251.212 178.989 64
69.2043 175.802 13
147.563 174.654 3
245.858 176.499 1
236.947 177.039 11
216.062 178.484 6
204.734 178.274 5
126 183.464 3
173.955 180.904 51
107.521 183.293 11
96.3651 181.254 8
144.634 183.95 14
177.526 194.728 30
347.051 199.563 2
178.95 202.893 13
156.987 207.281 17
61.6041 211.496 1
315.348 217.159 34
304.967 223.485 4
44.067 225.175 32
5.21991 225.686 2
283.995 236.016 29
267.074 240.883 9
261.635 239.523 1
267.694 243.426 2
77.8038 244.739 5
66.6816 247.87 2
79.8546 253.602 2
241.773 254.149 4
344.822 251.69 10
233.9 256.715 11
121.304 255.116 3
173.165 255.095 4
146.009 255.921 26
151.663 255.151 1
160.788 255.855 5
167.31 255.817 6
214.953 257.464 39
334.378 258.112 15
329.831 260.814 5
262.179 268.593 3
318.72 270.781 5
5.07051 274.339 2
38.2586 275.943 6
107.858 22.3527 22
156.076 19.2215 1
162.245 35.2602 1
69.1268 46.756 1
197.721 61.4955 1
103.059 66.0903 2
198.84 69.5188 1
105.239 70.8696 3
348.773 85.4017 10
128.422 97.8944 8
137.774 100.776 1
268.581 101.88 4
112.2 108.714 4
106.492 109.307 4
77.6059 104.368 10
77.3941 110.363 2
119.24 111.23 9
190.058 115.48 16
138.171 120.887 2
159.513 142.62 3
124.64 155.422 13
134.872 155.628 3
82.2612 184.545 2
67.7354 188.907 3
133.654 188.14 12
340.141 205.753 10
313.469 217.802 1
286.693 227.524 8
277.019 228.167 5
68.4398 255.083 3
108.909 254.294 9
96.8161 256.055 8
209.673 257.786 1
56.097 276.091 2
50.3029 9.47128 2
245.427 29.5371 1
353.694 30.2517 1
170.879 31.0331 14
298.056 38.9887 10
353.086 41.6921 1
353.221 82.171 1
154.585 88.0086 4
340.328 102.91 6
352.956 119.315 1
140.886 131.367 1
182.476 157.203 7
184.529 167.879 2
153.373 188.701 36
124.513 195.061 7
57.2373 231.623 14
59.7345 237.101 1
83.5305 249.031 4
353.069 265.084 1
243.036 4.64037 1
283.438 4.58016 1
147.832 6.12128 2
319.961 13.0048 6
132.78 21.0644 1
6.86851 48.5352 1
182.297 64.7269 4
26.1918 69.0851 7
255.79 91.9905 2
182.62 153.507 1
125.351 190.99 3
159.261 194.076 9
195.661 194.376 2
183.599 210.846 10
278.08 242.853 1
129.788 255.174 7
184.699 256.221 5
324.759 273.46 1
312.326 15.5514 2
175.657 93.1152 7
98.2077 96.7058 6
44.4272 166.788 11
195.328 256.747 6
253.189 84.744 3
55.6579 159.008 9
251.925 158.39 14
117.688 165.145 23
119.154 10.2285 1
248.59 9.37204 2
88.1575 15.7222 1
44.8227 17.4723 1
20.8196 21.2913 1
34.3831 22.8415 1
318.274 32.6987 2
247.497 39.154 2
41.9378 48.0025 1
11.5662 51.24 1
75.6335 51.3529 2
230.993 63.0753 2
325.853 74.3311 1
216.514 79.9481 2
149.703 83.313 2
118.427 87.0381 4
158.888 96.6567 2
78.5771 103.515 3
202.331 110.922 3
162.222 112.176 1
65.8573 119.797 5
190.352 127.219 6
22.5337 145.86 1
201.362 155.256 5
160.393 165.005 6
62.115 163.9 5
136.616 165.931 1
137.7 174.626 6
202.744 187.85 7
134.754 194.251 9
166.658 214.605 5
345.717 215.421 1
68.3305 236.417 1
347.308 262.245 1
331.574 273.809 1
178.917 83.3361 1
259.641 82.0287 1
133.911 88.183 6
54.9404 128.104 6
109.347 160.698 7
176.116 170.41 3
185.25 45.7858 1
251.786 51.6996 3
46.1748 78.9188 1
196.51 82.5922 4
331.584 87.2932 1
77.2667 88.9269 3
216.137 115.974 1
260.583 118.286 1
108.875 122.571 3
73.4585 126.602 1
333.375 131.787 1
160.683 174.818 11
262.533 189.91 1
212.465 193.979 1
74.9786 198.365 1
144.331 205.868 8
188.493 224.717 1
264.83 262.9 1
50.4292 97.7757 1
53.8811 204.435 1
263.727 69.1006 1
88.1748 142.72 1
266.169 138.36 2
89.9934 218.396 1
224.809 216.57 1
272.26 81.777 1
109.458 155.499 1
190.477 192.217 1
283.713 38.7053 11
267.448 92.7635 15
280.855 95.576 5
289.301 96.993 3
347.243 103.271 5
59.0719 101.251 1
97.6884 109.264 2
239.001 165.805 5
161.336 182.935 6
136.582 255.616 3
281.177 38.1845 1
185.061 93.3453 1
112.85 96.9113 3
232.22 166.855 4
90.0398 255.456 5
202.612 256.396 3
140.639 88.0989 2
222.348 98.2327 8
232.154 96.83 1
202.168 98.2628 3
338.22 77.2482 1
164.33 206.561 4
65.121 87.9075 1
253.797 110.696 5
164.813 201.191 3
216.403 124.607 2
261.497 128.489 2
309.352 52.0458 3
268.983 31.4963 15
258.037 24.6369 4
249.23 20.6682 7
239.18 16.8885 10
297.729 96.3759 4
262.902 90.4831 1
188.234 21.2069 4
180.473 20.7086 2
170.361 21.7579 8
149.356 17.9052 1
272.29 163.579 1
311.429 223.63 1
247.423 185.212 5
226.673 166.663 5
219.838 165.716 6
226.448 177.904 7
147.919 165.821 17
174.949 202.924 2
212.528 245.902 2
169.191 204.165 2
120.029 158.569 1
166.291 247.955 3
278.597 162.467 1
102.845 245.97 1
133.363 34.6116 1
60.5464 124.898 2
332.163 117.437 1
123.409 202.016 1
121.503 28.2726 3
171.805 86.9898 1
64.927 168.312 2
210.846 81.6106 1
173.604 168.218 7
111.825 189.625 2
129.004 214.558 1
209.518 161.428 3
328.54 111.217 1
314.046 109.179 6
298.79 106.689 2
192.631 28.743 1
318.792 56.8963 1
307.656 101.208 3
102.945 24.8244 6
18.5679 33.3937 4
17.8319 274.702 2
91.1277 45.5392 3
54.7185 41.3447 1
171.74 111.981 1
117.096 203.594 1
82.6646 176.94 6
69.0448 74.7304 1
96.3041 163.664 2
178.14 150.941 4
64.9333 28.7713 1
25.2177 33.0787 1
335.521 252.108 2
324.594 207.277 1
315.053 64.0805 4
193.866 98.8932 1
273.457 107.022 2
89.1935 111.014 1
332.635 150.125 1
324.761 150.718 3
138.267 187.396 1
26.8455 61.6764 2
310.796 151.65 2
284.499 88.5039 4
181.172 97.6776 2
69.7638 66.5429 2
119.112 133.781 3
308.601 233.289 2
49.3668 61.5101 1
130.022 208.894 1
203.382 116.305 1
253.919 116.582 3
65.1832 129.042 3
168.831 170.295 2
67.5198 197.572 1
148.028 199.863 1
193.636 21.0169 1
234.772 87.6329 2
203.694 90.6768 3
93.1756 97.5982 2
118.811 118.152 1
208.166 19.9483 1
224.343 90.4461 1
218.481 90.1868 2
197.119 92.0934 1
256.518 167.882 1
208.154 113.857 2
213.75 130.71 1
110.805 28.4533 4
99.1233 42.842 1
85.8248 96.7781 1
95.3239 245.202 2
61.5461 68.0235 1
144.997 194.276 1
210.927 108.42 1
116.621 210.049 1
103.136 189.459 1
339.005 248.253 1
102.099 160.862 1
308.839 61.1905 1
234.998 159.014 1
319.152 97.7525 2
292.472 92.527 4
278.882 82.0033 1
203.567 126.243 3
254.242 127.084 3
37.8489 72.2996 1
207.516 121.717 1
108.58 129.088 1
258.359 135.532 1
150.823 138.592 1
206.383 167.961 1
102.379 123.506 1
98.0033 195.546 1
78.8158 24.3705 2
107.589 254.481 2
69.5745 266.528 1
216.482 108.14 2
242.561 76.0745 1
96.7858 155.541 1
343.025 242.257 1
214.115 240.08 1
201.086 240.038 1
191.558 240.124 1
267.438 157.748 1
237.781 81.2794 1
286.036 33.8988 1
106.092 150.79 2
190.628 204.132 2
139.506 211.339 2
196.905 115.601 2
56.955 34.5143 5
343.952 147.533 2
38.4612 181.4 1
199.271 248.445 1
224.134 247.946 3
237.524 11.4516 1
236.175 109.189 1
122.342 20.1526 1
196.021 32.5505 1
211.976 94.6323 2
177.237 43.0472 1
142.044 44.3352 1
342.877 123.081 2
169.213 45.9191 1
197.151 128.227 1
198.141 136.722 1
250.946 131.578 3
141.814 151.761 1
189.95 35.1414 2
258.199 18.5341 1
277.248 156.517 2
295.638 223.453 2
