3828 47508
888.265 36.4112 1
226.808 67.1098 73
221.963 75.7466 9
852.101 75.3689 3
230.189 90.2628 119
231.052 86.5897 1
218.197 90.8504 16
819.741 92.6497 4
886.158 99.2257 2
616.606 101.748 18
269.52 103.676 16
626.171 104.244 9
174.831 111.851 50
636.104 109.814 27
765.525 108.089 40
871.487 109.485 2
222.05 110.682 39
270.222 110.483 4
809.879 107.834 26
826.648 111.486 13
245.856 113.815 89
826.927 112.22 3
834.469 112.701 6
730.85 112.983 1
737.472 113.156 3
857.977 113.868 12
193.147 114.253 25
693.006 114.281 3
707.67 113.709 5
573.651 110.712 27
172.894 128.274 34
202.451 120.902 44
230.554 121.359 14
597.371 118.132 75
701.981 128.418 5
277.598 132.513 241
193.261 129.668 43
608.108 125.628 20
640.705 126.346 5
202.036 128.352 3
654.591 127.884 4
159.322 129.293 44
692.717 135.357 40
267.745 132.248 23
299.271 138.615 73
302.448 139.324 15
186.962 135.29 16
278.59 133.817 1
174.895 140.031 15
228.443 141.72 36
196.363 140.373 35
162.432 147.588 49
267.661 145.472 17
315.393 145.793 46
157.682 146.576 1
360.922 144.904 74
540.129 151.529 42
218.953 135.812 59
314.496 147.416 4
337.028 151.843 61
165.722 154.981 28
547.407 153.689 8
564.156 157.728 44
353.761 154.098 63
357.94 154.474 2
255.052 160.066 94
344.364 151.274 6
322.733 156.998 40
269.259 156.898 37
275.628 159.232 8
353.4 160.429 1
379.959 165.619 138
544.18 165.693 93
311.117 162.809 20
551.427 171.38 46
169.649 171.019 82
221.514 169.719 65
382.567 167.186 13
547.185 171.584 6
366.813 180.063 73
573.934 174.2 59
201.327 166.466 19
346.682 168.089 54
309.844 178.103 44
561.012 172.287 13
569.61 175.062 6
271.654 173.674 60
404.653 173.062 80
535.978 180.414 17
118.733 174.732 19
135.478 174.27 58
151.892 175.708 29
222.738 180.023 67
243.511 170.281 65
53.5467 176.336 17
60.6242 174.946 17
69.3549 179.828 39
103.942 175.011 9
238.751 182.177 36
40.0354 176.771 6
586.791 174.472 56
201.851 178.762 33
239.239 181.967 3
267.542 179.487 101
388.373 179.075 48
218.739 181.272 13
179.152 183.709 40
211.863 192.123 21
541.828 191.135 60
815.527 185.654 65
197.583 188.316 32
364.286 181.208 38
686.831 193.495 49
683.308 197.048 57
712.7 187.483 7
802.704 193.078 98
352.296 188.38 26
567.302 196.074 132
651.593 193.678 104
659.461 187.303 23
668.812 189.58 50
602.721 189.228 45
607.906 199.34 38
613.791 189.098 21
633.785 196.482 51
639.964 190.105 2
38.7282 191.072 5
91.7361 197.59 36
105.228 190.952 8
587.578 190.178 40
814.874 188.179 8
19.9538 192.443 4
415.7 197.059 157
450.763 189.742 79
534.656 198.079 82
555.62 190.604 21
220.393 198.173 18
228.335 191.192 8
231.381 198.814 37
423.409 192.815 12
432.73 192.521 18
441.788 194.386 38
527.01 193.033 11
215.102 194.202 2
488.519 198.651 192
494.634 193.175 17
514.224 194.018 33
388.676 196.341 36
467.324 191.783 43
789.855 192.851 33
374.718 203.103 50
470.445 196.053 21
768.567 197.971 85
355.02 208.392 19
369.706 202.704 14
669.061 202.304 20
737.064 195.474 56
750.612 199.86 15
837.705 196.411 18
332.914 198.962 57
698.034 210.41 85
707.623 196.848 43
469.944 197.611 8
683.782 196.824 9
308.022 206.015 68
295.859 201.856 2
547.919 201.711 7
557.942 211.499 60
576.374 200.876 6
777.425 209.613 14
209.963 206.684 47
521.48 203.526 14
530.941 207.056 11
743.68 209.554 43
67.8238 211.949 65
115.932 202.144 63
484.617 218.364 90
506.714 206.908 21
249.904 200.705 60
112.578 211.798 28
123.169 206.506 23
35.3432 212.239 19
129.457 204.673 18
232.063 205.02 11
214.564 207.95 3
244.138 206.261 17
545.22 215.897 51
26.2413 218.193 19
377.902 208.347 30
523.904 221.761 16
41.3758 207.569 14
893.699 210.388 1
68.0046 214.941 5
461.525 223.456 171
476.381 211.3 2
334.625 210.586 33
346.927 218.098 97
853.224 219.202 33
875.223 212.478 7
213.024 223.912 168
822.035 209.825 12
669.396 214.08 89
866.126 213.992 7
59.049 223.528 56
70.2181 217.304 1
128.397 217.263 8
295.637 218.671 39
445.508 224.028 69
459.379 218.042 12
782.298 222.345 52
198.967 219.284 25
333.666 220.122 3
356.553 219.728 12
723.058 224.979 32
313.918 219.418 9
420.23 219.828 39
673.731 227.521 39
763.028 217.9 15
770.218 223.368 13
846.112 217.037 33
853.849 220.802 1
20.2583 220.527 5
251.304 219.312 38
109.454 222.473 21
631.963 218.893 33
639.546 227.601 53
666.203 226.453 6
714.948 214.138 42
579.807 224.229 107
618.613 233.717 75
86.5195 219.31 21
538.973 230.242 58
867.291 223.53 10
105.353 225.708 5
350.3 225.192 9
484.055 234.263 89
539.85 246.321 83
605.371 230.133 58
44.6677 229.82 20
521.085 229.025 74
559.98 238.514 65
13.2343 227.287 2
476.965 227.44 9
491.275 227.181 1
648.533 238.288 108
728.122 226.356 5
175.123 235.419 100
199.941 233.975 66
514.116 230.001 14
814.824 231.944 116
137.981 229.544 110
156.406 228.942 45
433.491 237.726 139
643.723 229.399 1
677.98 229.356 2
831.301 229.691 32
421.463 237.371 9
428.845 227.241 11
546.499 230.718 2
826.329 230.71 2
102.033 237.149 31
593.399 229.332 27
748.482 233.195 159
802.692 237.366 59
408.73 237.757 111
748.171 232.136 2
836.936 224.491 32
298.122 232.349 66
505.564 233.256 48
12.2297 234.292 1
793.643 234.355 51
148.903 234.979 7
217.066 235.192 22
820.827 241.149 9
140.52 240.504 16
771.362 242.473 72
195.329 244.072 42
339.99 236.602 27
802.636 237.454 1
109.051 251.366 33
747.362 237.32 1
854.188 233.809 6
33.767 235.792 15
468.835 241.75 53
760.601 238.222 23
145.937 251.636 66
171.626 246.758 15
586.481 241.552 47
810.779 244.61 12
887.027 240.13 3
119.999 241.57 29
359.249 242.684 95
637.04 242.118 38
733.351 239.008 51
777.037 241.082 1
205.204 253 95
493.258 240.824 5
516.641 255.099 54
525.85 240.955 23
465.167 245.19 31
667.786 250.935 71
787.261 242.493 35
381.99 240.185 51
573.721 256.647 104
70.3984 241.915 14
131.204 253.647 27
606.085 250.764 121
636.455 253.201 77
879.203 248.138 6
425.675 252.721 107
617.842 257.456 81
766.631 250.125 13
859.333 252.049 18
369.772 247.361 88
404.192 258.87 66
279.041 244.059 53
454.873 245.277 14
515.254 247.052 8
561.251 243.987 72
572.331 247.496 3
160.679 258.368 57
191.557 251.981 32
451.936 248.339 43
464.074 248.405 1
881.415 252.797 5
105.015 249.046 3
496.788 264.777 157
515.753 259.094 67
606.857 250.679 7
738.044 252.481 29
893.294 246.518 3
235.919 249.651 59
266.102 259.543 119
548.05 250.179 29
668.037 251.211 17
720.903 253.847 51
485.284 258.201 6
573.625 256.402 23
650.232 253.342 34
93.0113 249.154 9
247.146 252.802 26
256.642 242.554 45
541.105 259.639 60
641.013 253.017 10
693.469 256.228 145
57.4137 254.055 28
143.689 251.704 8
155.507 259.587 58
161.904 254.413 6
177.737 253.835 93
341.049 258.841 62
113.605 260.021 24
227.814 258.701 70
267.665 268.958 58
595.053 256.554 50
194.875 262.791 15
86.8618 254.409 19
424.789 255.429 9
858.289 254.869 23
875.787 259.822 9
580.719 260.889 16
670.331 265.109 58
473.486 263.068 145
875.652 260.214 1
890.454 259.663 2
232.341 259.061 10
362.557 270.273 46
653.028 265.024 6
816.1 261.608 48
253.861 262.264 1
785.302 257.045 68
863.197 261.828 7
835.693 261.008 21
848.393 262.942 16
33.342 267.717 13
311.705 264.668 179
333.627 260.978 21
538.42 267.203 29
820.748 262.799 7
823.88 268.727 13
835.378 263.958 15
844.804 268.101 6
472.795 264.773 9
500.166 266.066 22
573.757 275.589 35
698.368 261.486 7
884.524 264.555 1
149.826 266.194 3
445.073 264.238 72
457.782 265.594 2
660.027 274.055 49
689.684 264.674 11
741.792 264.422 58
732.597 279.582 79
14.1652 267.737 3
284.949 262.824 47
521.596 277.835 48
207.007 274.965 58
388.792 272.394 78
406.149 267.641 38
717.085 264.661 74
879.93 268.467 2
302.471 269.749 13
545.152 277.379 44
334.715 276.843 130
47.9585 274.768 38
152.961 277.111 44
351.461 269.958 18
890.897 272.235 1
23.5269 272.212 4
416.6 273.422 27
559.219 269.358 38
681.045 278.815 56
726.09 277.775 19
743.693 280.158 28
135.021 278.651 23
757.705 274.601 19
766.252 265.185 92
796.983 270.198 50
430.644 278.14 27
780.676 280.794 40
117.232 275.601 20
192.327 287.427 55
257.279 275.367 32
455.132 276.454 15
658.478 279.897 46
817.635 277.933 27
126.804 271.928 22
280.994 270.691 68
391.044 280.01 29
615.714 281.032 84
14.4874 279.448 1
304.543 286.13 24
859.514 283.175 42
453.382 287.647 100
838.201 290.232 55
763.599 288.405 9
832.119 277.991 16
295.625 278.891 34
348.063 281.926 23
98.0473 281.628 96
469.413 278.06 20
629.02 281.245 70
716.327 292.05 56
746.793 289.369 25
878.14 281.279 4
537.47 292.948 40
667.183 293.385 89
708.58 278.638 58
90.9386 291.15 52
134.472 297.54 66
197.395 284.907 10
609.013 294.699 99
646.3 281.6 10
664.227 282.007 6
691.429 283.2 24
693.49 284.392 35
754.35 293.462 49
243.073 285.681 68
653.851 285.148 11
678.089 285.295 6
116.635 284.022 32
307.646 288.147 5
548.831 286.786 20
640.487 288.629 7
799.939 285.8 40
80.0647 291.726 41
542.487 287.288 3
558.092 295.153 77
68.522 290.109 8
311.349 296.318 44
611.941 294.514 21
118.114 287.686 15
57.2698 295.611 49
158.999 290.954 9
459.449 293.994 10
701.61 301.434 57
47.5093 293.271 27
147.979 292.064 18
666.069 296.637 3
777.109 297.014 9
510.096 295.858 50
228.274 297.941 54
496.565 297.071 118
805.366 297.249 20
397.872 298.64 16
413.599 298.883 102
432.911 298.135 47
535.914 302.704 8
385.058 306.266 75
430.612 305.822 18
821.068 294.33 32
374.056 296.875 34
521.95 307.656 36
576.304 302.044 32
765.553 304.967 17
880.13 301.11 3
368.625 299.378 15
738.064 302.814 66
47.2492 309.616 23
200.631 314.001 10
363.502 308.382 24
20.7593 304.512 2
78.4922 305.417 9
598.423 305.192 13
711.171 305.083 2
302.042 304.876 54
336.922 303.866 95
350.31 301.986 23
133.571 316.117 136
228.641 308.669 55
290.448 303.23 31
448.297 306.563 52
783.077 304.305 64
879.694 308.076 5
151.523 307.115 14
285.229 325.513 140
291.759 307.239 1
452.056 307.194 1
271.306 304.32 68
621.036 318.495 50
46.6484 313.722 11
261.032 309.287 30
818.736 308.378 20
247.835 306.283 33
767.053 309.588 23
228.959 313.749 13
548.824 314.313 45
33.6977 311.998 27
176.261 314.658 81
635.945 315.966 37
676.97 308.539 62
750.074 319.248 80
811.419 311.944 11
856.262 312.036 7
880.904 316.162 8
115.053 320.698 55
123.473 315.229 1
151.289 315.639 4
111.978 316.314 1
327.775 317.243 25
348.316 315.128 8
198.093 321.17 57
32.4472 318.645 8
275.995 319.749 13
723.058 326.893 94
879.733 321.742 7
306.487 320.85 31
459.88 315.646 102
548.224 318.688 9
584.324 321.636 88
603.948 320.339 47
524.731 322.729 57
643.004 322.402 15
846.452 325.757 11
790.106 322.472 54
147.515 327.585 46
410.462 323.679 117
510.852 320.826 37
566.741 325.65 42
629.659 326.982 59
201.509 328.574 8
476.506 326.841 127
256.896 328.866 39
610.463 327.567 7
43.9329 331.042 21
429.773 330.667 105
470.098 326.44 4
738.061 327.724 58
812.84 330.484 53
856.971 330.753 17
75.6772 322.904 80
177.184 328.037 17
371.708 325.79 65
881.325 327.601 3
349.956 332.621 171
521.979 328.592 27
573.561 328.953 21
669.213 325.04 19
164.603 333.816 80
169.288 329.365 4
249.529 330.6 34
309.719 331.858 7
389.781 329.551 31
715.512 330.543 36
208.387 338.947 24
445.686 329.682 12
825.404 328.073 11
273.144 334.356 16
317.976 333.292 34
426.657 342.524 67
258.65 342.434 57
874.369 338.932 10
94.8247 339.172 29
179.547 337.475 53
610.785 338.458 82
805.559 333.229 19
184.787 339.769 17
836.417 331.378 44
880.17 337.425 3
384.422 346.238 55
604.278 335.894 55
650.358 339.774 105
671.486 342.815 53
730.946 341.877 14
792.04 340.532 33
362.949 340.529 23
297.468 341.737 91
344.785 341.223 9
202.774 340.777 11
627.328 342.314 1
864.827 341.726 20
284.179 346.653 27
462.278 347.54 20
481.244 347.472 14
692.367 345.866 70
195.841 341.818 6
379.911 352.252 30
652.195 344.089 1
185.419 350.393 65
620.683 351.01 56
785.304 344.879 10
119.995 346.138 83
750.177 352.25 108
28.381 345.848 15
842.132 349.459 35
227.385 347.297 53
313.142 350.693 57
244.011 349.231 36
289.555 352.423 3
347.98 356.311 40
488.838 346.955 33
556.781 346.953 22
859.557 353.393 25
170.771 354.695 24
715.191 346.884 62
822.646 354.69 32
29.2738 355.018 9
367.759 352.479 18
399.123 345.609 36
604.616 358.044 48
306.786 351.725 2
852.402 351.34 4
526.358 355.763 48
155.882 363.148 48
312.272 353.643 2
582.721 349.21 46
694.724 362.58 38
735.731 353.072 42
218.889 358.017 24
325.365 358.025 48
573.382 358.403 63
48.6663 360.238 32
238.633 355.019 31
359.766 360.233 93
540.843 355.429 32
784.41 363.439 33
37.6574 355.62 8
508.2 357.378 138
400.645 366.485 100
123.364 364.568 29
202.713 356.928 18
17.759 360.083 12
217.215 360.234 44
704.739 372.403 78
839.827 358.308 10
588.629 378.268 100
690.034 366.356 4
711.654 362.413 24
34.5817 367.183 5
138.251 365.097 47
739.611 366.715 39
485.55 363.154 47
51.8708 370.866 23
732.262 365.744 7
816.057 365.941 36
760.647 365.478 38
853.13 367.831 4
863.186 371.691 11
868.57 367.372 2
876.239 367.134 5
884.575 367.945 1
892.647 367.269 1
792.315 371.776 22
242.688 379.049 55
515.604 370.086 3
565.357 368.348 9
615.574 373.677 4
628.98 374.286 12
693.412 370.176 6
12.9223 374.06 4
125.624 370.747 10
429.157 374.465 45
634.856 369.29 4
640.406 374.582 30
649.565 370.276 1
680.154 374.925 15
336.721 375.23 24
704.7 370.984 5
240.335 372.531 4
718.878 373.866 38
44.8454 378.185 9
350.955 368.366 15
60.2553 377.341 11
526.924 385.009 80
790.743 374.113 26
828.622 375.693 20
833.821 372.736 22
126.763 375.549 1
257.716 374.098 58
272.111 376.266 40
296.525 383.108 105
311.822 377.006 34
379.183 370.308 17
514.091 378.385 5
7.62683 377.147 1
394.08 377.376 55
171.137 378.59 28
351.894 381.75 19
462.099 376.412 19
710.417 378.419 4
142.445 377.189 26
215.953 381.652 56
372.815 383.742 112
508.286 376.919 8
573.565 382.277 94
191.481 394.517 54
394.028 394.612 104
479.458 377.748 43
511.363 388.591 45
529.892 384.789 9
541.214 386.257 27
804.047 385.416 29
66.7468 387.91 62
152.073 384.229 44
557.042 387.894 19
833.416 383.235 16
214.406 386.281 1
281.319 387.134 20
290.811 385.91 2
570.471 384.912 3
122.613 393.726 33
363.109 386.851 1
78.6396 387.038 7
591.735 389.603 17
403.685 387.403 13
551.781 393.732 18
140.715 389.076 21
265.459 384.487 29
309.768 398.053 16
844.053 389.805 67
232.972 395.386 26
687.361 389.715 37
202.584 392.992 18
555.077 394.245 12
600.746 392.012 24
153.561 393.393 7
654.004 392.954 5
668.731 391.949 50
825.842 395.258 35
294.743 397.337 14
327.847 388.229 21
574.771 393.239 13
855.862 399.742 22
130.061 396.718 24
317.629 394.478 14
341.736 401.829 111
488.957 396.89 62
498.431 393.836 4
49.0348 402.537 33
846.264 397.042 1
222.151 404.156 93
381.191 401.419 27
436.426 392.581 70
830.833 401.53 11
815.058 398.808 16
39.6042 399.024 12
297.702 406.861 15
852.143 400.99 1
139.082 401.088 50
150.017 407.616 57
192.786 400.488 24
301.881 400.419 4
241.639 400.035 39
382.673 405.919 26
58.6749 403.314 10
269.319 408.026 26
367.026 408.002 17
774.301 403.863 12
798.754 402.229 27
351.083 404.344 3
573.679 410.241 62
598.316 404.339 43
613.396 404.212 80
656.003 405.71 37
711.472 400.97 49
585.68 403.692 20
244.519 406.824 21
340.593 413.925 6
437.954 411.327 26
174.23 410.766 38
426.8 408.354 58
888.746 409.188 1
205.513 411.078 29
441.065 410.442 1
803.426 416.324 20
126.658 413.522 34
165.499 408.633 8
361.475 411.299 3
371.373 410.408 8
384.459 410.122 8
818.173 413.483 10
104.349 416.738 22
280.013 410.627 23
655.181 411.648 8
573.612 412.086 20
630.394 411.098 57
74.3717 414.247 15
527.753 411.048 21
90.7575 414.142 34
258.7 414.808 13
338.055 420.867 29
788.309 416.646 42
833.9 415.444 58
858.786 414.094 3
668.061 414.355 11
133.115 422.842 27
236.784 420.215 41
580.935 418.099 6
642.576 419.443 31
615.839 420.084 43
740.675 418.418 21
752.421 419.3 16
758.549 420.128 1
770.816 419.549 28
779.758 423.953 8
175.931 420.574 34
247.302 427.619 22
322.112 417.334 40
339.732 422.554 8
410.977 416.909 35
871.555 420.614 17
281.135 421.338 24
296.213 421.643 87
316.443 422.077 24
603.172 421.039 26
660.663 422.764 48
129.451 423.665 2
290.065 424.139 1
353.853 423.396 28
382.238 423.059 51
564.6 419.694 13
262.838 423.631 37
272.458 429.816 27
318.097 422.988 3
863.686 424.518 1
34.1979 424.315 3
395.808 429.956 10
882.039 425.783 2
448.344 422.645 52
624.596 429.022 36
826.408 427.862 27
556.76 434.252 21
574.405 428.123 21
195.632 429.784 8
429.647 427.235 31
448.319 433.632 6
497.719 422.541 40
543.594 429.175 24
570 429.238 1
747.502 433.716 7
393.779 425.306 17
703.645 426.609 82
715.635 430.931 1
738.295 427.194 15
722.3 431.059 7
731.388 434.756 11
607.296 433.973 44
770.9 437.413 18
137.309 434.067 11
786.128 433.287 25
121.391 434.478 20
759.845 434.774 19
783.713 439.433 12
816.534 434.852 27
700.185 436.804 1
867.6 435.92 15
88.5597 436.721 4
877.94 437.212 2
76.8811 439.323 34
594.159 438.674 10
667.917 437.353 36
61.8858 438.552 9
594.661 433.251 26
602.559 443.146 6
665.321 437.526 8
215.751 441.712 30
361.788 447.721 33
123.703 444.124 3
130.517 441.398 7
190.327 445.037 19
470.494 447.987 10
829.472 449.072 10
879 444.867 5
25.7388 440.746 8
443.004 446.02 6
340.693 452.07 22
401.011 444.769 24
820.589 446.232 13
807.523 447.023 8
879.453 449.08 1
566.74 449.993 13
868.772 449.285 4
193.876 450.459 2
548.09 448.256 7
549.949 450.273 2
283.251 451.527 10
294.066 450.934 13
326.636 450.991 10
340.845 451.516 1
511.128 456.871 20
822.988 453.069 2
689.351 453.979 2
535.399 448.296 11
715.393 455.084 6
391.382 456.091 16
194.6 457.787 8
339.278 458.003 2
648.197 455.278 7
683.594 455.627 3
706.535 457.639 4
456.816 461.186 2
339.817 463.334 2
781.42 463.752 7
792.656 462.695 6
849.696 463.071 1
760.375 462.797 6
535.278 465.01 3
811.422 465.732 7
339.899 468.735 1
756.394 469.296 2
823.821 471.629 1
403.642 475.92 1
339.389 477.292 1
532.86 477.973 1
853.627 5.16142 2
4.82437 12.0632 1
10.7627 24.2458 1
13.6867 31.4476 1
880.503 38.2448 1
87.3597 40.2278 4
863.064 40.5922 4
665.383 72.9506 46
883.99 70.4702 1
227.084 75.6447 2
873.55 77.285 1
860.184 78.8755 3
365.53 82.7479 7
235.635 90.1717 1
893.097 91.0591 1
845.823 95.5856 6
863.609 94.3514 7
315.513 98.6257 27
826.312 98.5796 19
281.667 102.658 12
813.231 102.725 1
890.805 102.986 1
882.386 103.464 1
224.354 105.746 1
612.064 108.801 17
776.23 112.134 60
283.851 111.199 7
577.462 109.469 1
840.783 109.203 11
848.763 113.116 6
250.584 111.477 7
168.463 113.8 2
764.345 115.375 12
870.512 115.931 4
214.131 116.466 21
818.179 120.479 11
229.074 117.161 1
583.704 118.183 6
642.712 117.075 7
831.275 121.296 20
237.066 118.171 4
274.841 117.934 1
890.503 118.543 1
855.099 122.136 6
195.316 120.159 1
252.913 127.037 43
571.779 123.539 28
282.666 123.082 2
218.405 128.312 36
587.783 128.054 6
599.753 132.298 20
228.478 128.687 3
699.944 128.487 2
803.145 128.052 6
193.18 131.614 1
242.03 133.033 37
283.087 131.298 2
351.206 136.385 21
682.542 134.14 8
255.475 138 16
167.562 138.849 20
315.177 137.898 9
358.415 137.994 6
881.124 137.104 1
215.937 141.858 7
228.653 142.946 3
187.318 152.022 28
199.995 149.375 25
278.841 147.861 18
286.42 146.666 1
254.803 148.149 8
336.24 148.87 6
678.334 148.923 5
580.521 150.389 24
819.154 151.467 24
219.899 152.454 6
631.374 151.552 3
321.868 152.232 1
209.243 156.425 8
561.105 154.394 6
649.288 149.004 6
761.945 154.363 7
316.608 155.398 1
595.006 155.473 4
624.59 157.652 7
573.622 158.667 3
191.858 165.571 18
199 163.289 8
187.815 165.126 13
347.494 165.09 1
358.462 168.251 17
14.2907 165.965 1
214.062 165.486 7
277.881 166.208 4
333.904 165.926 2
321.858 170.056 41
229.572 169.876 5
525.999 172.585 7
608.786 171.862 13
235.378 171.449 4
369.776 173.013 11
800.963 169.119 9
384.563 173.877 3
186.146 173.295 17
210.66 172.502 6
352.272 177.28 22
444.827 178.592 19
298.551 179.209 18
325.13 180.684 13
556.147 178.994 3
122.562 179.14 1
229.811 179.5 1
277.465 182.7 27
400.398 179.087 2
65.6501 179.893 3
108.075 179.772 3
136.13 181.138 7
147.969 183.489 17
164.292 184.419 25
380.791 179.502 3
34.7587 182.153 6
53.5327 182.083 6
250.7 183.91 46
458.263 182.709 14
594.684 180.825 17
22.8097 181.922 2
555.703 184.608 1
401.738 186.06 2
183.555 190.538 4
197.53 188.86 1
792.581 189.949 1
758.524 194.57 9
579.748 194.447 1
662.026 193.558 3
690.631 192.931 3
826.091 193.096 23
653.767 196.491 5
705.104 195.945 7
594.049 195.895 12
607.694 194.661 2
679.258 194.065 1
80.0814 200.039 26
90.5222 195.733 2
112.812 196.607 5
120.724 195.106 3
129.103 196.03 9
144.317 205.997 35
165.29 199.818 57
162.578 195.383 4
176.95 196.353 18
177.372 195.332 1
566.605 196.829 3
34.218 197.128 7
49.5952 197.084 9
56.2143 197.198 9
66.2236 197.165 3
73.6612 195.863 3
100.013 198.77 11
243.794 196.474 6
251.904 197.32 5
506.373 192.178 21
532.704 197.295 3
554.902 197.329 1
231.302 198.451 1
399.721 201.029 22
499.678 198.007 2
696.725 198.323 1
815.272 197.098 9
5.5902 198.88 1
219.277 198.766 1
831.028 204.184 27
893.047 199.459 1
624.078 198.74 7
796.156 199.741 1
88.1575 207.92 28
263.198 205.535 49
436.142 200.653 9
761.701 203.106 3
378.83 202.368 1
389.668 208.194 15
474.239 204.075 8
560.656 201.761 2
739.854 201.748 1
235.973 202.926 1
370.144 202.834 2
712.498 208.71 24
178.791 206.245 19
583.453 204.869 14
315.011 198.103 18
574.036 211.83 6
794.979 209.423 47
810.368 209.867 28
57.4591 207.055 5
764.37 207.345 16
779.509 207.902 9
480.569 207.83 5
624.693 208.957 22
734.525 208.246 12
757.112 208.735 7
72.5733 210.78 4
265.362 212.556 22
287.374 209.758 19
410.786 208.738 10
437.325 210.211 18
397.163 210.924 9
427.603 208.882 20
641.231 211.279 16
686.983 213.678 25
697.887 208.887 8
4.39971 210.322 1
108.729 212.971 11
832.544 212.256 8
115.037 211.467 1
133.857 212.728 13
221.338 212.31 6
252.024 212.251 3
594.354 212.876 8
596.319 211.711 3
614.464 214.599 5
674.066 211.317 2
234.4 217.847 44
264.413 212.278 1
384.539 215.66 32
561.21 212.286 8
572.162 212.137 9
581.268 212.426 10
183.316 213.718 5
213.92 213.859 1
242.899 213.821 3
277.14 212.465 24
518.852 213.907 19
535.681 213.227 2
808.838 213.647 19
101.36 214.723 4
149.084 216.349 57
378.235 214.844 1
514.03 216 4
756.828 214.604 2
765.106 214.533 3
788.248 217.715 6
366.386 219.771 8
416.139 214.84 3
463.859 215.77 1
483.039 216.206 10
885.357 214.933 1
25.5557 216.578 2
340.336 216.276 3
402.96 218.777 22
501.558 217.962 21
685.687 216.117 3
259.394 218.796 28
320.321 221.35 14
695.139 224.859 15
721.672 207.815 7
87.0729 215.924 10
119.634 219.414 29
267.169 218.39 1
431.931 218.313 11
608.888 217.034 9
661.565 220.537 9
817.688 218.064 5
826.083 217.807 4
63.5357 219.186 2
76.9753 219.255 6
324.102 228.035 26
410.059 220.149 14
809.452 218.991 4
49.5104 220.704 6
354.579 219.879 1
395.325 221.404 3
96.7192 219.252 7
145.272 220.588 1
520.324 221.032 1
367.011 221.784 10
496.263 222.34 1
886.069 222.589 1
408.59 227.688 8
424.507 225.118 6
451.979 227.34 5
735.667 222.695 17
185.016 224.499 10
297.079 225.7 12
309.368 224.912 11
341.391 225.104 4
446.336 223.964 4
124.421 225.183 8
720.208 224.65 3
137.952 225.823 1
242.676 228.135 19
4.59132 226.189 1
256.986 230.492 13
192.31 227.916 1
369.335 227.767 1
389.34 229.591 28
394.457 227.468 1
616.612 228.087 3
96.766 229.035 8
513.163 231.467 4
791.104 229.231 4
118.994 229.643 3
267.496 234.358 7
779.087 230.955 15
871.519 232.753 7
59.9289 231.722 13
128.478 228.206 7
735.342 230.863 8
854.09 231.087 3
862.265 230.735 5
358.605 231.85 2
709.131 234.495 22
713.021 231.427 1
721.755 236.154 21
883.206 231.096 1
688.57 233.953 53
845.596 233.229 5
5.94236 232.843 1
185.433 235.329 19
625.194 234.132 6
664.92 237.477 22
153.299 243.383 16
566.346 231.392 13
575.515 234.513 1
585.409 235.417 5
601.922 235.295 20
616.847 234.445 4
637.28 239.788 20
350.854 235.095 2
369.566 238.215 9
396.648 236.861 20
551.448 233.923 8
43.3018 237.852 17
76.9652 237.264 1
449.832 237.276 2
119.835 238.37 2
375.75 239.621 5
512.396 237.83 1
661.178 238.052 2
183.918 239.073 2
288.382 238.739 6
225.915 239.734 4
796.831 239.768 5
126.238 241.789 5
299.035 246.804 36
403.523 241.198 4
533.369 241.044 1
680.977 241.925 15
53.6598 243.726 23
150.02 242.458 3
249.758 243.266 5
802.963 245.789 10
843.742 241.681 6
551.868 243.104 3
762.959 243.315 1
783.691 243.391 14
857.8 242.933 5
108.129 243.998 1
291.686 246.46 12
397.001 243.878 1
15.8025 244.807 2
348.71 245.814 13
596.663 245.091 7
321.254 247.696 9
423.108 245.714 5
482.903 245.589 1
671.638 245.828 1
867.983 247.103 12
42.118 250.352 18
118.465 247.506 16
183.719 246.702 2
500.354 246.69 2
862.338 246.889 4
8.96592 247.438 1
202.617 253.324 15
437.999 247.889 5
526.719 248.242 5
644.947 247.68 4
683.688 250.464 4
755.174 248.633 33
843.392 247.841 7
141.345 249.187 2
160.482 247.974 1
602.17 248.289 1
90.6277 244.624 14
542.667 249.825 1
617.152 250.157 8
343.883 250.884 6
398.252 250.528 1
559.581 251.342 6
660.424 250.843 11
18.0707 251.994 1
720.089 253.335 3
785.416 251.361 4
278.711 253.23 7
31.122 253.587 5
51.0422 254.254 3
196.494 253.277 1
468.751 253.208 3
516.99 260.72 7
683.636 253.626 1
747.087 249.793 17
799.695 255.01 9
168.888 259.153 26
324.919 253.47 23
378.538 257.091 32
844.729 254.63 1
102.277 256.223 3
288.927 255.161 7
490.476 255.736 2
527.147 257.698 11
633.263 258.582 23
146.925 259.879 7
250.249 257.977 1
305.425 256.364 15
344.7 259.28 3
753.852 259.387 21
11.4402 259.017 2
62.5513 259.653 5
640.265 258.868 1
106.515 261.375 7
760.902 260.407 16
95.8014 262.221 17
451.511 261.234 1
560.531 261 10
47.6196 264.699 8
352.944 262.205 21
656.245 263.056 10
705.64 264.07 29
320.006 266.06 4
771.578 263.079 6
275.878 265.066 14
394.733 262.734 35
483.262 264.327 10
547.262 263.953 1
667.21 263.543 3
227.946 267.443 8
378.457 264.687 3
640.058 270.509 16
871.555 264.943 4
890.23 264.773 1
34.2317 270.018 4
249.358 266.075 13
404.773 264.643 3
604.03 270.068 10
777.473 266.07 5
856.02 265.214 11
298.514 267.077 1
366.644 266.503 3
416.091 266.69 6
536.488 267.251 1
587.776 267.574 10
595.893 267.222 6
801.844 266.152 12
865.816 266.397 3
20.5257 267.059 3
312.347 268.64 2
335.142 268.927 2
397.662 269.092 2
422.935 268.571 8
564.141 276.118 20
823.338 268.567 2
31.5003 269.476 1
317.792 269.973 1
474.624 269.564 2
503.743 273.289 22
662.358 268.557 7
361.323 272.025 8
441.612 274.027 20
487.385 271.089 11
683.541 271.121 6
718.844 272.281 3
747.468 270.07 2
807.824 270.543 3
520.252 270.838 33
76.701 270.994 5
257.021 272.98 1
699.317 276.36 16
817.52 274.623 8
851.018 275.93 7
43.9874 274.222 4
66.9984 273.956 9
250.258 273.482 2
405.188 273.842 12
594.23 273.727 13
708.695 273.356 4
456.247 274.16 2
828.331 274.613 4
846.439 274.133 2
367.866 275.142 1
433.591 274.834 3
468.347 275.779 2
293.678 276.729 1
386.435 275.749 5
549.364 276.233 3
566.005 281.439 28
875.952 277.193 1
219.934 279.046 18
557.228 278.673 4
598.895 278.428 1
634.098 277.468 8
675.476 279.339 8
866.925 278.885 5
625.005 279.577 1
771.872 279.249 1
24.7954 280.667 10
61.1134 280.296 6
200.777 280.348 5
476.449 279.76 17
661.004 280.023 1
750.928 280.259 2
120.663 281.136 2
331.757 281.431 28
423.475 283.305 17
436.413 284.06 15
32.496 285.895 15
409.121 286.537 27
700.678 282.54 2
798.05 282.24 1
807.899 284.016 6
112.815 283.529 5
141.517 284.327 4
391.195 283.533 3
156.775 285.798 4
314.022 278.811 5
13.1342 284.654 1
319.726 286.438 14
357.236 286.045 30
382.182 287.479 25
757.055 285.315 3
790.383 287.972 18
838.073 284.706 2
269.688 284.892 18
481.917 287.488 18
726.647 290.519 12
819.943 287.128 11
354.416 286.934 4
813.612 286.589 3
885.234 286.791 1
408.473 287.369 1
705.059 287.977 6
719.291 294.545 11
216.035 288.771 1
397.744 289.187 10
615.392 289.065 1
660.199 289.154 1
672.235 288.784 3
768.381 291.196 26
784.512 288.247 6
871.65 289.429 10
257.372 289.445 12
585.192 296.506 16
622.455 289.273 8
845.232 290.023 8
91.0027 290.061 2
359.67 290.053 1
646.404 300.515 50
735.458 290.862 15
124.196 291.646 2
313.253 292.819 14
679.926 292.087 15
760.262 291.362 3
54.6163 292.7 2
283.833 292.974 23
571.105 292.421 11
796.995 292.766 4
31.293 293.878 13
262.33 294.876 5
293.025 293.756 7
553.466 293.071 2
9.41343 294.347 2
37.035 293.163 6
516.518 294.416 6
607.554 294.608 2
767.929 294.742 5
872.089 294.711 1
349.842 293.668 5
381.998 295.148 3
865.591 295.823 3
883.19 295.59 1
106.098 298.005 12
591.811 296.18 19
627.321 302.899 21
745.237 295.855 2
83.3798 297.304 5
818.508 297.711 5
835.212 297.671 6
843.739 299.73 19
202.196 297.887 5
273.382 298.722 13
488.58 298.772 19
17.8674 299.198 1
119.19 298.846 2
321.696 302.239 19
653.895 300.157 7
44.8675 300.27 2
156.495 300.334 22
564.643 301.332 23
780.473 300.278 2
194.16 297.614 11
236.089 301.366 14
586.439 302.872 11
644.623 300.604 1
207.918 305.865 8
483.432 302.423 5
544.915 298.121 10
556.409 311.238 18
861.945 304.681 10
402.621 303.721 18
772.032 302.802 5
54.3025 303.956 11
319.946 310.497 38
415.304 311.405 11
32.4085 304.701 4
386.98 312.73 19
375.495 305.59 2
444.714 299.051 8
841.65 306.022 3
161.311 311.468 19
240.488 306.608 2
874.711 306.805 1
354.643 308.504 7
364.225 307.358 2
748.269 307.321 3
847.318 307.759 4
459.369 308.955 1
718.941 308.519 29
802.525 309.236 11
24.3482 312.224 5
91.9799 317.221 76
198.976 309.249 13
423.232 311.579 12
677.692 307.733 6
102.689 309.995 1
333.476 310.503 3
403.017 311.281 11
657.012 316.396 34
807.29 310.261 2
62.5887 311.781 11
315.296 310.997 2
471.436 308.406 19
487.059 312.206 28
574.51 311.49 6
391.219 317.156 23
466.213 312.478 2
559.208 312.51 18
777.518 312.061 2
134.558 313.806 12
373.817 313.287 4
517.344 312.926 2
528.297 313.438 7
659.997 312.894 18
762.643 315.249 12
91.5495 314.968 5
254.986 316.494 37
450.006 315.061 5
623.041 315.347 6
837.661 314.665 7
608.1 315.593 5
189.862 317.286 8
237.551 316.148 2
501.781 319.422 11
691.545 319.813 47
804.398 317.557 11
216.584 317.496 23
220.606 317.474 1
381.502 317.347 2
407.869 317.1 2
53.2978 319.039 10
79.0823 318.682 3
127.573 318.106 2
415.719 318.633 9
509.69 317.947 1
297.741 319.632 5
504.092 318.739 2
566.01 318.961 3
657.59 322.088 3
855.877 319.974 10
477.536 321.601 8
617.186 322.339 4
261.405 320.372 11
339.259 321.991 8
351.339 321.593 4
387.011 320.662 2
525.543 320.919 2
798.027 320.381 1
107.799 322.144 4
149.888 322.208 1
245.628 322.004 19
734.745 321.866 5
37.1434 322.549 2
60.3343 325.387 12
65.8286 323.024 5
134.366 329.2 7
422.76 322.499 3
176.903 323.713 5
359.628 327.562 28
868.429 323.564 13
122.261 324.843 2
281.769 325.429 6
492.288 324.993 5
597.019 324.736 13
723.542 325.582 1
456.291 326.993 12
693.565 326.074 23
219.292 329.771 45
237.564 332.169 23
255.602 327.093 7
605.256 328.916 3
654.006 327.253 12
766.651 321.522 24
837.251 327.749 10
138.248 327.416 3
220.104 328.239 1
542.863 332.87 40
567.073 327.96 2
756.707 329.299 28
411.816 328.605 1
461.578 331.313 8
623.566 327.967 3
637.364 329.559 10
68.6665 329.235 2
420.967 330.607 7
514.35 333.924 25
551.86 332.576 6
662.752 329.854 3
681.682 331.907 17
711.691 329.58 2
832.026 329.448 3
176.304 330.202 1
262.822 331.003 5
474.675 333.606 10
812.564 330.25 1
129.519 334.825 10
527.708 331.543 5
703.509 331.788 11
762.112 331.212 2
796.196 331.123 1
877.177 331.314 2
57.7249 332.575 7
371.902 333.245 11
533.859 339.24 34
225.701 333.591 2
327.132 338.14 16
291.735 333.016 8
614.107 333.913 1
629.036 336.262 7
671.607 334.329 5
734.563 331.872 3
757.502 334.654 1
842.388 334.43 1
34.938 336.371 24
241.285 336.234 6
334.726 333.395 10
515.77 339.568 3
550.271 337.855 13
658.582 336.357 1
716.356 342.034 10
50.2195 339.263 17
78.4139 342.692 33
102.339 343.584 10
117.378 337.754 8
377.814 337.198 2
495.659 337.244 3
312.484 338.985 3
321.141 344.425 8
334.53 337.994 1
420.16 341.855 10
447.803 341.906 56
572.405 338.14 3
641.356 342.221 18
811.213 338.18 1
60.3804 338.938 7
231.927 342.185 5
124.983 340.689 6
160.306 339.059 3
172.534 339.657 1
252.299 340.046 4
561.853 340.383 13
638.648 340.338 2
739.808 340.513 3
147.258 341.705 11
488.037 340.818 4
541.263 340.951 10
758.594 341.611 10
70.0916 351.729 41
609.721 341.828 2
246.026 342.924 1
269.397 351.231 33
411.48 342.994 14
319.196 343.611 1
335.343 349.745 14
371.291 344.217 3
707.351 343.932 34
805.436 350.313 37
816.456 344.733 7
824.928 343.531 5
54.3102 345.121 2
214.277 347.439 24
362.276 346.131 11
394.328 346.324 14
519.646 346.362 5
791.208 346.542 4
188.305 356.803 10
214.782 346.749 4
310.133 347.642 1
499.191 346.888 12
665.896 348.533 27
68.0379 360.315 15
583.569 341.597 31
829.292 347.305 1
256.004 348.887 6
459.582 348.807 2
771.123 347.83 35
109.406 349.584 1
148.657 349.982 1
158.622 349.593 6
382.484 351.833 37
802.421 350.049 6
864.034 349.71 5
243.898 350.427 1
598.927 351.777 20
201.679 353.262 12
335.123 353.241 21
466.572 352.023 2
512.987 352.446 1
705.039 353.229 10
81.5743 359.461 24
114.679 353.623 1
209.609 353.873 2
425.255 355.126 46
538.82 353.134 1
44.1168 354.789 4
260.313 357.029 10
347.06 354.745 5
435.848 355.959 5
745.957 354.661 1
363.541 358.317 14
856.776 355.855 5
553.367 357.164 20
179.956 357.209 9
269.546 360.036 9
487.468 356.974 4
532.716 356.863 4
563.883 358.347 9
841.927 357.167 2
22.483 358.124 1
251.41 358.987 10
494.552 357.629 3
101.031 360.797 25
619.76 359.803 3
33.9512 361.074 1
193.636 361.292 7
275.694 360.525 3
738.497 361.245 1
777.561 363.783 24
238.504 362.762 8
259.867 362.282 2
387.882 362.647 14
527.361 362.276 6
535.953 362.951 10
82.1446 361.035 10
352.943 364.383 4
504.653 363.315 1
595.1 365.456 12
67.0975 363.967 5
415.853 364.593 7
498.445 364.455 20
552.819 366.46 22
694.547 363.943 1
269.754 365.605 4
465.863 364.898 1
518.512 365.361 4
808.218 369.858 19
827.921 367.717 8
43.0254 366.981 3
86.2053 367.279 6
159.971 370.075 3
373.379 367.396 4
559.502 369.522 4
261.785 368.045 1
280.536 365.754 13
393.072 368.096 5
836.181 366.448 8
340.642 368.848 3
382.244 368.978 3
586.789 368.366 1
141.365 369.704 4
521.936 369.373 1
704.928 369.76 2
362.574 370.411 3
68.2888 371.448 6
368.697 371.781 2
720.002 371.937 11
857.137 371.946 3
776.382 379.596 27
879.72 372.037 2
887.891 372.029 1
408.312 373.798 7
752.579 379.261 47
805.619 374.542 13
414.148 381.817 29
426.981 374.892 1
438.543 375.02 11
598.788 374.18 13
663.139 374.609 5
672.722 377.59 18
814.19 377.097 12
358.615 376.193 4
552.729 375.242 9
572.23 375.473 2
383.975 375.801 2
486.4 377.471 1
716.596 377.008 4
43.7215 378.684 1
53.7254 377.764 2
213.896 378.53 6
562.079 377.82 2
69.2759 381.763 9
541.165 379.685 4
787.862 379.565 8
13.0531 379.972 1
183.699 380.41 3
254.939 379.693 6
303.176 380.646 5
448.144 382.695 15
498.213 380.949 8
685.563 380.557 1
120.808 381.297 4
241.909 382.652 5
265.123 381.359 5
275.386 382.2 12
328.733 383.035 5
435.343 387.017 28
794.363 388.275 21
232.408 376.747 13
428.386 384.201 18
517.562 382.977 11
721.953 381.855 2
131.837 383.553 1
138.033 387.244 17
341.665 382.974 19
462.97 383.355 8
492.444 382.589 6
697.964 382.203 29
4.34623 384.52 1
91.8819 385.269 34
368.451 383.978 1
113.819 385.943 16
413.098 383.379 8
530.598 384.47 1
819.974 384.84 9
191.963 386.077 2
171.464 386.613 1
398.694 386.659 2
812.282 390.026 6
421.949 387.38 11
631.7 389.344 20
661.053 387.423 1
679.504 388.136 2
718.424 390.992 39
871.179 387.38 2
43.1106 389.013 10
432.237 388.466 1
458.546 392.741 30
727.169 388.824 1
849.809 387.905 3
384.43 390.503 10
563.698 390.031 1
102.224 394.124 4
25.2661 391.107 2
92.1877 396.32 5
135.106 390.535 3
348.668 391.816 1
413.74 391.94 6
163.948 397.855 32
490.261 391.061 5
548.911 392.71 1
89.8255 392.853 2
177.473 395.963 14
333.738 392.89 2
445.284 392.535 7
505.076 393.308 27
307.644 394.293 2
867.207 398.171 4
14.5295 395.15 1
538.238 393.849 3
7.33592 396.435 2
65.8502 398.851 14
117.185 395.788 14
140.419 396.162 6
199.344 396.531 6
242.877 396.769 3
281.946 394.54 11
368.691 396.347 4
559.501 401.12 9
639.527 396.785 1
654.392 397.264 10
184.153 399.677 8
580.494 398.514 14
778.489 398.595 2
95.6197 398.817 3
432.18 399.202 7
277.576 400.088 5
608.049 400.433 1
724.834 400.1 3
473.198 400.277 5
864.731 401.141 6
45.8419 402.438 5
65.8544 400.787 9
375.198 402.096 7
507.058 406.014 35
74.7639 401.092 4
249.259 402.874 4
284.845 403.018 4
363.544 397.801 5
685.065 411.067 6
158.677 406.085 11
551.777 406.726 24
640.646 403.865 7
649.659 407.953 11
745.271 402.975 5
186.762 406.664 8
207.234 405.543 3
263.017 405.919 5
295.786 406.377 2
309.187 405.383 17
399.393 409.04 23
145.183 416.665 18
199.523 406.329 1
221.954 406.404 2
679.385 406.265 1
863.71 407.017 8
411.265 403.304 14
464.386 408.434 30
422.278 413.984 4
479.486 408.397 14
628.313 410.059 1
701.22 413.144 38
774.918 409.623 1
850.554 409.663 3
345.332 410.478 1
600.818 410.556 2
663.535 410.732 1
59.4358 412.968 8
140.329 411.617 11
826.524 411.412 1
840.029 411.264 7
292.914 412.701 2
333.705 412.926 4
504.371 412.162 22
590.442 412.849 1
678.999 412.025 4
859.713 413.678 5
298.227 413.799 1
391.168 415.744 21
411.525 413.265 2
269.581 416.659 5
421.456 413.865 1
144.888 415.786 1
189.549 416.826 9
315.423 416.202 3
375.685 415.671 1
382.477 415.583 2
405.888 415.026 6
442.127 415.737 5
482.578 418.184 17
104.207 415.233 3
364.5 416.196 6
660.755 418.131 4
36.6648 417.165 3
459.035 418.312 5
548.469 414.059 8
564.009 418.572 1
636.795 418.213 1
699.75 418.723 10
473.885 422.493 27
229.839 422.653 31
81.9595 420.731 14
389.8 420.968 1
590.976 421.149 6
669.317 420.758 9
367.51 423.433 19
857.61 422.861 2
888.546 422.964 2
203.587 423.99 17
631.321 430.248 30
91.1761 430.134 16
306.864 429.121 6
680.454 424.695 10
756.063 425.653 4
821.273 424.585 4
157.881 422.891 28
414.817 426.42 16
471.735 425.116 16
487.817 429.796 5
539.472 425.614 1
582.811 425.631 16
458.882 429.549 14
524.479 430.089 31
278.067 428.691 6
286.064 428.51 8
507.975 427.466 27
590.427 428.041 2
841.917 427.282 9
143.006 426.398 6
210.676 429.496 10
346.782 430.189 16
360.081 431.108 16
376.287 429.561 10
856.066 430.961 5
27.1313 429.899 5
255.707 429.224 8
877.322 430.336 3
314.082 430.883 14
623.868 430.539 2
630.597 430.107 2
636.024 430.483 2
671.865 431.714 1
887.392 430.812 1
130.455 432.198 7
484.809 431.318 4
451.175 434.936 13
154.363 433.467 1
427.408 435.598 17
441.95 433.555 5
569.086 434.319 11
573.159 433.835 2
836.835 432.888 12
893.519 433.06 1
474.111 434.945 9
550.046 434.826 10
678.574 434.655 1
744.424 434.218 5
539.113 436.235 10
727.558 435.144 2
619.751 436.301 4
652.969 436.287 8
773.456 437.366 6
808.935 436.479 1
843.002 439.943 18
797.943 437.681 10
295.354 439.525 3
752.605 440.587 15
785.052 439.956 3
888.69 438.999 2
230.706 442.027 29
740.099 442.658 6
330.444 442.361 1
563.506 441.87 3
723.502 441.849 9
81.0975 443.577 3
248.807 443.104 29
280.663 443.216 2
395.387 443.419 1
619.037 442.526 4
628.893 443.414 4
40.8413 443.962 5
612.283 443.876 3
637.291 444.247 3
644.991 444.178 4
819.101 443.631 1
418.679 444.376 7
437.31 444.335 6
801.183 446.145 2
352.586 447.098 2
374.283 447.135 17
855.925 443.768 10
202.335 449.239 14
382.51 449.46 14
19.9906 450.292 1
251.268 452.561 10
575.096 450.653 4
827.603 450.621 3
588.322 453.387 8
614.229 453.253 4
624.611 452.98 5
638.72 453.371 10
655.858 453.608 5
664.896 453.943 12
789.499 452.986 2
836.96 453.398 7
843.332 452.903 4
87.3887 454.532 3
361.566 455.465 7
559.27 455.797 10
568.603 455.602 7
544.503 455.211 9
814.673 456.448 1
210.464 458.385 12
200.985 458.056 1
173.504 459.457 2
376.648 459.458 1
718.8 459.522 1
5.83376 460.613 2
313.133 461.275 1
574.759 460.557 4
100.133 462.619 3
302.583 462.342 1
356.439 463.022 10
530.621 462.113 4
393.401 463.355 1
547.391 463.325 1
217.978 463.306 1
401.18 464.172 1
713.648 467.222 3
836.895 464.252 1
865.198 464.262 1
190.043 464.685 1
425.22 455.852 8
450.643 464.866 1
821.125 464.896 1
855.302 465.033 1
877.016 464.719 2
888.104 464.701 1
439.572 461.705 11
500.497 462.763 3
593.043 466.12 1
625.566 466.032 1
373.503 466.602 1
660.593 466.581 1
85.6353 467.626 1
693.108 467.556 2
730.926 468.106 1
539.094 469.075 1
778.94 468.623 3
789.253 468.342 1
827.931 468.63 1
474.233 472.663 1
485.877 472.182 1
546.901 472.67 1
555.853 472.899 1
514.085 473.174 1
695.853 474.534 1
731.291 475.239 1
765.323 475.01 2
828.162 475.018 1
201.03 476.704 1
744.49 476.14 1
774.088 475.301 1
783.818 476.196 2
210.131 477.342 1
244.882 477.389 1
254.016 477.005 1
572.63 477.658 1
79.1881 478.48 1
345.203 478.397 1
354.711 478.68 1
380.107 477.893 1
4.49229 25.5009 1
876.736 29.8765 1
858.752 33.7148 5
865.288 69.6709 6
844.362 71.3948 15
882.87 93.408 1
616.608 134.335 17
217.838 143.231 1
605.149 156.923 8
269.98 165.727 15
165.045 173.248 5
90.0818 242.14 2
744.521 243.829 19
231.198 256.759 1
223.618 280.803 25
725.386 277.177 1
471.526 306.574 16
23.8826 319.1 1
95.0627 322.946 10
17.5822 326.645 1
587.194 327.516 10
318.158 326.683 7
83.1309 330.8 22
135.716 342.746 22
140.5 339.909 1
191.68 340.294 1
320.908 353.937 2
215.021 359.689 5
738.053 381.552 20
597.51 402.035 1
555.963 427.993 9
586.511 442.538 2
795.541 450.352 2
853.178 450.819 2
676.401 455.399 5
383.998 464.79 2
496.512 472.797 2
842.922 26.9413 1
887.351 63.316 1
816.618 94.0469 19
786.293 98.925 18
164.27 108.053 15
243.455 118.903 1
345.041 128.057 27
180.067 131.487 13
534.374 142.167 10
209.56 144.069 5
283.624 161.719 23
336.469 171.788 8
33.2488 176.266 1
181.368 179.449 13
171.073 189.944 2
456.574 193.597 1
520.345 193.913 3
828.929 193.504 2
320.983 199.913 2
594.466 221.072 15
216.456 241.53 3
389.342 258.743 1
461.034 257.057 11
373.512 261.626 12
295.379 258.527 4
520.492 265.273 8
524.897 266.095 1
428.898 266.842 8
619.217 270.015 14
88.0743 285.35 4
570.674 286.175 11
239.151 293.936 3
787.83 294.625 6
800.399 298.436 3
179.264 315.752 4
26.2976 330.305 4
506.409 332.969 8
153.756 334.992 13
437.787 336.86 6
410.883 351.323 10
742.952 349.108 2
119.58 364.442 7
329.079 373.143 1
233.22 376.984 6
299.325 375.073 1
281.882 376.322 22
337.711 379.619 2
691.003 383.662 6
60.5873 389.148 1
425.863 391.845 3
553.965 395.244 1
494.13 405.732 16
695.161 407.027 6
327.366 410.192 5
516.36 411.144 12
530.653 412.036 8
199.86 415.835 5
863.407 417.118 2
300.985 419.883 1
72.2765 420.821 3
191.858 423.812 4
732.768 437.368 1
854.431 441.278 8
14.1333 444.304 2
105.895 442.88 17
138.265 443.035 14
180.38 443.466 6
196.386 443.999 3
690.74 447.096 4
234.862 450.6 1
309.495 451.59 13
82.9573 462.561 2
486.412 461.496 4
766.221 462.501 1
785.673 463.829 1
509.836 463.954 2
598.497 32.3682 6
631.626 32.7166 8
14.6805 38.279 1
882.559 44.769 1
71.5265 45.9861 2
871.294 45.1706 1
41.7316 48.8575 3
496.371 49.1229 2
238.619 57.6695 41
272.45 55.9905 7
817.859 71.1387 9
235.348 81.127 7
308.765 80.4161 36
793.429 82.0766 10
876.04 82.8059 1
388.971 89.8045 41
413.965 91.5706 31
240.249 93.4594 2
867.161 97.8139 1
828.653 103.416 5
209.912 104.627 19
593.647 106.572 20
184.87 111.307 5
286.615 108.911 2
255.339 110.717 1
872.406 117.784 1
741.586 121.591 14
770.536 127.455 13
232.632 137.069 3
586.917 134.897 7
257.779 140.835 3
363.376 146.577 5
607.49 145.328 23
244.797 147.003 10
881.843 148.827 1
583.824 154.357 4
188.371 154.089 5
200.584 152.876 3
682.371 152.76 1
845.756 151.509 2
565.095 158.457 3
174.381 156.945 20
517.791 160.588 37
491.903 170.034 7
586.405 173.341 7
879.317 171.791 1
775.094 173.04 6
218.911 177.192 2
333.059 178.363 4
417.772 182.898 12
304.948 182.362 2
69.4786 185.874 7
252.362 184.016 2
462.919 185.186 2
765.353 195.748 3
636.4 197.008 3
685.891 196.906 1
709.766 196.719 1
739.467 196.327 6
804.976 195.407 2
94.2093 204.42 4
571.031 198.764 2
598.022 197.948 2
18.7743 201.138 1
38.6703 200.356 3
117.647 199.693 1
199.895 198.253 15
407.725 201.944 4
87.7137 210.522 2
312.377 211.138 4
716.711 210.195 2
78.9005 213.747 1
444.438 209.061 3
548.405 215.84 4
249.555 217.093 1
30.5931 218.894 1
212.849 219.979 2
468.924 223.368 5
343.654 221.888 1
862.726 222.541 3
54.7874 224.445 2
326.096 227.046 4
410.04 226.912 2
309.402 232.253 5
21.5449 232.01 1
483.254 236.188 8
688.508 234.494 1
873.279 234.932 1
268.547 235.444 3
429.022 239.18 7
606.157 239.271 3
723.457 237.703 2
639.689 239.147 3
666.179 244.545 5
557.033 240.853 2
93.3339 246.109 2
297.508 249.217 1
203.91 251.982 2
424.732 251.033 2
41.6717 255.904 3
22.5022 256.629 1
121.38 258.643 13
470.579 259.366 1
698.257 259.481 2
179.925 261.728 1
264.702 263.313 1
764.267 265.732 4
375.891 270.739 2
491.34 279.798 3
522.096 281.329 15
314.047 278.786 5
712.661 278.205 1
848.849 282.457 4
151.441 279.78 1
249.232 279.836 2
117.14 286.336 1
425.483 289.117 3
865.147 284.88 1
271.005 290.003 3
451.112 290.472 10
169.074 293.859 13
485.681 289.672 1
822.083 290.367 2
41.7865 291.227 1
411.253 291.542 3
539.37 293.808 2
888.16 292.75 1
139.019 296.377 6
558.167 296.583 3
614.899 299.088 13
114.941 305.722 9
266.461 301.516 1
704.516 300.184 3
247.637 300.586 3
326.379 304.581 7
687.031 300.253 27
58.7603 305.476 2
571.443 304.577 1
503.497 307.815 4
560.063 307.796 2
734.82 304.29 18
830.71 306.229 35
166.561 314.7 6
490.498 313.121 1
138.108 320.46 8
751.347 323.407 3
769.523 317.887 7
304.113 324.319 2
327.042 323.871 3
265.585 324.752 1
483.665 334.714 3
683.429 337.741 8
167.083 342.693 2
709.657 345.274 9
876.635 343.094 1
86.1937 344.837 2
674.947 347.106 7
292.814 353.858 16
267.44 350.369 6
587.867 352.151 1
867.336 352.838 1
621.824 354.222 1
831.914 356.026 5
601.707 360.874 5
101.631 368.905 4
540.888 371.527 15
792.444 363.585 15
840.174 369.545 12
146.531 373.335 6
721.558 376.206 2
640.707 377.81 4
20.5911 379.852 1
570.681 382.119 2
779.287 383.491 6
48.5632 383.514 2
70.9675 383.924 3
704.433 378.829 2
474.385 387.181 23
513.441 388.985 3
854.341 389.129 1
393.996 389.93 1
721.471 391.986 2
458.878 395.113 2
355.641 393.27 6
409.174 397.041 17
137.322 401.396 3
870.385 405.449 3
505.852 406.869 2
265.626 414.065 4
351.081 411.541 2
250.449 411.657 4
705.307 415.257 2
843.047 415.678 1
43.7598 417.025 3
95.8741 417.624 2
217.064 416.891 14
613.49 419.795 2
446.563 422.803 4
526.596 422.099 4
878.042 418.706 3
185.65 424.505 6
773.329 426.38 1
794.625 426.543 18
217.238 428.867 4
389.92 429.649 4
232.351 429.917 7
90.893 432.269 1
456.943 434.589 3
366.087 433.862 7
641.769 431.679 6
208.004 442.986 7
419.648 435.191 13
553.221 438.839 1
771.758 441.755 2
652.139 443.405 5
754.54 444.341 1
670.892 446.216 1
43.4819 448.33 1
27.5706 452.986 1
858.196 453.889 1
516.435 454.721 1
252.619 457.806 1
604.631 452.508 7
226.866 460.487 1
285.289 461.889 2
359.087 462.412 1
580.769 464.865 3
679.658 466.162 2
93.8483 467.984 1
845.201 469.483 1
859.98 468.226 1
850.742 36.2586 5
559.142 48.2705 1
584.578 51.9744 5
654.764 60.1526 3
561.13 71.7063 4
215.423 105.302 2
237.421 139.424 8
656.342 142.179 23
479.026 171.474 7
203.934 205.023 10
355.78 209.335 9
409.767 255.005 1
685.926 279.304 3
371.56 324.452 2
318.293 466.644 1
566.139 32.1905 1
285.025 91.8095 2
156.93 108.198 5
561.13 119.016 9
412.029 172.059 2
175.468 174.388 1
707.15 177.513 6
765.965 182.289 3
800.045 181.674 1
597.615 185.075 1
161.836 189.651 3
341.368 193.309 3
636.882 249.472 8
424.553 260.956 1
256.788 305.407 1
612.858 346.249 1
486.096 371.395 4
124.208 399.504 2
650.398 416.395 2
273.576 419.4 1
789.712 418.735 5
68.9516 439.507 3
481.243 459.914 1
62.9608 29.0153 5
644.852 40.4449 1
842.052 47.9362 2
23.5783 52.3934 1
592.363 52.8193 3
75.6902 56.7638 1
245.689 60.0833 2
815.878 76.6304 1
579.554 75.1571 17
394.179 94.3509 2
830.755 107.242 1
598.96 116.16 2
262.269 119.493 1
790.235 115.158 3
875.495 125.467 1
221.076 135.439 1
350.335 145.904 1
691.72 145.071 7
592.141 160.739 1
436.352 187.104 1
615.157 203.667 3
662.451 201.593 2
817.323 205.837 8
161.361 209.79 9
850.023 211.056 8
698.968 222.412 2
748.758 220.415 8
565.163 224.965 2
34.0388 227.568 1
220.83 226.863 1
67.6171 234.136 4
257.219 241.809 2
443.806 246.119 2
489.063 243.802 1
821.822 250.592 1
209.418 258.287 1
617.405 261.895 4
134.676 264.499 4
238.074 265.158 1
177.431 273.12 3
276.334 270.941 4
344.206 279.779 2
507.25 287.811 18
282.57 299.957 3
661.235 304.997 5
700.862 310.518 6
505.93 312.322 1
847.486 327.77 1
288.988 330.048 1
354.497 336.886 2
684.957 346.706 1
138.555 352.594 11
221.761 347.014 4
640.252 350.097 2
715.427 356.254 2
757.349 356.381 3
301.826 364.186 6
801.046 363.652 5
863.195 360.266 1
375.276 361.685 4
599.949 367.381 1
21.891 386.633 1
300.692 391.17 2
791.45 392.946 1
574.885 402.199 5
841.807 399.719 2
517.783 401.204 5
876.114 406.103 1
716.925 416.453 5
812.465 423.512 3
256.535 438.022 2
375.476 441.84 3
528.653 436.356 7
854.175 458.926 1
159.517 460.517 1
367.365 185.197 6
569.029 229.013 1
363.973 252.301 8
765.706 260.43 3
438.533 290.952 3
742.127 320.606 2
839.027 60.4915 1
761.613 96.7541 2
320.726 128.828 5
488.045 133.322 1
390.562 152.703 3
788.925 165.896 6
532.621 175.315 1
332.116 257.889 1
543.125 363.669 2
439.492 425.476 2
551.001 59.7046 1
609.323 60.9746 3
143.964 108.275 6
849.09 105.282 7
293.322 160.328 2
507.696 168.298 2
236.36 242.546 2
710.785 241.634 12
189.306 287.765 13
495.082 281.211 1
396.959 317.076 2
93.1084 376.336 2
616.708 380.38 3
539.82 408.156 2
735.185 414.854 1
799.392 82.4678 1
408.337 136.192 1
640.488 137.555 6
212.665 311.496 1
366.535 339.952 6
465.861 390.423 3
199.11 210.209 3
651.728 167.528 1
626.028 125.183 9
223.03 143.094 1
679.192 141.981 13
181.667 160.177 3
142.316 177.028 7
169.267 178.33 4
60.9995 190.651 6
130.097 189.779 2
249.165 190.861 2
548.683 192.479 1
789.466 201.917 5
221.713 206.497 1
179.305 208.695 1
515.811 209.237 4
304.461 210.038 4
48.1722 212.983 6
630.867 212.266 3
662.456 214.216 2
642.005 222.725 3
398.866 223.275 1
498.159 231.212 6
54.3127 234.978 2
417.451 243.358 7
24.3714 243.713 8
589.213 245.054 1
700.173 244.22 7
48.5847 247.446 6
475.447 251.543 5
631.982 251.643 2
549.53 257.348 2
314.535 259.674 2
400.046 262.639 1
275.623 278.332 3
848.581 283.528 3
732.174 285.742 2
371.587 288.249 15
589.196 291.402 2
810.78 291.495 3
598.7 293.726 12
493.586 305.625 1
834.999 308.518 1
82.8678 323.089 1
208.428 323.828 6
439.968 319.578 10
809.298 324.237 4
26.7976 324.194 1
32.2633 326.983 3
697.234 333.038 7
825.327 337.273 1
590.425 339.743 7
854.165 341.096 12
293.601 343.659 1
508.928 347.576 3
409.911 352.381 6
382.131 356.549 1
591.036 358.183 2
145.407 360.876 1
513.163 363.841 1
717.293 365.223 1
135.95 367.995 1
739.636 371.245 3
558.842 372.401 3
534.906 376.369 5
165.162 377.902 1
434.669 379.51 2
346.371 387.133 2
583.673 390.239 3
449.513 387.239 3
184.266 391.999 1
541.914 392.658 12
232.312 395.571 3
680.537 398.481 4
695.282 399.157 1
148.662 400.38 1
164.521 401.901 2
424.726 401.522 3
413.396 402.452 3
742.558 410.624 4
607.896 410.272 3
507.628 412.349 1
537.206 412.835 1
546.267 413.054 4
630.503 417.822 4
764.28 418.415 1
233.299 420.566 2
418.778 419.9 5
123.61 427.385 1
239.453 440.621 8
235.093 436.137 1
625.832 437.6 3
615.3 439.013 1
201.433 442.798 1
469.98 460.978 3
205.682 107.923 8
239.943 125.37 3
553.591 158.176 9
315.597 177.172 3
384.746 186.56 8
207.466 198.547 3
427.177 200.133 10
489.535 199.686 1
516.411 200.136 2
674.697 202.37 1
722.358 200.872 4
727.886 201.264 2
596.806 204.127 1
324.962 205.956 2
537.082 205.377 4
276.829 207.303 27
486.642 207.723 2
541.154 207.999 1
709.809 208.032 2
788.215 207.645 1
731.756 209.646 3
496.547 210.234 1
878.612 216.557 1
162.762 224.796 19
490.393 232.476 2
437.348 235.694 1
673.112 235.457 2
318.932 255.314 1
869.79 254.339 3
439.133 261.7 1
464.849 262.246 1
217.659 267.024 2
859.911 273.483 2
144.873 286.594 2
636.157 284.704 3
852.191 288.16 2
112.076 295.558 8
73.7473 298.275 2
765.437 300.722 3
795.75 302.153 7
625.895 301.471 1
732.719 303.472 2
856.396 302.821 2
529.717 302.701 5
522.17 307.958 4
270.813 314.52 3
823.381 321.344 7
650.262 320.744 4
768.095 331.556 1
409.842 333.732 4
287.891 339.077 1
109.794 334.709 6
435.805 344.045 2
373.461 348.733 1
851.017 361.253 4
843.014 364.75 1
474.496 374.093 1
613.072 373.627 4
268.338 390.512 1
254.598 392.433 8
517.042 396.538 1
792.066 403.5 2
451.56 410.93 15
761.964 406.205 1
457.379 407.946 1
152.893 415.194 2
792.543 425.161 1
383.249 430.137 1
366.773 430.702 1
419.919 434.465 1
404.853 435.978 1
349.281 438.948 3
479.516 444.402 3
466.384 449.695 1
556.518 41.6508 6
647.956 53.5709 1
760.21 386.01 5
610.027 99.7506 3
310.653 130.235 7
209.611 170.121 2
379.075 229.698 4
588.966 281.789 11
373.963 296.152 1
233.73 157.167 6
466.638 188.783 1
158.471 202.591 3
795.787 213.143 1
505.519 221.948 2
810.875 248.7 4
303.174 250.437 1
115.929 267.209 2
780.602 282.199 5
427.63 290.142 1
532.575 340.224 9
263.951 343.715 3
427.205 352.115 4
645.815 412.559 3
828.609 420.243 2
476.669 424.335 3
611.771 117.951 3
260.057 149.85 3
798.24 389.612 1
534.371 139.537 1
799.146 175.138 1
307.764 155.749 4
489.047 154.036 20
166.683 217.49 4
222.564 233.098 1
700.835 233.162 5
329.016 240.746 6
314.786 250.042 6
413.227 246.094 2
767.111 260.391 1
580.223 274.676 9
179.684 275.444 1
705.75 314.239 5
684.281 353.654 5
638.835 355.651 2
434.675 361.269 1
528.35 169.439 4
789.453 180.705 11
759.8 202.671 1
680.063 129.301 3
807.572 260.364 4
734.873 202.997 1
831.641 315.868 2
811.484 303.626 4
845 343.294 1
752.161 265.509 2
680.614 206.029 3
846.817 382.264 3
684.044 223.234 4
834.368 375.685 1
704.606 254.159 4
579.373 139.702 8
837.343 396.165 1
656.489 218.968 1
570.364 143.034 17
769.376 342.257 2
820.105 404.75 1
628.209 214.115 4
565.478 167.533 8
794.744 398.127 2
700.052 321.299 1
801.543 435.539 7
566.92 208.079 1
613.949 268.845 1
633.042 297.779 2
549.457 225.607 4
723.375 418.959 2
445.715 171.152 2
600.265 345.1 3
509.413 264.077 1
584.44 340.599 1
512.358 281.67 9
393.702 167.447 23
659.796 437.258 1
422.396 201.402 2
649.775 430.314 1
520.906 318.306 3
359.016 170.788 1
475.178 287.424 3
362.394 187.926 4
232.815 59.7936 1
401.929 231.231 2
492.714 332.689 1
233.567 74.9177 1
561.417 412.996 3
400.744 255.487 2
544.659 405.163 2
549.999 413.404 2
240.487 107.112 1
450.557 321.746 3
314.669 199.588 1
496.674 388.521 1
289.613 200.667 3
400.054 335.118 3
419.84 382.015 1
187.077 172.079 2
435.612 419.882 1
404.986 406.795 1
266.814 272.476 2
375.065 393.353 2
210.201 229.508 1
205.547 227.345 1
300.706 328.45 3
155.077 186.911 4
150.521 216.601 3
147.077 207.588 7
266.14 337.508 1
331.844 403.985 3
309.859 414.509 3
100.014 209.197 4
250.192 376.015 1
249.534 381.502 1
192.655 332.037 3
250.894 395.5 1
28.8547 191.106 2
135.123 304.837 2
145.677 330.822 3
134.43 331.391 1
204.918 400.74 1
28.1872 229.954 1
80.1972 283.262 6
91.8392 301.729 5
113.021 334 1
100.851 329.101 5
124.541 354.411 1
67.661 305.998 2
212.272 450.972 6
72.2052 337.125 3
50.4946 326.014 1
50.5119 439.237 5
862.536 138.173 2
847.666 138.213 5
715.803 30.6791 1
864.17 239.935 5
781.456 172.045 3
759.878 171.951 8
783.366 198.246 2
622.711 42.025 6
814.106 265.73 1
633.725 89.6106 3
707.746 165.588 18
830.811 303.347 1
799.337 273.074 1
831.857 321.092 1
850.222 342.456 1
791.272 278.976 9
863.872 386.402 3
845.07 371.002 1
824.739 360.15 2
695.505 234.344 5
780.521 324.604 5
814.807 357.961 7
514.267 68.4801 11
574.827 130.168 1
648.455 201.107 4
650.637 211.49 4
867.348 429.423 4
776.872 347.782 1
555.822 128.357 3
741.08 314.811 2
724.942 308.245 1
835.336 424.189 1
662.147 258.672 4
604.807 203.134 2
771.247 368.786 2
566.076 182.328 2
772.272 403.559 1
638.895 270.657 2
589.58 227.168 2
748.993 386.991 9
671.141 316.187 3
801.149 455.948 1
720.26 405.624 1
596.562 286.769 1
584.286 276.061 3
721.847 425.757 5
704.683 424.265 1
501.909 226.091 1
543.286 298.771 1
510.888 270.018 1
681.594 453.844 1
296.266 87.969 16
546.676 349.464 7
461.571 274.173 3
471.092 291.646 2
546.393 369.493 4
223.297 50.968 1
434.158 266.189 3
354.742 203.755 1
336.841 204.123 1
182.954 63.1288 2
199.773 86.8587 4
246.461 143.322 1
533.363 430.262 3
535.106 443.147 2
257.839 172.964 8
261.47 189.337 4
207.748 132.754 3
473.886 396.867 3
494.617 418.421 1
523.264 461.251 3
401.512 342.247 2
343.11 286.114 6
163.053 121.171 4
181.958 171.57 3
428.776 418.917 3
245.103 236.467 6
310.33 315.254 1
193.681 208.328 4
347.056 362.856 1
59.5284 79.4049 1
332.734 361.026 2
293.825 324.542 4
252.025 296.194 2
395.317 450.305 1
335.996 434.837 4
356.543 455.572 1
186.358 303.575 6
249.294 386.777 1
186.383 323.577 3
69.3829 222.486 1
160.873 314.973 2
166.926 321.958 1
77.0462 253.329 7
247.083 424.876 2
69.0356 252.64 2
235.94 425.756 3
221.013 413.52 2
259.388 455.549 4
73.5598 280.791 2
161.154 386.053 6
164.543 385.636 12
107.099 328.167 3
225.45 455.374 3
174.15 427.928 7
147.416 426.354 1
109.686 402.527 16
60.0754 355.06 8
73.4546 428.048 5
50.407 411.556 1
41.9498 409.128 3
31.7162 405.221 5
851.022 148.151 1
279.42 220.761 7
482.222 140.336 20
415.553 82.4612 1
523.639 296.985 8
187.323 118.532 2
339.55 291.359 7
365.043 328.81 1
113.234 230.565 1
45.3884 438.416 1
703.739 90.2188 7
587.106 75.4403 6
566.171 72.9434 2
732.643 295.408 1
538.582 159.66 3
544.389 281.424 3
612.496 361.549 4
290.408 65.6639 7
440.116 276.149 1
262.369 108.871 3
232.699 110.165 3
342.273 269.945 6
267.106 188.703 2
198.073 134.707 2
207.758 161.638 4
149.635 134.604 6
241.054 229.742 1
60.5449 84.8463 1
158.855 185.212 4
379.883 405.015 1
199.773 363.166 3
105.748 267.572 1
160.092 388.045 1
689.703 409.138 1
279.603 87.0012 20
755.974 110.836 4
794.275 179.42 1
700.086 180.904 2
492.089 137.419 4
334.416 125.282 4
325.204 169.55 1
258.851 126.402 7
83.4375 173.576 1
209.909 394.487 1
106.306 316.664 5
780.709 119.701 1
668.496 129.268 11
689.227 154.21 2
750.76 360.938 1
393.243 183.977 3
496.648 289.494 1
346.452 149.994 1
434.16 285.976 1
360.179 247.556 2
327.911 238.389 4
278.681 198.202 1
429.891 359.686 1
321.06 368.088 6
292.451 362.501 6
166.576 271.684 3
188.086 364.126 2
155.87 374.601 2
109.285 372.169 6
608.894 176.846 1
876.389 222.516 2
829.055 460.523 7
816.116 281.501 1
807.115 405.658 4
802.856 417.335 1
799.612 103.562 5
768.123 283.514 1
766.236 375.978 4
761.072 131.515 2
724.141 466.707 1
722.62 303.463 1
697.117 391.437 1
644.359 275.805 2
645.191 306.427 1
597.966 310.769 7
565.554 125.626 2
552.575 233.597 2
546.844 441.328 2
531.824 425.193 1
525.23 189.334 1
519.515 284.415 1
485.389 278.916 1
474.334 299.454 5
456.395 444.958 4
363.042 240.326 2
352.567 254.507 3
280.259 334.648 3
267.635 450.721 12
251.676 168.769 2
247.675 337.117 2
246.584 161.702 3
242.66 156.689 1
227.072 321.972 5
186.272 191.974 3
169.809 228.926 5
165.821 299.908 3
147.465 226.419 1
129.346 347.87 1
66.7481 389.169 1
27.5382 301.885 1
866.04 330.018 1
864.143 453.231 1
853.89 38.2223 1
845.825 119.376 1
830.629 75.0712 6
831.78 291.581 3
825.632 29.6268 2
800.803 213.401 1
792.882 113.852 5
794.741 266.248 1
788.773 107.242 3
779.689 453.7 1
778.085 332.953 8
764.371 147.258 4
763.017 230.439 5
737.069 400.391 4
723.908 450.012 1
686.21 323.754 1
676.507 118.373 9
658.539 431.08 1
651.166 268.803 2
650.652 217.723 1
648.258 361.11 5
648.06 375.412 3
637.989 67.0161 9
638.955 301.236 3
632.593 267.072 3
623.113 404.796 4
608.614 143.085 2
607.144 310.22 8
594.924 335.254 1
588.878 310.337 4
579.831 184.05 1
570.327 345.152 2
543.615 38.5344 5
534.351 262.644 2
525.02 235.735 2
513.701 276.519 1
509.939 288.808 1
505.696 258.385 1
506.097 276.739 2
483.095 423.863 3
480.641 147.638 2
477.669 245.317 2
463.961 160.574 4
470.044 344.729 1
454.264 353.065 4
453.427 201.57 2
427.053 455.353 1
375.425 282.645 5
327.844 296.062 4
331.272 288.09 3
326.408 345.222 4
324.66 461.363 1
318.044 96.7213 1
312.048 255.087 1
288.061 353.626 1
271.137 230.637 1
265.169 396.152 2
237.137 411.939 2
234.753 333.279 3
233.201 147.171 2
227.361 98.6028 3
221.905 101.05 3
188.508 307.964 4
178.762 148.963 4
179.195 235.229 2
157.84 169.923 5
148.638 207.9 4
122.309 267.652 1
101.452 402.298 1
81.9571 246.117 5
69.0349 456.951 6
37.2175 379.501 5
772.041 191.705 1
652.58 34.2856 5
632.526 132.663 7
589.705 75.3342 1
729.77 372.679 4
502.469 134.298 6
273.381 449.709 5
261.677 221.488 1
170.643 303.724 2
111.473 174.956 2
836.387 99.5938 2
828.189 238.467 1
731.534 127.738 8
724.689 208.304 1
703.584 166.893 3
670.372 399.444 1
620.683 61.8757 7
602.433 311.566 1
543.346 215.188 1
509.988 145.357 28
399.65 328.423 2
368.541 97.7321 15
326.411 430.494 4
288.32 260.163 2
284.465 83.7595 1
224.582 216.946 2
173.091 312.195 3
132.74 257.812 4
82.9415 45.6175 2
64.6119 334.271 1
64.1962 421.902 2
598.234 315.34 1
520.004 387.497 1
466.073 397.643 3
96.8903 270.296 1
743.522 108.991 2
629.675 107.291 1
397.358 78.8336 1
254.678 117.132 1
616.8 313.446 5
548.853 122.158 5
532.745 347.626 1
526.107 283.196 1
466.056 338.632 2
402.002 98.6155 3
328.777 233.92 3
310.581 363.536 2
292.876 192.914 10
273.349 89.6181 2
136.872 266.738 1
463.288 132.251 4
341.734 346.68 1
223.214 245.469 1
808.252 399.367 1
767.13 438.134 1
763.041 424.322 1
731.626 424.377 1
710.632 442.495 4
559.707 433.897 1
628.464 348.284 3
616.39 352.953 1
540.744 419.229 3
753.926 124.387 1
451.137 375.246 2
365.667 447.626 2
412.012 358.373 3
432.324 259.382 1
570.143 104.127 6
623.452 34.2964 1
412.668 178.223 2
348.007 206.923 3
70.6149 448.949 1
192.057 197.576 3
816.641 418.911 1
707.212 442.936 2
731.173 409.901 2
773.242 355.387 1
624.429 383.188 1
634.199 337.931 2
804.631 162.608 6
763.474 163.857 3
504.453 419.184 3
614.786 305.028 2
833.779 65.4824 4
485.407 385.202 1
550.798 310.753 1
591.395 262.658 1
494.628 352.086 1
526.632 291.367 3
621.14 196.476 1
406.055 380.312 2
444.662 313.008 1
432.328 318.25 1
356.99 370.422 1
420.819 289.721 2
246.576 436.553 2
331.112 343.198 1
566.929 95.3666 2
338.53 316.015 2
391.764 247.709 7
360.387 253.444 1
151.926 442.53 1
331.475 186.189 4
280.347 234.237 4
86.0915 397.691 3
297.889 163.725 3
106.441 306.548 2
96.2113 307.181 2
87.3713 233.854 8
31.2136 246.477 3
227.878 44.71 3
28.1888 176.116 1
597.872 171.324 4
174.524 451.268 4
334.588 229.079 1
602.673 93.5154 4
134.389 410.133 1
662.115 366.821 4
826.909 142.646 17
846.031 87.0568 2
536.18 388.764 1
727.299 182.746 1
830.875 59.1932 1
761.728 103.654 1
682.826 123.624 2
320.209 387.79 1
559.444 145.586 11
584.059 93.0853 2
368.708 293.349 1
471.412 170.621 9
288.177 274.252 2
431.546 111.525 5
280.818 225.275 3
212.481 252.77 2
132.905 257.478 2
291.772 88.4614 4
157.416 157.142 1
137.67 172.07 1
64.9765 238.518 3
214.298 64.9004 1
634.391 344.774 2
612.929 259.845 1
691.678 143.842 1
485.987 150.375 1
367.299 155.452 1
152.775 367.44 1
282.668 189.404 1
155.037 206.706 3
787.887 333.312 7
795.478 223.274 2
700.467 169.843 1
469.341 334.619 3
548.038 105.226 2
475.836 126.326 1
357.863 182.004 2
216.329 306.097 1
324.524 186.67 1
143.436 105.871 1
561.73 229.563 1
308.975 246.698 8
344.478 198.908 1
537.555 272.755 2
688.704 295.042 1
243.006 389.671 1
348.979 417.869 1
36.5761 437.959 1
319.852 450.855 1
170.984 98.3712 8
194.396 104.361 6
177.759 102.695 2
451.902 254.343 1
829.979 286.955 1
209.899 290.592 3
675.091 301.433 2
207.849 307.295 1
509.943 308.367 3
588.221 398.231 1
535.006 419.531 2
575.811 418.78 2
269.728 116.47 1
574.89 240.733 1
159.803 415.124 1
56.8312 89.8996 1
584.688 160.484 1
820.81 166.659 5
275.746 191.627 1
466.44 230.814 3
308.719 238.251 1
490.597 287.054 1
695.133 306.332 1
628.972 354.61 2
804.301 358.845 1
740.806 391.36 1
74.6265 367.135 3
374.679 150.256 1
145.123 317.757 1
701.713 238.698 1
176.093 282.675 7
681.185 447.486 1
264.799 242.451 1
399.266 419.148 3
59.2901 183.669 1
53.3789 190.584 1
172.021 394.723 1
642.465 149.391 7
581.539 130.386 1
761.027 441.515 1
280.95 141.465 1
612.844 431.068 6
211.299 370.309 1
79.9273 371.508 1
40.1419 374.123 2
846.722 403.445 2
432.998 172.046 1
237.978 234.629 1
118.669 372.308 2
792.846 172.428 2
541.395 134.399 6
529.362 181.077 1
368.708 133.538 2
490.404 164.354 3
433.197 291.002 1
128.399 250.932 1
686.172 113.518 10
356.862 314.336 4
364.328 442.582 2
218.523 371.595 1
849.529 170.155 2
826.728 128.983 3
805.009 97.9616 2
792.895 89.4083 2
696.024 27.3744 2
658.398 46.4366 3
640.642 461.127 1
523.89 180.458 4
506.103 433.602 3
443.439 258.085 1
102.375 33.6586 10
85.9409 32.4088 2
60.6545 274.202 1
174.623 127.573 1
141.43 310.85 3
655.735 113.267 8
385.861 248.533 1
728.984 91.4435 2
635.09 69.5411 1
612.99 61.9022 6
592.836 149.723 3
531.231 156.066 4
236.151 327.73 2
150.899 107.648 3
113.482 365.538 2
120.28 418.06 1
748.85 109.92 2
192.372 325.028 1
670.522 357.028 3
321.28 240.344 1
174.344 367.693 1
483.886 181.707 3
868.026 272.873 2
808.696 145.842 1
723.953 362.82 1
591.064 96.9631 4
288.262 171.723 1
460.323 456.745 1
426.804 178.465 1
323.435 456.224 1
374.386 92.7106 1
289.772 78.5359 2
176.634 305.565 2
53.6048 444.956 1
706.519 392.221 2
650.132 60.1929 2
476.436 151.867 3
327.07 210.608 1
327.99 128.892 1
755.666 105.287 1
564.164 408.303 2
364.215 316.361 1
225.044 430.391 1
695.909 174.953 3
714.135 254.103 1
661.044 125.707 1
525.898 338.14 1
542.003 110.407 2
516.525 175.195 3
232.011 236.18 3
506.402 159.327 2
592.32 169.691 2
874.285 374.905 3
757.687 403.608 2
560.522 447.583 1
728.014 313.749 3
852.66 88.4403 1
457.955 279.584 1
321.443 375.484 2
381.022 227.075 4
48.5018 286.293 1
329.334 139.479 5
666.467 319.729 1
833.281 83.6973 1
660.483 180.015 3
637.56 180.022 2
558.343 110.813 3
464.369 167.684 1
101.337 395.387 1
344.54 187.405 1
339.936 161.425 2
735.996 121.582 1
257.478 192.833 1
694.887 158.988 1
194.225 106.554 1
191.229 189.997 1
238.743 283.698 3
765.021 172.974 1
317.856 191.77 2
204.672 365.785 1
746.524 127.186 1
616.168 147.249 1
772.768 254.538 1
47.2444 265.583 1
536.921 311.867 1
238.141 149.511 1
657.16 354.647 2
607.841 182.597 1
203.556 191.998 2
148.344 168.177 1
832.219 134.743 3
608.113 367.097 1
101.745 231.751 1
108.596 362.174 2
817.254 337.385 1
92.623 346.193 1
115.972 440.487 2
817.135 142.65 2
175.379 77.1171 1
710.532 119.777 3
706.214 218.167 1
526.523 345.623 3
303.503 191.954 3
180.442 299.338 6
604.005 226.025 1
405.122 460.138 1
347.563 231.122 2
134.608 200.046 1
722.466 127.235 3
723.949 119.08 3
680.802 264.64 2
627.908 61.6859 4
688.46 335.762 1
538.857 152.116 1
279.823 76.5717 1
623.78 93.4456 1
712.212 395.304 1
663.226 52.7338 4
628.428 69.9215 1
573.309 76.8027 1
526.281 155.128 1
466.973 358.43 4
336.882 139.633 1
680.211 184.201 1
646.016 110.547 1
564.892 146.607 2
393.514 102.197 1
477.162 181.33 1
647.457 398.417 1
398.254 437.794 1
797.407 148.208 2
787.917 141.923 6
556.785 419.07 2
560.372 95.4351 2
240.392 161.46 2
774.4 70.5155 1
748.382 104.88 1
519.368 420.254 1
503.531 68.1311 1
435.333 153.359 6
424.222 109.965 4
402.019 90.4301 3
355.189 94.9832 5
703.539 142.143 1
547.427 132.949 1
531.801 110.294 2
501.216 172.741 1
425.426 156.713 4
333.756 249.696 1
116.833 422.6 1
295.26 173.255 1
107.931 367.497 1
803.599 88.3732 1
753.96 100.392 1
563.645 140.454 1
568.394 88.2464 1
555.551 102.976 1
456.469 163.954 2
126.136 166.596 1
91.2722 185.039 3
448.74 159.018 4
295.988 117.905 1
359.498 296.018 4
271.598 195.547 1
827.333 183.382 2
365.707 283.637 1
507.608 174.827 1
712.309 179 1
306.314 191.258 1
82.662 406.346 1
85.5687 185.231 3
314.166 185.714 2
875.783 206.972 1
801.967 218.477 1
829.975 244.566 2
662.7 356.72 1
833.568 248.455 1
759.953 411.886 1
363.896 130.123 1
837.288 242.963 1
143.763 156.808 1
291.073 152.474 1
471.988 351.852 1
811.527 122.252 1
141.528 141.65 1
731.135 146.032 6
607.038 374.1 1
330.048 436.603 1
89.3713 448.736 1
603.221 67.1378 1
647.821 142.81 1
568.222 79.6253 1
459.08 361.569 1
306.06 105.37 1
777.277 135.452 4
764.104 347.828 1
611.578 156.645 2
529.837 150.082 1
495.414 61.1117 3
456.202 158.959 1
454.306 455.463 1
284.258 436.715 1
158.147 448.657 3
725.784 193.619 1
107.488 428.454 2
615.538 95.0328 1
485.73 65.0608 1
429.638 156.697 1
414.461 114.656 2
350.26 95.3732 2
265.598 86.1159 1
232.933 280.321 2
341.018 179.164 1
451.158 147.24 1
369.878 76.2047 1
273.661 225.501 1
741.78 103.242 1
713.754 143.777 1
418.243 110.117 2
273.819 84.2776 2
459.943 123.774 1
407.823 148.738 1
549.898 139.501 1
201.165 375.245 1
302.942 119.076 1
148.699 125.704 1
725.549 412.913 1
690.87 312.09 1
783.023 161.555 1
500.899 164.657 2
779.617 157.063 1
856.808 408.084 1
832.412 150.411 1
484.248 163.927 2
356.721 124.821 1
633.856 175.19 1
452.883 300.262 1
19.8197 343.517 2
855.529 294.256 1
326.28 124.054 1
87.7204 273.364 1
380.926 149.924 1
766.655 382.853 1
418.015 169.611 2
794.953 142.267 1
158.02 442.939 2
465.512 57.1615 1
410.791 435.226 2
526.192 129.233 1
493.726 74.7387 1
367.509 462.648 1
261.827 442.898 3
109.662 461.887 1
93.8203 175.877 1
617.421 114.017 2
395.076 304.198 2
254.636 54.1655 2
541.012 115.405 1
500.993 240.327 1
477.621 63.6183 2
402.696 115.786 1
788.336 148.681 1
755.49 184.093 1
688.61 121.291 1
553.572 96.7064 1
444.506 147.652 1
279.944 354.889 2
605.298 53.5189 1
645.953 69.205 1
616.848 179.912 1
257.481 83.3655 1
441.366 363.57 2
498.747 374.009 1
779.246 338.103 1
92.4432 357.932 1
868.924 207.361 1
838.59 182.65 1
431.817 164.985 1
462.045 354.888 1
650.892 105.501 1
716.64 127.801 1
697.909 120.459 1
530.187 39.1454 1
541.536 126.322 1
543.355 58.0949 1
478.487 74.2661 1
717.106 119.251 1
721.12 146.52 1
696.688 441.81 1
483.532 60.1243 2
377.241 116.841 2
624.652 147.899 1
600.013 53.1935 1
488.625 37.257 1
539.689 70.8623 1
514.261 134.668 1
445.746 367.712 1
382.134 114.163 1
191.512 68.2038 2
670.042 363.457 1
451.452 368.782 1
416.817 148.161 1
204.065 93.196 1
414.012 143.976 1
124.058 301.309 1
864.903 203.175 1
72.5267 263.681 1
