1841 22378
775.198 182.105 6
788.34 187.49 1
712.894 193.814 39
772.078 196.628 14
415.713 200.565 69
704.641 199.684 22
405.011 202.141 15
688.648 209.411 34
770.616 208.11 12
715.769 211.707 23
705.452 210.723 25
383.588 220.447 85
397.781 225.002 52
692.138 226.842 91
707.48 227.021 22
362.252 231.819 26
457.548 222.891 173
283.671 226.974 1
719.826 226.403 28
775.214 227.862 7
775.021 229.061 2
425.66 233.593 69
611.425 232.915 12
281.943 233.775 3
395.052 230.498 28
480.495 230.474 49
718.983 246.745 19
764.505 233.953 35
489.263 236.442 78
459.846 236.13 64
780.292 237.756 3
302.333 239.282 51
371.539 244.83 150
674.394 241.09 55
311.141 252.557 86
614.504 251.84 145
735.69 239.541 35
279.588 246.617 27
455.017 243.512 22
629.411 244.523 15
360.611 259.306 90
490.879 252.407 59
683.144 253.795 130
317.471 248.832 1
609.441 248.632 1
349.393 247.677 17
439.295 253.847 67
379.284 259.194 103
511.856 249.94 101
671.416 256.353 35
277.588 254.583 22
317.332 256.529 9
604.695 265.498 68
677.166 258.54 2
526.287 262.742 47
646.826 258.416 101
726.059 256.291 4
291.148 264.812 75
769.36 260.026 4
443.612 259.082 64
327.686 263.152 72
379.266 261.122 12
406.438 251.908 60
423.041 267.827 39
283.16 263.087 46
605.543 263.742 1
341.72 265.314 105
488.455 264.413 47
593.743 276.887 165
658.168 263.882 16
299.585 267.608 5
272.345 269.288 4
341.323 268.193 5
282.38 277.911 22
323.392 270 3
499.075 271.297 82
737.664 266.846 6
670.277 273.179 34
764.817 270.811 8
341.152 276.564 88
423.349 270.507 19
498.689 273.815 4
531.086 269.789 81
624.317 274.545 20
575.389 280.478 66
275.137 295.898 121
320.687 277.964 6
455.656 275.853 29
607.696 277.992 7
330.258 283.811 21
502.748 281.538 20
425.219 287.485 28
666.76 285.394 52
548.52 280.456 70
487.714 281.081 29
344.603 296.112 51
785.048 284.196 1
390.158 283.552 28
763.996 285.138 1
360.07 281.883 45
584.307 291.824 121
264.252 293.775 26
314.31 291.09 51
331.289 287.192 9
450.88 285.892 15
521.023 288.301 12
556.062 292.329 60
569.192 299.083 27
746.494 287.725 12
460.053 290.411 64
641.705 289.913 33
420.995 291.941 5
676.647 293.919 27
332.154 298.453 34
446.355 295.318 19
524.382 300.669 34
461.235 301.971 23
599.754 295.216 13
256.155 298.023 49
299.888 300.339 24
469.838 297.32 19
574.969 299.93 9
692.23 303.572 33
37.161 306.094 4
253.014 308.013 95
535.154 295.364 57
763.576 301.388 3
324.507 302.818 3
24.4575 315.166 11
131.34 305.282 4
154.76 307.841 25
180.849 302.327 48
190.243 312.941 102
207.232 303.127 4
710.343 300.864 15
97.7057 310.15 17
117.184 309.372 12
141.106 306.07 4
373.377 301.076 44
515.924 306.226 60
547.38 306.218 2
678.17 309.62 28
79.6388 310.806 19
170.182 305.231 16
610.209 306.681 2
67.127 306.998 18
198.03 305.931 11
403.727 303.453 39
490.862 312.247 164
221.186 306.383 106
472.554 308.813 7
501.762 316.711 33
565.116 311.093 70
46.7049 312.43 16
233.364 309.897 57
35.0376 308.235 8
59.9207 312.274 19
508.118 310.894 8
456.554 309.351 26
733.184 309.326 22
229.827 319.533 14
273.361 309.361 22
293.234 315.307 14
153.774 321.798 74
328.124 315.63 23
483.533 315.546 2
683.211 321.023 34
12.2198 316.674 3
208.467 314.727 30
389.954 313.669 14
646.122 318.843 21
356.258 322.844 17
371.042 320.036 23
159.683 327.281 55
574.831 321.401 6
784.46 321.113 1
407.764 318.334 44
596.745 321.511 5
506.608 322.875 1
236.805 324.313 8
735.777 321.906 22
335.017 329.968 29
556.032 335.178 54
573.949 324.655 1
647.782 324.806 1
219.127 330.683 31
481.065 326.844 24
193.813 329.416 34
247.533 328.012 9
268.516 336.681 55
575.413 332.684 7
692.463 326.117 43
153.411 328.753 1
131.904 328.356 100
368.906 330.902 24
203.988 338.652 20
483.034 331.473 4
657.656 331.07 3
110.627 333.072 33
6.8773 332.746 1
220.03 332.691 15
309.052 332.683 71
84.4273 329.325 75
261.573 333.865 1
356.212 330.363 37
413.574 339.43 17
59.9644 335.55 29
435.79 330.784 61
66.8924 333.856 21
92.9297 334.562 8
252.953 342.076 37
575.583 332.47 45
380.588 335.604 45
18.6461 337.695 8
603.404 337.482 54
8.03879 340.586 1
322.412 340.523 2
459.758 335.428 27
546.465 340.87 24
255.531 346.35 25
623.037 339.996 13
682.615 338.923 6
51.5504 343.298 22
183.847 338.8 28
488.06 353.031 40
52.5005 354.268 19
280.606 344.078 53
366.888 342.547 44
529.357 350.052 9
340.659 342.95 16
378.258 356.073 78
471.178 350.287 7
43.2922 349.263 28
108.567 345.688 53
23.5582 349.083 3
682.719 351.657 14
780.348 345.623 4
234.872 349.457 17
417.414 352.865 95
41.3459 351.448 1
506.184 346.604 90
519.863 350.236 8
649.942 359.209 52
30.3762 349.14 20
97.8158 353.256 25
220.456 351.676 115
456.926 353.263 97
768.711 355.818 16
194.3 351.378 17
252.721 354.029 35
379.324 353.337 1
250.174 348.946 45
207.889 355.069 14
585.607 359.229 77
46.1257 357.518 3
168.08 352.913 37
171.125 357.019 5
677.201 359.64 30
154.185 357.764 33
181.735 353.288 33
359.48 358.648 4
484.782 359.28 50
94.2252 355.213 12
186.528 358.307 26
259.736 363.33 23
736.549 358.927 20
105.242 360.441 11
120.798 359.284 36
142.703 360.016 29
203.586 366.477 84
527.542 366.8 143
556.155 359.614 37
8.96143 362.268 1
141.416 362.191 1
418.813 366.563 25
641.636 365.386 79
39.6077 361.203 22
100.185 363.033 1
130.939 358.999 13
234.987 367.638 66
243.93 361.344 22
437.575 366.894 78
256.106 364.335 3
348.284 366.795 38
617.05 362.676 83
764.481 361.251 3
76.5969 366.244 46
91.0531 365.775 1
489.901 370.682 39
531.687 365.42 1
568.032 368.759 91
748.446 362.261 31
772.417 366.035 10
373.788 375.173 71
735.932 372.267 43
12.6067 368.089 1
721.698 369.962 46
79.1208 368.681 4
307.221 366.725 105
651.46 367.031 13
704.703 366.246 82
80.1116 370.155 1
474.288 368.397 35
610.508 379.065 128
663.337 374.758 57
683.481 366.812 28
64.2926 370.101 16
388.328 377.906 88
419.283 371.554 83
436.242 373.396 25
276.063 370.637 139
642.548 387.962 62
264.837 372.803 3
404.817 367.436 11
489.799 384.763 134
502.702 375.952 7
632.735 371.811 5
351.537 378.459 134
373.046 373.581 11
591.786 375.256 116
601.34 371.827 31
458.301 379.579 113
570.801 374.642 7
600.715 382.31 12
422.158 378.118 30
445.806 373.255 18
547.266 372.456 57
724.752 376.776 16
761.712 376.542 3
542.928 382.665 29
55.0803 378.654 25
147.014 382.543 68
779.311 377.809 2
360.094 380.533 20
525.644 377.623 16
689.522 384.245 54
280.801 387.822 83
302.619 383.19 49
714.605 381.618 10
182.956 383.294 17
579.133 386.703 38
8.82599 383.922 1
101.997 383.085 8
132.586 384.287 40
206.718 383.01 34
428.755 384.447 11
313.431 390.995 113
329.293 391.319 77
749.169 383.214 23
34.4218 389.768 19
59.731 386.852 20
524.835 386.744 4
349.096 393.35 146
409.401 384.86 55
314.128 389.801 7
358.541 390.396 8
15.6646 390.596 3
334.962 400.497 28
653.559 393.662 70
331.047 391.326 25
405.569 398.735 51
688.207 390.834 22
288.73 395.748 54
378.234 396.968 54
378.504 391.527 37
34.8579 394.328 2
415.748 398.541 10
645.834 395.35 2
52.9387 396.56 14
367.283 403.12 13
355.688 404.978 11
207.196 402.718 3
37.1004 403.578 14
443.96 399.786 42
306.831 408.705 21
193.888 406.65 12
229.396 415.776 32
336.536 404.181 7
131.602 408.963 38
50.4222 412.892 19
316.561 413.372 13
448.707 414.814 12
201.376 413.032 61
210 412.064 2
385.368 411.287 24
161.352 413.586 30
380.471 411.732 5
394.437 403.409 28
404.781 413.371 5
419.973 413.553 13
434.924 418.478 37
10.6588 416.141 1
367.406 414.802 19
195.305 420.243 6
453.578 416.415 1
777.362 418.067 1
50.2709 418.161 9
359.955 419.237 11
429.839 419.887 7
38.6067 427.519 15
335.793 420.651 31
427.765 422.02 11
32.9595 420.071 3
124.02 433.417 66
402.574 422.84 25
280.844 414.339 35
400.974 422.063 5
267.035 426.225 11
261.632 426.029 4
384.293 428.997 7
52.5243 431.737 5
16.3839 430.901 2
29.9768 431.2 2
241.594 430.246 35
251.192 427.1 22
253.423 429.581 5
370.278 430.808 11
217.752 429.724 8
227.083 431.185 25
360.962 432.053 4
206.505 428.589 26
354.676 432.368 4
348.592 434.137 1
336.646 435.402 5
164.556 432.706 46
179.566 433.873 17
189.165 433.363 19
195.068 441.433 23
44.6149 440.745 16
142.318 434.649 34
149.398 430.608 17
167.718 437.759 1
320.488 429.949 26
118.609 440.909 32
125.816 439.437 13
93.6082 440.621 28
293.034 444.351 5
83.0844 442.892 2
108.969 441.25 9
268.013 437.177 39
23.2521 444.249 3
69.1466 444.26 8
96.9087 442.296 9
99.6726 449.693 13
43.6892 449.451 4
258.829 443.55 3
74.3512 443.615 9
242.354 450.141 19
230.429 446.845 8
222.034 447.716 14
202.158 450.341 3
211.798 449.642 7
196.728 449.974 5
180.867 444.704 24
176.876 452.657 1
159.585 449.804 29
142.231 453.745 14
98.8089 456.928 15
68.0063 452.601 19
49.1571 460.756 11
22.0593 462.631 5
15.2833 464.043 1
779.901 167.816 2
779.176 176.426 1
793.128 184.437 1
778.316 187.724 2
720.03 192.088 3
421.675 200.399 1
719.969 200.986 18
710.953 202.682 2
695.783 205.398 14
704.17 208.611 3
435.016 209.684 63
787.634 208.403 1
417.537 209.578 32
724.771 215.031 19
773.64 215.353 9
698.344 216.837 5
412.476 217.051 10
690.762 219.177 1
425.571 220.502 10
714.272 219.966 2
442.178 224.837 31
376.305 228.377 9
673.414 225.889 2
415.19 230.597 62
467.918 230.929 6
622.527 234.059 26
728.164 229.711 16
288.669 233.395 30
370.882 231.203 3
457.017 231.404 1
770.188 230.54 1
311.404 235.148 8
686.198 234.723 16
777.825 235.399 1
323.428 233.983 25
636.472 234.218 23
708.681 236.903 9
308.635 237.735 1
483.09 246.195 16
616.909 238.29 5
439.636 239.19 17
404.366 241.763 12
420.294 241.043 42
497.127 241.42 1
297.866 245.708 20
434.154 242.845 6
457.807 253.265 16
471.991 248.544 6
638.909 243.341 24
694.852 244.276 9
369.885 245.785 4
412.669 247.446 6
443.466 249.59 6
747.91 248.361 14
305.101 247.527 8
390.446 246.613 18
765.783 247.024 3
485.504 255.103 5
683.211 248.406 2
732.968 249.057 16
324.469 248.417 25
356.367 248.964 2
506.667 248.806 1
456.084 250.895 3
286.765 254.22 22
396.99 250.998 3
617.975 253.127 7
644.958 254.329 2
785.392 253.963 1
413.297 255.883 3
687.761 254.498 2
762.996 255.527 7
428.009 256.661 13
453.566 255.668 5
499.629 256.138 5
508.1 257.986 4
717.224 257.976 1
280.786 259.184 2
391.102 257.879 21
475.108 258.693 2
490.283 259.361 1
688.841 264.616 16
739.695 258.494 7
359.025 261.321 23
754.837 261.648 12
398.364 261.489 1
731.01 262.672 3
483.274 263.557 3
513.893 263.473 5
684.881 264.022 8
525.234 268.198 12
369.958 264.99 2
410.569 268.464 17
301.105 273.453 6
596.002 266.661 7
615.13 265.211 26
644.77 274.749 28
748.01 265.867 2
378.709 268.702 8
422.824 267.144 1
759.909 267.669 4
449.795 272.144 5
475.034 267.474 23
666.597 268.964 6
727.674 268.97 3
491.729 271.163 6
771.726 272.017 8
511.105 273.253 2
700.553 272.828 21
719.798 274.769 16
275.975 274.977 13
326.395 275.274 2
342.752 276.632 7
450.611 275.605 4
528.472 276.306 3
745.305 274.59 9
292.297 277.371 20
732.553 279.503 27
686.124 276.869 20
756.512 277.518 10
712.943 278.807 4
429.307 278.725 4
475.982 280.107 4
478.871 282.817 5
539.847 280.79 4
404.217 281.883 14
586.052 282.146 6
324.959 281.631 1
363.147 282.49 14
601.594 282.872 9
458.363 283.397 3
611.109 282.269 9
774.122 282.953 2
272.088 283.846 4
435.745 284.722 3
668.519 285.049 4
303.301 284.985 12
549.637 286.651 6
721.078 289.036 29
289.037 288.783 11
366.743 289.79 15
659.676 292.967 27
688.803 288.912 20
770.256 288.095 3
779.274 289.211 2
360.528 291.86 4
398.162 296.603 23
506.789 289.649 35
528.917 291.898 6
573.794 290.729 2
271.211 291.652 5
492.518 288.658 3
556.394 296.652 9
312.922 292.876 3
343.091 296.48 19
486.637 292.659 1
563.506 294.09 5
596.265 293.597 3
291.129 294.138 2
413.835 296.69 12
512.614 294.562 6
754.616 294.685 13
385.004 294.832 3
465.135 295.809 9
651.23 295.544 2
354.783 296.435 4
765.038 296.202 4
364.677 297.714 5
501.637 298.671 21
342.327 297.718 2
666.138 302.478 11
45.2372 294.302 4
52.0892 300.141 4
421.099 299.948 30
284.648 303.111 50
516.861 299.564 2
744.178 305.084 21
233.195 300.405 4
322.237 301.135 7
397.812 303.43 15
479.343 301.939 14
526.527 301.673 3
581.888 301.024 5
637.567 301.006 2
660.265 300.778 6
460.378 302.512 9
653.426 303.1 24
735.06 301.11 6
268.858 303.033 8
435.733 302.836 17
542.451 302.82 2
782.687 302.702 1
222.65 301.273 8
305.914 303.874 2
688.684 304.084 3
30.4826 304.819 2
238.896 304.869 2
466.716 305.067 1
532.748 306.811 10
599.268 306.71 16
46.014 306.262 2
449.639 307.946 5
316.982 306.796 25
668.355 309.875 18
764.843 309.135 14
24.7067 308.027 3
182.397 310.149 7
246.363 307.194 8
333.126 308.701 3
427.907 309.812 12
729.015 308.059 4
773.57 308.85 3
381.09 309.121 1
482.387 309.452 1
72.0774 310.402 2
90.6112 309.5 2
178.03 318.688 29
203.571 310.848 3
573.546 309.706 8
685.448 309.95 6
746.339 308.437 4
79.6909 312.747 4
192.693 313.654 3
362.821 311.426 1
584.706 312.652 6
607.031 313.452 7
642.552 308.003 10
720.081 310.087 5
619.826 311.878 3
52.156 312.757 11
543.282 313.336 23
527.072 314.088 4
592.915 314.348 8
706.932 307.095 18
514.202 316.199 9
634.365 314.753 13
663.154 320.747 30
783.802 314.955 1
272.344 315.691 6
338.729 314.547 20
379.58 316.526 9
418.405 315.772 1
440.726 313.303 12
76.0992 317.4 4
84.9122 317.131 3
135.092 317.515 13
461.305 321.556 23
103.109 318.006 18
231.324 317.778 2
239.497 317.591 4
57.516 319.219 9
168.037 319.078 17
732.125 320.245 11
183.59 328.572 8
304.682 320.108 3
432.006 324.818 13
486.826 320.198 2
529.468 319.471 3
398.246 326.018 28
479.205 321.043 3
323.973 323.348 3
355.999 321.86 6
416.015 323.548 16
444.408 325.029 12
569.174 321.932 4
589.72 322.193 2
679.13 322.617 6
274.221 323.142 3
385.597 323.421 9
458.213 322.426 9
469.387 323.501 3
654.94 323.982 13
204.291 323.48 1
512.626 324.238 1
613.04 326.473 9
665.062 323.674 4
615.771 325.932 5
756.276 324.214 4
139.214 325.785 3
146.275 325.698 2
699.903 326.55 18
119.258 326.694 13
124.941 327.055 1
159.112 327.06 1
551.304 328.55 8
622.343 327.297 2
781.991 326.536 1
100.572 327.337 13
293.359 328.148 29
586.305 328.772 4
670.527 329.135 4
722.957 328.146 4
237.274 329.736 11
301.531 328.724 3
313.682 329.349 1
355.827 328.974 1
740.11 329.199 6
766.201 329.664 6
560.873 329.882 2
573.498 330.187 1
72.8696 330.931 2
333.355 330.744 5
364.128 332.653 3
462.329 333.408 21
516.189 336.437 24
149.494 335.773 17
388.934 333.664 3
403.814 337.833 34
103.343 335.284 4
225.897 333.959 2
340.068 333.456 1
602.1 334.401 1
695.554 339.883 26
129.293 341.867 39
249.102 336.929 5
376.134 334.792 1
451.615 335.234 5
611.575 335.312 11
788.852 335.28 2
212.835 335.714 7
290.618 337.186 9
419.875 336.258 4
488.251 336.908 18
629.828 335.155 12
646.807 336.049 1
748.326 336.824 4
290.277 337.348 2
312.466 337.159 2
71.9177 340.226 24
277.096 338.184 4
87.1374 341.569 18
196.339 339.095 10
240.412 339.048 11
508.173 340.607 17
568.089 339.576 16
221.079 341.908 22
360.444 339.657 2
405.237 339.907 4
437.855 341.281 5
663.575 342.336 43
794.185 339.935 1
138.833 340.619 5
318.053 347.456 4
549.928 341.899 16
119.699 342.65 17
638.576 343.454 48
780.272 341.825 1
511.807 342.418 1
586.74 344.096 34
14.3972 343.895 1
101.29 344.491 4
170.962 343.545 27
452.032 343.829 1
648.963 343.576 11
419.488 345.163 13
601.559 345.447 6
619.27 345.065 1
736.285 343.763 9
6.96313 345.966 1
272.02 346.79 4
410.581 345.411 2
464.594 345.521 3
722.269 345.145 7
548.097 349.606 5
140.93 349.181 12
301.366 347.956 9
477.122 347.919 9
488.649 350.734 19
657.887 348.412 14
388.039 352.572 26
28.9081 349.572 1
207.112 344.659 3
428.634 349.226 10
533.794 350.782 12
561.771 352.224 14
595.629 350.373 6
70.6905 348.265 10
190.557 351.133 3
293.911 351.344 2
438.844 351.935 27
785.55 350.665 1
494.376 351.939 1
648.745 351.906 4
672.319 351.677 8
756.469 353.595 8
775.204 355.486 6
276.715 353.905 5
233.774 355.174 15
269.601 355.106 11
401.132 356.6 11
257.218 355.841 1
465.205 358.372 15
512.435 363.688 22
579.255 357.079 11
640.931 355.838 3
37.0074 357.396 1
109.932 356.829 7
420.459 357.568 2
537.445 357.296 25
762.557 357.419 2
53.6621 359.184 5
498.503 361.79 3
70.3488 360.256 1
445.694 361.585 6
630.083 359.704 2
192.095 365.548 17
203.249 362.832 1
209.308 361.461 4
288.71 361.143 8
314.84 360.667 1
386.984 361.005 7
511.056 366.465 8
775.223 361.276 2
279.284 362.656 11
452.874 363.12 7
433.16 362.944 2
473.655 362.438 5
490.241 363.358 1
548.594 363.769 8
573.799 363.045 7
618.61 365.88 17
16.7103 364.536 1
421.065 365.027 4
560.661 365.055 2
600.665 365.485 1
220.215 367.66 18
356.768 365.971 8
245.69 368.367 17
45.2946 369.058 17
443.199 368.16 1
452.079 370.472 13
496.575 368.022 3
635.578 368.072 1
698.159 369.139 3
5.93083 368.927 1
22.9462 366.745 6
404.207 370.314 4
511.819 371.226 12
320.416 371.919 1
325.868 372.061 8
377.949 371.17 2
755.709 370.869 9
769.119 374.873 8
15.4669 372.309 3
87.7209 373.295 23
711.467 376.196 13
734.726 378.01 12
343.703 373.781 10
395.084 374.485 4
647.9 374.041 2
694.098 377.541 27
30.7695 374.621 8
211.206 376.242 12
576.527 375.512 10
684.057 375.065 6
288.035 376.45 24
638.127 375.899 2
745.045 376.537 7
223.392 376.818 23
408.539 376.918 2
670.773 385.508 26
768.434 376.982 2
66.5457 381.294 24
189.004 377.088 4
295.418 378.611 1
371.495 378.395 3
492.578 378.342 3
110.884 379.895 15
143.076 385.51 8
481.069 378.663 9
561.617 384.964 27
600.393 379.196 2
699.633 379.133 3
14.2683 379.936 1
37.8443 381.069 5
458.662 379.496 7
545.88 380.341 2
555.292 380.122 3
567.898 379.542 2
664.226 380.209 1
733.598 377.38 3
755.186 379.561 6
228.509 380.901 3
318.441 382.216 3
615.221 381.176 2
533 381.731 8
634.854 383.899 38
49.6458 382.484 3
110.509 390.249 17
447.444 383.545 13
576.466 382.553 1
374.875 383.647 1
393.063 383.939 11
652.851 383.545 4
191.368 384.606 1
286.391 386.434 3
670.787 385.036 2
95.698 385.578 2
164.806 387.378 18
398.533 386.156 1
505.169 387.068 30
416.792 387.478 4
438.139 392.296 20
478.08 386.832 22
683.116 387.823 4
331.089 387.519 1
384.067 393.299 37
641.99 387.501 1
708.861 389.469 23
149.5 389.206 2
430.217 390.797 21
700.825 389.337 15
765.617 387.379 8
55.2915 389.902 1
137.37 390.012 1
423.25 391.352 14
665.037 390.126 13
590.557 391.397 18
752.973 394.062 24
26.0137 392.318 4
110.133 391.335 13
185.075 391.558 2
218.038 392.688 12
483.913 393.207 34
505.063 393.372 5
117.054 394.024 2
165.268 393.785 1
302.962 394.759 5
341.918 394.108 2
775.139 393.947 1
45.5444 393.226 13
147.469 399.763 27
333.447 394.387 6
40.0395 396.481 4
592.428 398.21 6
156.355 397.995 1
429.141 400.119 20
29.455 399.486 3
99.8048 399.09 7
60.3402 402.211 23
241.337 402.155 13
321.789 402.463 7
757.718 402.722 11
349.325 403.639 3
390.016 403.782 2
16.9796 405.414 1
212.617 405.893 11
462.043 407.233 16
407.578 408.156 6
408.05 407.36 3
453.29 407.35 2
245.673 409.026 10
676.029 407.974 3
30.3178 411.21 4
39.8602 409.141 1
162.81 408.062 8
294.127 414.459 33
357.044 408.964 1
380.206 408.496 2
124.134 411.973 7
137.619 411.249 1
337.519 411.432 12
793.445 410.773 1
326.417 413.753 10
234.52 414.901 6
291.395 418.426 46
176.279 420.959 6
374.259 418.765 31
388.032 418.763 12
465.95 419.121 13
136.25 416.655 2
737.864 417.603 4
300.161 416.773 4
343.764 418.357 5
417.383 422.746 8
165.267 420.138 6
206.721 419.147 7
333.016 420.219 8
359.924 418.639 1
386.682 418.866 2
414.256 419.437 2
314.706 420.178 10
8.86123 421.249 1
303.782 424.805 8
348.183 422.643 2
449.205 422.913 1
136.835 423.921 1
440.157 424.189 1
160.244 426.187 4
363.899 425.204 6
337.055 427.726 5
323.189 428.286 4
311.371 429.4 3
327.446 428.708 4
297.656 429.866 9
265.853 432.968 3
273.643 432.87 1
284.413 433.78 7
765.477 432.802 2
788.136 434.337 1
19.5364 435.122 1
248.689 435.536 5
10.0637 436.131 1
240.317 435.845 1
219.509 437.98 12
229.48 437.429 6
25.8924 439.538 3
38.0293 440.985 3
153.006 442.241 34
162.395 441.419 3
181.166 441.75 3
15.3455 442.022 1
140.473 443.261 11
132.445 446.264 11
120.993 445.406 2
113.184 449.012 6
85.692 452.175 24
103.686 447.377 1
58.1347 452.806 16
79.2573 450.255 3
98.3596 448.714 1
68.0252 451.175 11
34.8998 452.437 5
16.6141 455.487 1
172.556 457.143 3
5.48053 457.719 1
4.62497 469.424 1
726.067 293.017 13
409.105 315.968 1
120.151 317.401 11
254.775 323.622 23
451.574 327.702 13
523.209 356.158 9
739.833 407.973 5
18.3575 413.576 1
448.472 415.923 1
466.699 418.921 12
687.818 213.238 7
453.494 225.858 7
681.634 228.301 1
663.139 281.729 7
740.266 289.751 11
521.599 312.421 6
644.895 310.027 1
719.491 319.705 22
770.882 320.866 6
18.7706 327.458 4
259.71 348.183 1
129.357 360.14 1
767.39 362.34 2
261.631 366.087 3
387.956 365.887 1
530.904 375.876 3
343.535 379.791 1
224.97 387.372 6
270.31 400.127 29
653.269 393.823 1
54.4806 459.167 1
714.443 194.911 2
415.239 202.508 6
729.526 221.516 2
694.166 225.787 4
415.793 232.391 10
287.098 237.657 3
623.098 241.343 10
392.32 246.003 1
750.474 247.863 2
311.087 249.232 9
360.191 256.743 1
708.429 253.749 22
650.266 258.439 1
688.598 264.32 2
528.974 267.568 1
412.66 270.173 1
498.617 272.491 1
596.028 271.808 1
280.93 278.846 3
346.032 276.589 1
648.288 277.403 20
776.828 277.797 1
427.638 284.019 2
590.269 287.997 3
692.224 290.936 1
661.145 293.31 4
534.69 294.202 5
559.597 295.995 2
275.792 297.389 9
468.337 298.61 1
372.195 300.462 4
694.527 306.446 2
38.7023 310.189 2
258.619 310.284 1
456.146 309.283 1
208.349 314.441 5
611.303 314.507 1
108.938 321.552 3
126.135 320.206 3
66.4866 322.93 5
172.929 319.192 2
228.619 322.048 2
30.676 325.582 9
685.977 323.846 11
731.932 327.09 4
306.269 327.402 1
163.605 329.842 2
544.941 331.04 4
700.626 341.05 11
134.423 340.845 1
71.7502 344.258 1
87.9448 344.323 3
105.679 343.918 1
125.247 349.138 4
221.902 345.554 5
600.575 351.601 3
305.452 359.553 1
703.258 362.968 1
163.065 367.946 15
198.506 372.833 5
280.411 365.641 1
236.597 374.729 8
547.763 370.817 1
250.672 373.763 4
41.7297 374.048 3
90.3575 373.976 2
670.715 367.793 15
712.328 377.939 1
735.414 377.98 1
645.063 380.719 4
215.199 380.998 5
68.6194 384.148 4
559.646 392.692 17
550.448 391.035 14
594.131 387.809 5
164.567 387.414 1
233.441 392.814 12
95.7541 393.161 10
492.626 396.377 4
404.672 401.788 4
441.832 400.703 14
632.136 399.626 33
726.147 400.314 20
21.6389 400.816 1
662.976 400.223 22
219.193 405.536 5
251.035 411.281 1
306.074 415.175 5
56.9812 416.22 9
208.519 424.842 1
39.1732 430.005 1
462.968 433.383 4
269.386 436.844 1
152.978 445.082 2
16.1118 448.466 1
398.581 301.644 1
253.004 317.706 4
767.005 316.968 1
434.526 330.737 1
123.564 355.659 1
395.108 396.766 5
443.79 211.695 6
399.35 225.71 9
489.788 231.433 2
743.881 239.024 1
464.638 368.984 1
279.531 421.096 9
188.299 429.115 6
43.0367 451.839 2
703.029 235.645 5
421.21 236.564 2
628.518 253.385 6
289.066 274.635 2
362.144 275.935 5
541.179 297.721 1
404.366 302.68 2
501.376 324.108 1
389.869 342.272 4
559.876 339.758 1
709.329 339.046 2
78.7537 353.911 1
204.463 373.019 1
168.019 375.223 5
246.207 378.598 2
739.449 387.797 11
79.4003 389.982 1
604.857 390.484 12
388.227 398.04 1
496.342 421.94 1
63.4702 432.291 1
155.778 449.581 2
250.769 342.033 4
398.56 221.349 2
473.68 222.75 2
714.039 262.274 1
394.079 271.421 2
624.13 290.722 2
199.889 394.183 3
249.582 401.359 2
494.316 398.39 1
708.494 402.932 2
571.305 405.723 1
609.266 405.054 2
88.1976 418.467 1
431.95 462.046 1
245.847 474.999 2
148.06 483.824 1
673.013 238.889 1
578.169 271.404 1
249.554 291.771 4
335.528 339.103 2
638.996 331.32 3
781.132 205.299 1
447.844 216.897 3
429.327 221.324 1
401.199 234.307 1
778.938 248.197 2
654.711 273.28 3
509.512 282.856 3
480.66 290.723 12
712.523 293.653 7
290.387 306.073 4
780.171 310.724 2
116.814 310.837 1
133.043 310.791 2
433.524 311.705 4
613.178 319.249 1
506.409 329.707 4
520.203 330.609 3
554.791 333.853 2
216.014 360.295 4
757.41 363.621 3
669.655 366.068 2
279.419 373.284 1
72.4688 376.49 7
611.417 389.692 11
372.008 409.651 1
425.595 413.491 1
296.827 438.121 3
276.743 440.671 2
249.476 444.124 2
29.1451 447.406 3
190.694 449.579 1
168.958 451.433 1
150.034 452.444 1
132.466 454.024 1
60.0213 460.041 6
28.5428 460.329 3
36.9343 461.173 8
430.062 230.774 7
622.936 280.122 2
694.901 278.807 4
648.454 285.622 6
332.083 298.121 2
355.845 310.923 8
395.104 310.723 8
280.616 313.591 11
471.373 316.132 14
221.786 318.921 10
30.64 325.785 3
169.145 335.108 2
178.897 343.099 9
630.122 344.002 3
57.9492 349.364 7
657.272 365.544 1
319.758 366.698 2
622.696 371.058 1
78.3143 379.167 6
336.498 377.692 2
472.053 380.777 5
519.557 381.216 1
625.508 387.982 6
395.305 393.183 3
212.622 396.198 1
665.161 399.062 1
292.733 403.496 13
771.494 419.928 3
255.431 436.118 1
52.4254 438.507 17
25.2321 454.208 1
287.384 280.981 3
426.601 368.727 3
732.476 283.052 1
756.956 299.147 1
367.452 338.121 3
760.822 342.643 5
724.971 389.342 12
45.5819 391.875 3
383.666 271.169 1
702.813 357.68 1
504.047 363.759 6
490.521 389.069 3
415.969 400.457 15
676.964 399.046 11
486.174 410.421 7
55.2783 431.375 2
719.101 250.831 2
317.139 296.224 1
165.367 346.754 1
129.108 351.792 2
517.782 249.36 1
110.611 341.416 1
114.064 435.047 1
622.735 262.464 5
709.832 345.548 4
171.852 381.481 1
203.307 378.638 2
242.002 384.069 3
558.755 399.91 8
671.616 398.749 1
495.925 431.8 1
155.716 460.731 1
98.6649 464.861 1
301.847 311.159 2
758.705 288.062 1
631.563 230.437 1
696.706 313.489 13
690.079 313.254 4
602.13 289.918 1
678.913 381.227 4
600.686 314.992 2
594.889 334.675 7
582.112 363.685 3
463.075 266.946 30
386.84 227.23 3
492.881 331.917 1
370.18 271.322 1
448.451 390.817 5
300.233 256.008 5
297.567 249.05 1
386.305 380.888 1
417.641 423.347 1
332.167 373.656 1
267.102 342.369 1
298.833 388.627 1
238.652 349.438 1
206.88 331.192 1
124.058 305.107 3
105.453 305.66 3
86.8546 306.047 5
171.805 407.373 11
106.202 353.14 2
125.04 455.173 1
40.7119 385.602 2
109.002 456.069 4
21.7125 386.925 1
75.6505 458.952 2
719.383 298.99 9
717.167 317.088 1
683.124 295.698 3
773.926 411.68 3
682.267 335.282 1
732.428 386.474 4
676.963 332.7 1
744.672 401.728 9
669.593 344.938 3
684.638 360.651 1
664.383 366.265 1
618.263 338.145 3
518.775 269.294 7
517.689 275.354 4
561.187 318.921 1
418.012 226.969 2
472.428 286.039 6
566.518 392.138 16
435.296 267.115 9
385.526 232.898 4
393.793 257.684 4
508.911 377.95 3
471.296 393.818 7
402.24 326.026 1
364.634 304.743 5
396.977 345.443 5
463.269 427.381 1
322.109 286.421 3
395.716 362.217 9
422.377 407.865 4
353.909 356.418 2
327.269 332.711 6
338.209 351.245 8
286.104 319.282 2
303.651 338.426 1
309.823 354.969 5
292.628 343.676 2
297.9 363.334 3
242.85 334.175 1
270.604 373.779 1
279.166 409.469 18
141.117 315.389 4
185.811 374.776 5
108.085 400.251 2
33.8129 368.553 2
58.5597 411.809 3
748.871 327.896 11
642.806 331.565 4
435.677 212.153 1
718.042 231.605 2
743.274 344.889 2
676.169 343.631 3
688.922 416.416 3
494.208 247.972 2
457.462 436.149 1
332.255 440.166 8
244.116 372.439 1
270.876 402.942 3
219.311 400.401 1
57.1304 424.657 1
555.05 390.902 4
409.019 354.451 4
125.573 469.593 1
662.537 355.974 2
487.438 431.162 1
216.125 459.482 3
402.181 271.264 2
697.677 360.917 2
681.997 255.33 1
598.212 359.592 2
584.893 336.997 1
549.773 355.039 1
436.547 295.326 8
425.642 361.296 5
372.948 347.806 1
286.811 403.623 5
751.529 320.562 2
708.025 308.18 4
674.808 327.447 1
629.609 291.427 1
623.094 352.122 10
570.707 385.962 1
567.345 309.862 2
470.59 337.527 2
463.894 388.079 7
401.289 209.581 6
391.506 324.518 4
384.71 304.119 5
366.187 259.081 1
364.391 266.582 2
339.476 360.164 3
327.561 362.391 15
315.001 322.491 4
312.785 376.185 5
311.425 310.582 1
292.954 407.678 2
285.384 329.046 3
282.532 357.553 1
280.136 281.952 1
278.512 447.041 5
275.228 307.764 3
234.571 336.016 5
218.659 300.349 2
129.779 460.357 6
114.55 414.604 6
114.227 365.057 7
62.5522 358.368 7
59.8015 331.368 2
49.3506 336.331 2
696.705 398.952 2
641.868 272.549 2
602.658 249.214 1
540.678 290.743 1
500.661 379.409 1
391.201 433.385 5
385.955 282.869 4
374.755 360.043 1
265.504 392.582 1
183.902 406.559 5
240.136 355.42 1
215.811 354.392 1
661.426 249.778 2
622.094 257.149 2
585.676 258.343 1
264.045 411.567 9
474.451 402.724 3
769.868 338.599 5
607.259 271.663 1
325.085 422.807 2
414.193 287.915 1
206.141 441.359 9
162.407 465.805 1
406.55 215.343 1
247.822 315.284 1
139.589 369.755 5
105.844 366.506 1
65.9919 342.434 1
67.4448 317.812 1
750.346 421.805 2
736.766 395.528 2
730.086 343.166 2
713.398 335.435 3
767.83 278.61 1
629.03 377.619 1
748.017 255.493 3
697.57 299.559 3
681.718 281.74 1
572.953 348.196 1
601.127 308.956 1
579.96 307.836 1
599.223 275.993 1
543.536 321.683 4
499.055 341.43 2
422.799 330.629 5
468.181 257.163 3
397.405 314.049 2
246.205 451.668 1
381.703 238.963 3
370.941 253.119 1
174.059 412.102 1
279.783 292.305 1
287.598 268.372 1
154.833 391.966 2
154.944 343.117 2
89.7969 387.219 2
121.64 335.399 2
114.15 317.92 1
39.6934 296.414 1
176.846 367.806 4
457.974 397.727 11
634.946 287.088 4
699.755 194.489 2
450.397 349.242 5
302.2 443.647 3
124.739 370.527 5
701.777 345.93 4
252.781 466.994 2
158.301 373.296 3
667.537 356.953 1
662.18 244.086 1
588.639 250.802 2
563.637 274.049 1
386.69 216.241 1
180.342 422.356 1
333.54 253.791 5
250.647 284.165 2
442.834 205.189 2
548.073 256.376 1
223.838 276.907 2
769.583 222.76 2
23.7092 426.231 1
702.682 305.616 1
450.001 399.086 1
531.938 390.919 1
375.762 236.588 3
67.7094 392.177 1
147.096 415.696 2
489.11 419.929 1
462.281 444.26 2
422.392 249.736 1
699.189 254.43 1
626.326 271.887 2
175.145 393.403 2
201.336 389.205 1
132.391 395.886 1
255.23 399.759 6
559.016 403.475 1
670.173 406.777 1
259.259 285.886 2
291.916 367.653 1
375.051 426.475 1
44.7216 401.033 1
32.755 442.024 1
721.014 338.983 3
522.05 394.175 17
561.152 372.572 1
513.586 285.996 1
523.496 417.954 1
453.947 441.443 1
276.521 415.148 3
615.122 276.827 3
598.073 399.359 1
178.947 336.104 2
754.947 304.788 1
442.796 271.684 1
659.945 273.417 1
593.034 341.325 1
414.579 301.459 2
310.125 270.924 1
269.292 404.354 1
103.526 391.908 2
540.958 396.886 1
258.844 414.536 1
764.632 412.395 2
347.546 411.316 5
726.114 339.624 1
481.141 273.74 2
379.275 403.466 1
180.829 407.728 1
156.445 472.741 3
597.196 287.358 1
154.935 349.864 2
556.009 273.948 1
236.9 288.037 3
147.369 367.775 1
764.812 425.063 2
258.093 373.785 1
295.974 234.127 2
187.258 297.316 1
273.754 463.092 1
578.005 350.65 1
658.755 237.055 1
558.46 267.538 1
584.225 243.768 2
380.334 207.588 3
331.18 246.023 2
246.846 275.956 1
215.459 294.783 1
347.394 337.976 2
624.795 222.033 1
329.057 344.073 2
758.229 317.104 1
22.4602 377.386 1
520.839 392.216 1
770.801 403.058 2
696.6 414.99 2
252.288 384.092 1
420.284 452.136 2
182.587 459.113 1
197.683 292.767 1
700.022 265.077 1
625.776 285.685 2
521.606 321.63 2
630.856 268.541 3
427.232 239.651 1
476.125 430.878 1
456.016 446.522 1
209.757 460.735 1
508.798 238.483 5
739.367 277.649 1
79.1659 342.73 1
302.917 295.292 1
426.661 447.648 1
153.481 371.893 1
267.012 415.914 2
588.307 402.583 1
537.69 403.984 1
232.665 399.506 1
716.473 394.813 1
219.715 416.632 1
703.546 317.792 1
667.353 414.857 1
495.99 410.191 1
533.455 397.674 1
336.527 447.754 1
320.214 330.558 1
172.185 363.701 3
665.777 238.398 1
348.254 239.458 2
548.346 272.052 1
329.228 240.278 1
61.9647 395.776 1
690.029 402.784 4
536.694 330.511 5
714.003 363.069 1
686.005 188.294 2
400.314 366.13 1
545.747 263.851 1
477.253 253.586 1
248.207 391.713 3
367.21 206.543 1
328.447 230.434 1
235.214 274.143 1
756.71 248.47 3
230.547 371.585 1
297.352 291.698 3
674.214 394.038 1
145.176 421.042 1
467.756 218.051 1
185.323 292.405 1
294.591 227.859 4
555.581 257.313 1
247.351 262.153 1
213.34 280.193 1
375.779 282.508 2
160.361 340.264 3
630.176 352.576 1
32.8445 435.538 1
32.6473 333.38 4
751.657 269.915 1
81.5007 403.695 1
647.876 408.631 1
745.264 426.001 1
337.445 305.852 1
452.135 376.914 1
79.1874 437.075 1
708.41 264.822 2
205.481 285.217 1
171.166 296.263 1
451.826 237.157 2
680.124 415.436 1
450.932 449.183 1
639.153 321.922 1
378.168 292.66 4
450.425 428.723 1
642.544 231.073 1
617.353 399.278 5
621.629 404.094 1
498.892 287.373 1
502.942 413.431 1
537.811 364.859 3
270.128 448.158 1
572.254 264.362 3
345.306 327.533 2
279.198 332.595 3
399.839 432.319 2
554.391 350.942 2
247.027 465.23 1
582.733 254.232 1
243.609 291.437 1
303.728 461.875 1
346.624 232.075 1
318 355.416 2
415.857 430.744 2
613.419 356.182 1
591.591 243.793 1
563.965 267.835 1
351.403 227.404 1
282.983 215.228 1
155.879 288.432 1
424.031 429.634 1
286.198 460.772 1
308.285 434.323 1
531.621 258.302 1
227.842 295.304 1
468.438 212.876 1
185.216 284.103 1
426.532 192.587 2
151.777 422.574 1
45.5249 327.694 1
695.982 424.615 1
417.268 447.155 1
436.67 444.963 1
229.922 459.284 1
616.43 286.697 1
103.129 428.153 2
430.012 442.738 1
342.289 307.168 1
740.378 429.347 1
107.407 374.766 1
690.29 356.067 1
632.255 296.165 1
441.598 430.094 1
527.862 395.817 1
673.325 217.784 2
171.127 442.168 1
412.628 413.435 1
406.762 430.926 4
378.437 434.841 1
320.364 314.424 1
365.531 214.25 2
336.234 235.767 3
311.498 460.201 1
235.283 284.862 1
690.981 192.145 1
341.115 226.941 1
241.025 278.554 1
584.193 236.16 1
344.816 220.148 1
245.802 270.071 1
745.233 260.337 1
565.111 257.946 1
592.038 233.987 1
349.499 352.736 1
331.467 358.229 1
252.945 267.295 1
220.709 285.514 2
113.194 293.275 1
498.448 332.788 1
119.904 289.655 1
421.286 184.647 1
219.488 291.09 1
262.406 399.559 1
388.146 452.503 1
458.023 424.312 1
423.526 435.682 1
383.97 448.87 1
337.76 455.055 1
348.244 208.258 2
181.126 295.859 1
286.364 221.035 2
188.436 473.596 2
265.963 465.296 1
458.076 213.196 1
