1433 12928
540.59 24.0354 11
27.3792 24.8764 11
31.8825 36.5681 4
32.7548 39.633 3
566.836 39.5614 21
36.518 47.5542 4
32.488 60.7066 21
32.5589 64.381 11
620.669 82.9971 5
620.687 83.9294 1
511.908 95.9242 58
620.615 91.1628 1
520.609 100.866 21
620.742 101.699 6
620.668 111.204 6
621.191 125.26 2
589.048 126.746 20
620.83 134.129 8
451.352 134.971 28
620.679 143.767 6
620.594 154.347 1
450.711 156.778 88
620.128 167.318 8
427.981 178.741 88
425.861 186.861 34
619.47 192.677 11
94.9882 198.135 104
85.5142 200.741 55
619.307 200.906 5
465.588 207.437 53
83.9996 209.71 7
70.5637 212.936 83
106.999 212.231 30
474.872 219.519 54
622.544 222.174 4
287.49 231.947 109
289.203 222.966 5
248.282 231.014 74
437.935 229.049 155
96.4123 236.275 31
274.292 227.983 37
339.517 238.842 140
85.5785 234.529 19
293.878 240.349 26
443.496 235.081 4
38.8113 235.508 8
352.299 240.101 42
358.628 234.323 15
374.823 244.67 95
380.409 237.266 1
34.1685 242.482 17
244.844 238.87 35
341.722 239.647 6
233.783 239.925 6
289.988 247.625 26
111.695 247.269 113
231.638 247.72 19
618.574 249.984 10
427.246 252.344 22
217.496 256.068 45
618.898 255.763 2
203.335 261.855 98
513.802 268.979 72
532.011 271.956 95
460.333 275.826 92
538.48 280.422 27
175.017 290.272 33
540.059 289.548 1
617.142 292.649 7
455.052 296.047 50
450.534 295.991 1
618.277 297.189 2
618.439 308.318 8
150.506 310.206 96
33.3607 310.852 5
44.7432 311.852 14
150.54 318.484 3
618.511 314.331 1
424.807 318.942 57
525.865 318.131 5
440.549 324.611 44
534.628 320.894 6
618.502 323.741 7
37.6019 331.653 83
50.3619 331.3 7
511.216 328.461 57
33.6209 335.283 4
462.329 334.563 7
617.962 338.787 7
45.7498 337.983 4
617.384 342.947 10
526.949 346.299 40
527.37 345.913 31
69.9673 351.136 61
514.28 350.231 6
485.294 351.925 38
552.867 351.944 22
178.907 357.808 78
615.696 363.051 5
569.348 372.586 66
563.987 380.705 48
570.616 388.291 28
559.285 389.458 8
570.173 389.91 10
567.369 391.703 2
252.326 393.698 90
106.256 413.988 34
150.068 406.146 46
321.878 422.337 72
87.5686 431.373 19
339.462 427.628 44
332.302 431.153 20
138.766 429.316 25
28.4352 433.289 1
87.921 434.605 19
100.898 443.134 12
80.8802 441.236 4
609.768 442.318 10
116.754 454.001 18
610.636 449.562 4
54.3598 456.303 30
155.819 453.261 20
91.0192 460.771 13
101.282 456.267 2
112.554 454.869 3
119.483 456.102 3
43.2593 456.61 5
63.2845 456.74 1
74.7153 456.322 7
514.953 459.723 2
609.653 464.013 7
280.476 462.546 2
43.705 463.992 3
77.4094 465.075 4
591.045 464.964 4
599.265 464.95 1
99.0894 465.437 3
104.968 465.65 1
563.463 461.184 7
572.128 465.486 3
117.835 466.114 2
126.46 466.284 2
504.803 466.776 2
534.617 466.307 1
543.409 461.706 6
160.059 467.091 2
495.03 467.47 2
512.576 466.924 1
520.681 466.867 2
173.136 467.745 1
183.357 467.788 2
194.119 468.271 1
204.442 468.383 2
449.373 468.073 1
456.807 468.252 1
463.476 467.948 1
468.776 467.884 1
482.155 467.318 3
213.929 468.575 2
262.705 469.214 2
414.63 468.858 1
420.898 468.87 1
429.46 468.76 2
440.033 468.504 2
290.639 469.47 1
297.248 469.391 1
310.133 469.388 2
320.335 469.772 3
327.324 465.861 3
335.337 469.846 1
342.355 469.862 1
348.182 469.628 1
377.509 469.553 1
385.529 469.305 2
391.988 469.264 1
398.13 469.32 1
403.671 469.238 2
180.634 21.0567 4
186.369 21.0821 2
220.575 20.8911 5
221.24 20.6231 2
229.652 21.1997 2
339.981 20.5947 2
161.331 21.4352 10
196.066 21.3651 8
466.069 21.7526 2
474.735 21.7443 1
108.521 22.671 1
118.102 23.0796 13
131.073 22.2567 4
485.981 23.017 4
94.4933 23.1858 6
428.365 22.8944 6
487.831 22.8896 3
499.913 23.411 5
515.392 23.6821 6
529.542 23.4941 4
45.2159 24.0665 4
388.444 23.0696 5
549.313 24.0493 5
577.615 24.3099 2
587.253 24.2883 2
32.4286 24.8301 4
24.2656 26.5598 3
212.281 32.0199 2
624.229 32.2358 1
162.969 33.3037 22
79.0075 36.7209 23
123.251 39.8413 26
169.986 43.8351 11
118.613 40.385 11
178.562 40.0488 5
82.4111 43.2749 8
90.3626 43.3885 14
133.361 46.3994 10
152.744 48.2588 25
134.768 45.6698 2
142.557 46.0777 12
568.605 45.4766 2
180.155 48.1676 6
169.192 53.3114 7
146.643 53.6325 11
161.594 54.461 1
24.5832 57.8513 14
612.314 78.5857 3
519.671 79.0881 11
512.884 81.3202 1
534.958 85.148 20
489.118 91.6479 15
516.509 90.8718 1
493.454 96.9549 12
532.873 93.6767 8
502.194 100.685 6
526.274 102.697 41
570.603 105.942 17
495.634 99.0913 7
590.32 101.261 34
561.472 106.9 15
613.753 104.673 6
490.764 111.429 65
602.846 107.874 1
24.4463 111.548 3
506.61 110.506 14
554.812 106.272 14
611.058 114.363 1
600.677 118.71 28
536.461 116.603 27
594.306 117.573 2
441.471 120.952 4
607.849 122.013 2
24.3447 126.501 5
444.949 127.849 3
464.254 130.544 31
477.399 130.521 27
584.42 131.333 6
24.0124 131.798 2
601.532 138.034 6
522.687 138.786 34
508.696 132.994 80
595.795 140.409 12
608.137 139.44 10
600.628 142.068 3
23.8501 141.497 1
433.894 142.369 59
476.936 144.874 10
456.804 147.256 19
418.657 151.771 14
454.721 152.71 3
493.095 152.982 21
598.614 158.016 14
574.714 159.614 40
590.068 151.075 24
438.065 163.523 14
453.955 157.436 2
473.688 160.364 65
426.292 159.413 13
513.318 160.267 12
416.795 158.142 7
611.254 161.345 1
25.5314 166.463 15
45.8756 165.196 12
464.445 165.64 25
487.589 172.84 57
564.854 166.233 1
554.301 170.315 87
478.084 172.903 25
573.468 178.597 28
451.795 175.334 28
545.823 174.025 8
450.164 186.76 43
24.7728 179.043 10
395.533 186.604 21
579.522 178.951 1
570.844 185.484 8
496.519 179.249 62
420.753 179.781 5
91.7789 182.646 21
120.639 187.26 23
472.824 190.524 27
578.502 188.242 26
394.281 186.6 1
77.9755 187.635 7
490.064 189.752 10
414.794 195.365 21
586.456 188.205 3
83.8738 190.333 4
388.408 192.046 13
563.912 192.29 10
24.7845 192.967 6
75.2765 193.541 1
108.703 194.47 59
80.0055 196.18 2
603.323 199.914 27
404.07 197.095 8
453.18 198.681 6
558.45 198.979 1
609.649 200.633 7
76.8846 200.668 3
446.155 205.984 30
103.163 205.144 9
391.619 205.768 80
441.305 204.447 1
24.1285 205.765 2
71.4378 205.262 4
404.139 209.155 6
415.895 208.928 21
57.2635 213.43 11
24.3319 214.543 2
142.637 219.35 35
415.559 217.945 13
439.943 221.609 1
261.152 222.284 3
483.484 223.176 4
245.28 226.153 4
548.133 227.441 26
24.7594 226.801 1
405.783 220.663 27
420.445 237.235 21
399.172 227.792 3
345.922 230.686 1
314.747 231.8 11
537.492 232.116 4
24.8836 233.708 1
411.539 235.59 7
50.7655 238.373 20
317.024 238.548 12
335.615 237.459 2
403.198 242.089 49
90.2003 251.059 16
281.301 240.822 8
436.652 242.765 14
152.054 245.16 10
331.661 245.894 18
496.606 238.282 36
287.542 244.371 6
456.07 244.859 30
593.352 244.062 6
24.9241 244.038 12
510.293 245.823 17
324.766 253.912 50
199.552 248.151 1
609.855 248.335 8
62.938 243.603 30
77.0343 251.259 13
339.19 251.022 17
394.918 251.431 20
484.027 255.812 89
479.496 252.042 1
565.145 253.151 9
469.154 253.758 24
496.33 254.859 42
229.929 254.485 2
386.266 254.372 3
25.8001 255.103 7
329.837 255.143 4
139.685 258.704 29
95.6276 257.81 2
550.788 255.766 38
86.6138 261.559 17
464.089 260.038 7
440.675 265.173 26
458.797 263.806 2
387.336 265.645 8
502.142 269.869 46
133.829 263.473 33
225.255 270.887 12
480.667 267.739 3
514.019 268.71 4
529.502 272.456 5
488.764 271.477 5
232.545 279.075 21
405.399 274.151 29
389.739 275.964 17
474.428 277.715 3
514.749 275.989 2
549.796 284.714 81
37.0505 278.016 10
446.306 281.724 8
43.8847 283.093 16
573.349 282.601 23
253.906 287.432 45
394.82 279.815 6
535.235 284.058 1
543.471 284.177 1
587.472 283.954 24
442.026 292.51 8
514.289 290.163 49
461.139 288.4 4
497.528 292.189 20
556.112 288.774 6
198.483 293.726 47
165.432 297.921 13
438.909 302.908 8
197.579 302.656 8
533.722 302.439 22
75.8486 307.295 9
580.136 304.512 16
194.759 310.069 21
136.803 305.595 22
588.183 311.215 25
597.145 309.532 6
604.648 309.196 11
510.073 310.498 30
529.104 308.746 3
436.885 309.024 4
442.841 311.267 16
455.061 310.488 8
27.2029 314.529 7
216.407 314.359 23
442.642 319.709 12
415.439 323.188 26
228.565 330.308 46
218.619 326.917 4
115.634 325.789 33
109.165 327.315 2
482.298 329.549 16
156.074 329.779 60
215.362 335.856 3
54.7735 337.334 33
168.591 342.64 14
215.475 346.461 8
465.09 345.89 54
611.461 346.58 4
157.65 347.454 45
210.401 348.843 12
474.041 356.775 14
547.107 356.181 33
544.112 349.52 1
77.3717 352.858 16
29.2605 355.364 21
142.122 356.574 31
518.504 359.791 17
157.83 356.66 22
129.545 359.901 14
502.585 359.27 56
620.553 358.653 2
193.572 358.193 7
100.585 361.381 13
536.277 361.127 15
541.569 371.219 24
30.1515 373.563 14
216.477 380.432 7
559.014 379.558 1
234.543 388.365 48
240.748 397.729 8
84.8895 403.449 36
133.729 399.348 25
186.822 402.993 36
201.45 406.416 20
175.065 404.396 26
95.8831 407.355 13
207.964 409.957 17
174.558 412.184 2
90.7804 414.083 3
294.303 417.329 32
125.103 417.111 26
64.1654 418.098 11
101.485 416.887 3
328.001 417.873 1
116.585 418.913 10
308.513 420.997 11
44.6105 426.242 46
60.1178 422.869 1
108.045 425.03 1
332.235 425.332 5
34.1102 427.958 15
252.389 432.165 10
263.307 431.574 5
98.3717 431.977 4
50.8428 432.69 6
272.71 432.599 14
293.845 433.034 34
302.217 434.389 5
104.567 435.998 1
140.763 437.442 2
71.7025 438.946 7
531.951 441.142 2
539.043 441.077 6
550.419 441.007 9
572.188 440.608 1
454.281 442.258 12
483.917 442.009 15
523.048 441.899 13
563.817 441.635 12
599.257 441.687 4
92.6081 442.486 1
283.824 443.258 8
471.469 442.862 14
33.436 443.266 11
293.283 443.605 3
151.024 445.435 4
229.894 447.621 9
220.293 447.019 3
59.9431 447.966 13
242.934 445.234 33
501.904 450.323 13
150.57 454.902 2
550.381 455.33 1
586.649 456.969 11
543.693 456.554 1
569.737 456.744 6
170.216 457.358 7
485.059 459.033 11
531.546 457.867 12
34.8647 463.151 10
107.479 460.008 1
178.53 459.794 1
33.7964 461.783 1
579.006 461.678 2
260.663 462.274 2
509.597 462.503 2
400.11 463.381 2
410.392 463.49 1
455.245 463.426 1
285.26 464.328 1
418.747 463.869 1
490.107 463.661 1
353.981 464.696 1
362.364 464.861 1
379.57 464.552 1
37.7453 467.352 1
278.581 467.579 1
617.242 26.7008 4
149.562 46.964 5
598.757 124.157 10
89.7446 162.437 33
427.532 173.286 4
429.254 209.846 5
96.5452 238.61 14
391.093 237.329 24
59.9982 243.596 2
215.149 256.812 5
133.684 263.002 30
41.2547 292.315 17
297.513 312.733 35
34.8595 341.937 2
324.236 363.193 10
203.086 364.624 30
326.681 378.67 27
121.798 394.952 21
108.817 395.936 34
136.691 397.962 12
76.9967 417.927 5
244.039 442.926 5
458.216 163.917 2
419.28 173.512 9
474.491 218.455 3
122.762 260.582 17
429.607 304.364 64
556.874 463.813 1
290.74 24.0628 1
332.548 24.8599 1
268.715 25.0341 1
353.703 22.4399 3
407.551 25.2235 1
418.013 22.8979 3
457.555 25.9968 2
605.058 28.2407 1
173.573 41.2494 3
103.949 45.7431 27
185.405 48.4441 1
554.588 48.1824 11
39.7612 57.5823 1
534.216 85.6048 25
27.4687 114.558 1
520.245 140.339 2
590.321 147.928 4
452.178 176.419 1
427.124 180.924 3
442.493 185.905 8
476.542 197.822 13
68.5052 210.236 1
76.4187 226.444 8
27.8142 240.046 1
302.491 245.531 7
249.756 244.672 1
36.8682 247.364 4
71.8116 249.555 2
87.0274 250.974 4
216.05 256.414 9
564.438 258.279 1
188.44 259.409 35
562.618 274.026 31
27.3312 276.612 15
446.423 285.7 1
595.047 287.838 1
175.643 292.129 1
465.857 291.036 3
563.654 294.86 10
410.324 301.919 12
27.179 302.45 15
228.93 298.05 9
46.7591 305.974 18
76.1726 310.944 5
162.708 309.603 1
189.054 308.447 3
155.29 321.763 1
437.353 328.12 17
623.816 347.292 1
169.928 349.52 5
216.022 347.049 4
480.275 350.873 1
566.655 354.452 1
161.488 359.371 3
102.653 364.342 7
180.801 371.922 8
57.0636 371.056 17
551.145 378.444 24
340.654 385.262 39
30.5251 394.863 5
119.307 409.288 14
183.594 430.717 8
172.009 443.965 4
617.121 454.615 1
64.6133 466.518 2
585.32 78.873 15
254.356 234.005 7
167.934 263.078 14
229.51 287.033 13
113.594 295.375 21
157.726 331.381 3
547.912 356.867 2
614.381 384.234 4
236.1 404.207 1
58.5185 405.124 17
153.135 422.998 9
227.637 431.281 22
243.267 434.12 19
606.133 445.444 2
502.845 445.869 8
88.5577 469.573 1
17.8375 48.7932 1
18.9616 71.0707 1
509.054 136.193 1
491.886 178.366 1
389.641 225.373 11
154.208 233.087 46
505.849 258.129 3
78.2213 294.718 26
20.1368 300.334 1
69.5239 359.708 1
203.441 387.389 3
160.106 428.941 8
188.117 30.0038 1
222.266 27.9362 1
272.041 30.3187 1
335.875 29.8586 1
355.366 30.3819 1
128.354 30.3532 1
461.654 31.4633 1
485.838 31.5716 1
545.906 32.4711 1
90.5185 35.3952 1
107.216 49.6323 2
49.1567 51.3125 1
192.755 52.3144 1
540.836 88.5837 2
528.678 114.911 4
567.393 117.646 8
33.6234 129.377 1
532.232 147.114 37
84.1561 174.908 5
34.466 176.74 1
553.556 177.984 5
518.222 183.6 16
450.555 189.826 8
484.04 203.227 7
430.02 204.277 2
89.9301 215.241 1
430.289 233.092 8
458.503 233.749 2
100.23 244.329 2
335.283 244.685 6
407.62 246.39 1
123.102 252.632 4
254.361 253.764 3
306.551 252.5 2
354.761 254.364 2
481.465 261.621 10
133.969 272.892 4
566.32 270.787 2
214.441 280.021 6
235.268 290.921 2
452.057 289.64 1
516.943 295.072 1
122.799 298.305 6
37.8839 298.873 2
470.404 312.442 17
173.395 303.105 4
74.9828 315.238 1
588.602 315.286 1
162.326 328.883 2
435.148 332.855 10
232.374 336.635 16
39.0797 347.746 2
84.4587 350.312 1
176.602 353.258 1
550.713 362.365 10
105.502 369.976 1
583.523 375.124 3
61.7169 384.292 3
547.218 385.046 1
267.807 395.901 20
112.378 397.002 2
190.197 406.816 1
40.6777 411.347 1
321.474 427.646 1
348.727 430.746 1
233.326 434.881 2
278.697 437.815 1
261.742 451.193 1
500.933 454.6 2
119.461 199.84 3
597.095 319.966 1
300.386 335.556 59
247.46 413.45 3
598.926 455.891 2
585.068 68.6181 5
380.533 268.885 1
392.818 304.563 1
474.703 319.421 23
190.643 392.734 4
364.805 435.66 3
552.1 38.8488 1
562.719 87.6826 8
597.875 94.0387 1
503.324 122.749 15
45.9931 133.669 1
577.82 135.581 1
49.5849 187.822 2
424.231 184.184 1
563.891 186.035 1
45.3163 233.39 1
267.108 266.923 1
423.143 267.853 7
303.635 276.398 1
493.73 273.975 2
580.577 274.348 4
182.781 308.891 1
600.368 325.389 1
240.971 346.443 1
445.15 345.01 1
53.9786 357.616 1
521.128 381.184 1
595.86 381.005 1
52.9491 416.988 2
194.387 434.907 3
508.321 214.495 1
423.537 272.43 5
366.376 425.033 2
181.8 391.197 1
515.18 128.275 1
518.502 220.011 1
282.931 364.489 1
361.145 301.158 1
491.625 352.694 5
546.544 367.614 5
241.026 437.478 1
79.3356 455.81 1
84.3736 455.917 1
197.612 28.7646 1
442.242 140.177 4
536.136 142.758 4
458.185 145.27 3
502.66 171.22 5
609.709 187.924 5
483.412 186.435 3
409.873 199.342 7
142.062 207.801 38
430.586 226.896 1
459.84 252.222 5
100.729 256.014 8
110.784 255.558 2
553.17 261.353 1
439.645 263.443 6
120.424 272.495 2
423.257 325.115 5
528.219 331.074 2
27.9952 339.703 2
134.853 355.382 2
482.67 361.819 5
256.067 403.43 5
87.4884 439.764 1
584.668 441.534 1
130.415 447.382 5
601.842 80.1802 10
77.0591 403.391 1
161.15 409.849 7
567.245 118.575 6
76.9666 165.269 7
406.178 215.153 2
143.544 245.111 13
89.5761 266.786 5
194.644 280.066 4
458.544 282.626 2
499.924 338.071 14
519.359 360.293 1
598.449 368.047 12
288.652 234.509 2
191.896 376.414 33
351.298 395.992 39
110.431 173.261 6
145.582 225.365 1
398.416 309.858 1
102.798 374.273 4
65.8816 389.955 5
86.1349 221.103 4
300.791 258.419 5
251.125 262.301 3
353.31 261.111 4
235.032 296.137 3
475.349 308.354 5
515.542 372.847 4
187.437 380.234 1
409.019 258.328 6
381.155 278.074 1
304.34 288.677 1
465.777 119.745 20
422.517 197.884 10
407.569 202.82 3
446.982 316.181 2
154.169 37.9465 7
24.3185 35.9659 4
24.6327 45.4176 3
111.99 209.768 3
314.222 462.598 4
152.853 355.477 2
26.5249 288.562 9
31.5476 406.095 1
50.8717 437.944 1
34.2907 424.195 4
569.518 24.2856 1
537.054 44.3601 9
578.891 102.457 3
549.182 111.91 1
528.417 104.129 1
543.367 132.354 4
526.666 127.635 20
599.268 207.299 1
505.823 120.355 3
606.297 254.228 3
560.208 281.398 7
616.005 354.227 2
614.635 375.151 2
448.183 218.969 3
558.679 358.619 1
458.852 311.091 8
471.03 325.338 8
414.586 291.692 26
454.561 336.763 8
475.112 355.336 1
421.936 305.137 4
405.202 310.57 4
514.931 442.469 8
308.493 239.096 7
507.752 450.693 3
273.815 238.038 11
437.294 441.849 4
293.297 303.606 3
387.943 402.603 28
304.458 320.68 10
311.5 327.111 9
321.369 336.228 12
326.327 344.21 4
358.161 376.679 16
268.21 292.056 22
334.982 359.956 29
343.622 364.701 2
245.374 282.53 5
357.131 393.875 2
347.862 388.765 1
333.989 380.994 1
313.622 364.681 43
123.59 187.077 2
107.448 182.517 7
342.879 436.459 1
138.766 238.041 10
349.516 445.136 2
150.457 254.837 1
313.517 438.958 4
268.812 411.757 2
197.395 372.673 7
204.704 380.84 19
135.556 319.56 11
259.738 443.606 14
243.912 429.144 1
173.928 364.992 1
233.113 425.549 3
54.2152 248.053 5
217.817 417.464 8
253.125 454.997 2
215.322 442.708 16
153.337 398.071 2
141.682 410.552 4
46.7694 319.327 5
40.057 324.298 3
52.0401 349.698 10
125.553 431.404 11
23.5216 345.89 1
428.955 440.412 10
146.291 415.338 3
53.0748 445.245 10
439.462 165.803 4
462.686 207.372 2
420.135 202.283 5
436.473 267.784 1
450.931 337.762 2
263.535 238.633 12
414.596 422.71 13
316.662 336.17 3
335.361 361.883 3
131.291 197.915 14
141.959 212.916 2
109.34 186.764 1
253.799 406.062 2
132.193 326.396 3
99.4503 305.309 27
100.368 330.688 20
563.709 263.488 2
500.574 141.563 6
494.446 240.993 1
426.336 309.478 1
97.7366 251.925 4
212.151 363.729 1
545.272 237.508 3
429.449 148.623 5
544.876 291.187 1
537.828 386.424 1
372.304 258.082 5
458.187 349.332 1
252.384 296.187 1
139.239 222.317 5
133.329 368.091 1
512.95 186.171 2
312.85 352.167 13
463.878 194.264 6
420.966 263.066 1
448.928 320.957 1
297.124 460.792 1
202.162 24.8954 1
30.4164 367.272 1
27.2135 295.509 2
25.4896 51.5704 2
605.88 294.739 2
603.138 189.774 2
594.654 196.752 7
590.594 193.862 2
584.882 241.618 1
542.834 104.467 3
508.129 149.484 12
506.226 159.529 6
501.141 113.547 2
496.878 166.571 7
473.072 133.192 1
462.715 183.565 4
454.992 256.522 1
445.081 273.769 10
433.647 294.286 5
426.776 431.879 6
422.997 426.45 1
410.782 416.356 1
403.148 411.001 1
403.946 294.864 3
403.479 285.384 6
397.042 279.487 2
395.776 241.758 2
394.1 272.781 2
385.475 186.506 3
382.012 199.964 7
384.822 273.074 1
381.905 250.133 1
378.162 391.165 2
369.299 384.01 1
317.914 248.478 1
311.649 352.336 10
314.329 348.903 1
280.576 301.945 15
280.327 419.536 8
217.975 294.297 15
188.968 315.548 1
163.368 418.825 2
147.408 434.91 6
144.051 426.297 1
143.467 269.88 7
136.764 423.694 3
106.829 305.956 2
94.2333 53.2411 3
88.3531 373.888 4
86.4953 367.462 1
68.2943 221.251 2
65.8082 231.958 6
529.329 189.671 11
216.644 313.285 1
208.199 337.74 5
437.037 275.599 8
430.051 295.676 1
308.717 243.554 6
271.085 417.454 4
259.742 287.99 1
96.893 176.441 2
78.5309 235.733 5
53.298 214.16 2
567.241 118.899 1
527.167 175.929 2
505.259 131.919 1
167.249 304.273 1
533.676 379.593 3
452.751 213.754 2
387.44 220.788 3
374.963 195.065 2
258.882 243.743 6
247.438 292.689 1
206.479 314.752 2
138.657 366.257 2
107.443 272.861 8
461.857 321.198 2
406.794 288.264 1
367.12 169.978 1
364.316 217.488 2
357.528 279.528 1
576.266 457.348 2
34.0647 455.933 1
518.252 436.734 2
490.659 447.193 1
483.051 452.451 1
517.41 302.378 3
515.86 281.271 1
469.918 270.223 1
395.825 299.221 3
431.216 240.927 2
432.443 218.208 3
425.458 223.002 2
480.531 161.424 3
380.364 260.074 5
446.122 170.133 2
502.347 105.748 2
170.558 426.341 6
414.96 180.568 1
481.832 96.695 6
339.137 225.87 6
408.314 150.678 14
524.893 28.7426 1
203.696 348.256 2
185.277 340.302 5
80.2458 425.749 3
270.27 221.189 2
32.3047 294.073 3
32.6232 287.484 1
99.9287 171.899 1
591.134 298.76 9
468.185 179.869 4
529.894 169.606 6
393.334 295.42 1
413.876 173.441 1
464.626 119.552 1
334.639 225.859 1
406.157 149.173 2
416.349 137.417 9
42.5337 434.746 1
195.984 260.12 1
531.261 74.1794 3
469.208 97.1866 13
223.305 332.058 1
74.5769 346.283 1
537.495 380.184 1
459.739 212.502 2
484.23 172.784 1
499.626 130.985 1
464.342 98.8729 3
391.833 161.841 2
92.9712 303.489 1
220.762 338.564 2
361.265 266.284 1
366.94 212.425 5
467.16 107.663 2
53.9093 165.936 4
414.499 204.002 1
602.902 214.71 5
81.1985 363.972 3
407.418 316.025 4
52.7185 155.99 6
475.234 240.021 12
485.505 241.205 3
510.985 174.145 7
46.3122 173.18 1
249.554 251.178 1
510.632 319.75 2
520.405 365.82 1
114.779 204.549 1
490.043 214.338 5
83.3992 231.638 1
290.87 278.372 3
170.319 315.145 2
411.25 269.232 1
150.197 343.646 5
232.115 399.936 4
574.06 357.817 7
345.763 251.31 1
90.1683 347.702 1
542.188 298.954 2
343.757 266.913 5
432.576 340.111 1
294.136 267.656 1
130.242 280.367 5
414.891 252.746 2
33.4099 436.081 1
533.832 38.8379 2
503.195 296.57 1
379.393 207.274 11
307.788 20.9309 1
242.145 21.9153 1
309.588 346.968 1
384.556 228.476 2
455.813 207.784 2
382.599 213.711 2
266.538 242.204 1
211.328 300.666 3
152.335 363.834 6
208.43 305.302 1
496.049 135.069 2
428.811 335.009 1
366.156 261.443 1
295.325 258.187 1
242.802 295.702 2
177.468 264.794 1
422.118 238.925 2
342.965 210.99 3
433.237 193.094 2
555.475 252.108 1
536.18 175.256 1
432.892 285.586 4
215.61 280.115 1
51.8457 325.372 1
525.354 359.163 1
495.363 362.105 1
404.264 176.944 3
97.0562 285.992 6
522.569 173.275 2
466.809 238.118 5
416.877 274.015 1
450.961 98.3884 1
377.564 223.087 3
344.467 274.789 1
531.197 434.584 1
478.916 435.151 1
465.457 435.576 2
506.147 280.181 2
290.941 410.462 1
604.264 181.364 2
500.626 236.553 1
247.723 380.265 3
538.371 169.186 2
535.067 76.5735 1
101.534 388.832 1
239.859 220.032 2
97.1871 224.753 1
39.6606 156.951 1
493.692 435.977 2
107.895 275.337 1
472.724 315.723 1
304.524 408.067 3
497.461 226.455 5
469.526 238.341 1
387.566 283.373 1
410.162 168.261 2
388.82 181.319 4
330.57 221.324 1
496.704 79.8708 5
70.747 154.01 3
388.708 151.139 4
99.5748 269.778 1
132.205 208.268 3
21.0484 248.179 1
584.581 110.453 1
475.881 112.263 3
37.7442 167.627 1
67.0576 170.091 5
244.858 286.403 1
66.1196 372.615 1
64.5503 319.596 13
45.2126 178.932 2
404.694 250.693 2
35.8755 256.315 2
287.705 264.706 5
584.855 320.327 1
292.206 287.773 2
173.401 370.523 1
554.27 85.7141 2
406.745 278.869 1
65.4152 320.746 1
58.5986 388.733 2
341.738 258.535 1
245.029 253.491 2
282.272 312.841 3
115.361 287.339 1
286.298 282.464 9
313.88 299.276 2
128.769 288.606 1
315.319 257.027 1
168.137 367.545 1
306.092 329.009 1
210.24 396.158 2
533.072 201.063 6
493.962 143.831 1
343.147 350.14 1
418.867 243.311 2
171.949 268.331 1
429.055 282.952 2
534.314 107.443 3
571.006 250.778 3
524.23 45.7386 1
493.309 268.81 1
285.506 435.717 1
354.781 425.291 7
418.051 333.863 3
357.262 203.956 3
303.123 372.627 1
282.902 340.053 6
298.784 375.125 2
491.369 328.097 1
456.853 174.064 3
114.842 268.961 1
546.772 182.175 1
438.915 434.913 7
484.531 291.34 8
397.383 147.607 3
101.952 400.395 3
423.263 331.492 1
376.88 149.557 2
541.668 324.627 1
474.551 102.497 1
92.8316 221.476 1
61.4477 362.001 3
411.666 310.46 4
440.293 193.342 6
524.327 168.314 3
462.341 193.538 1
609.167 277.214 3
572.189 294.912 1
521.79 292.825 2
169.072 393.39 3
140.566 390.603 3
95.608 387.954 1
77.4771 391.583 2
129.015 349.079 1
427.636 136.195 3
176.818 248.099 2
504.811 80.261 3
172.643 386.831 4
151.049 390.36 1
179.482 298.917 2
593.592 65.6266 1
556.315 68.2454 1
565.879 287.486 1
493.608 246.17 1
385.804 172.93 1
423.114 118.459 5
172.232 236.05 2
104.627 166.024 4
517.94 118.236 1
482.75 209.905 1
40.0569 418.611 1
38.7965 172.606 1
394.833 219.464 1
236.638 259.314 1
193.534 317.747 1
125.255 206.774 1
286.379 271.094 3
162.928 321.265 1
406.521 267.392 2
365.347 393.803 1
376.297 397.451 1
212.832 326.209 1
76.1181 322.889 6
497.417 192.558 1
244.634 260.28 1
89.6047 278.426 1
545.483 241.518 2
541.763 194.528 1
49.9709 255.454 1
78.2695 321.728 1
528.152 210.086 2
410.849 212.884 1
321.102 272.323 4
492.753 287.17 1
555.811 194.613 1
318.693 261.447 1
143.401 339.045 1
106.827 381.85 4
361.448 427.803 1
518.175 195.625 1
481.437 273.178 2
493.719 368.613 3
358.679 209.322 1
528.358 366.205 1
372.841 204.447 2
285.143 316.385 2
582.983 384.195 1
319.794 436.618 1
270.079 463.552 5
72.6763 339.986 1
403.05 188.448 1
389.724 288.328 1
215.818 388.685 1
526.662 452.42 1
475.62 295.005 1
416.619 441.597 1
374.497 189.33 1
212.944 432.019 1
348.444 218.743 2
103.869 235.669 3
121.677 317.18 2
393.11 144.532 1
354.24 368.478 2
354.156 216.251 4
550.282 433.607 1
466.814 243.982 1
568.661 63.8697 1
399.645 164.322 4
457.837 94.5596 1
403.272 128.18 1
102.548 162.566 1
294.652 295.501 1
284.729 214.182 1
135.204 246.268 1
31.1255 268.612 3
431.311 122.685 1
449.676 103.625 2
127.65 371.357 1
237.662 267.386 1
170.327 227.262 2
405.535 142.79 1
622.297 318.759 1
44.0252 271.243 2
246.978 334.489 1
475.788 118.436 1
579.96 313.589 1
539.979 199.236 1
523.108 226.821 1
313.016 291.106 1
435.841 125.652 3
566.465 305.564 1
127.735 227.05 1
471.992 282.14 1
81.5077 338.088 2
286.281 309.038 1
422.107 338.008 2
395.155 167.014 2
375.91 405.53 2
270.077 248.994 1
210.24 422.148 4
435.285 209.181 1
143.759 36.6298 2
489.268 296.548 1
480.4 301.869 2
385.212 155.516 1
247.058 460.342 1
362.2 189.561 1
534.22 369.525 1
237.53 419.267 1
372.495 222.386 1
436.339 113.134 5
257.819 414.808 1
136.95 284.535 4
390.138 126.516 1
273.618 297.971 2
442.06 106.847 1
271.421 212.493 1
590.698 85.2247 1
586.339 342.442 1
164.316 274.806 2
460.029 221.048 2
270.239 277.434 2
116.519 225.722 1
466.289 141.583 2
128.167 177.956 1
346.951 358.988 1
492.837 219.542 1
176.848 206.416 1
615.378 224.033 1
184.582 333.788 1
604.394 229.814 1
276.693 316.398 1
121.42 211.606 2
275.825 322.128 1
508.364 230.407 1
262.384 314.566 1
125.416 308.372 1
457.528 227.713 1
272.071 310.668 2
257.73 339.095 1
195.722 272.967 2
469.719 151.229 1
344.824 197.972 1
385.935 165.536 1
216.864 436.356 3
204.557 436.429 2
355.598 223.315 1
353.488 412.384 1
450.645 112.109 1
252.043 216.93 2
161.581 388.232 1
155.748 385.499 1
503.43 253.437 1
124.303 342.783 1
521.104 311.472 2
276.714 284.481 1
483.813 309.269 1
520.438 336.695 1
485.165 120.951 1
308.216 309.598 1
520.796 242.976 1
181.677 216.385 1
