3968 12928
538.756 20.0045 1
27.1603 20.9877 3
32.6726 32.5512 1
32.7548 39.633 3
566.836 39.5614 16
32.6792 45.0307 2
32.7325 51.803 6
32.7637 56.6064 1
31.9316 62.3631 18
620.632 78.629 1
620.669 82.9971 5
511.222 89.1179 1
620.615 91.1628 1
514.64 98.6401 4
620.7 102.315 4
620.668 111.204 4
620.871 112.815 2
621.191 125.26 2
589.416 126.889 16
620.81 133.824 4
451.724 134.884 16
620.562 143.93 4
620.594 154.347 1
446.445 155.353 17
620.128 167.318 8
430.58 175.728 21
428.771 186.837 20
619.47 192.677 8
92.3631 193.846 8
84.6359 199.553 16
619.307 200.906 5
467.699 206.691 20
79.9523 212.254 1
69.9108 213.208 34
107.701 214.051 9
479.547 216.924 9
618.922 218.989 1
282.475 225.043 1
287.46 225.855 1
256.773 226.405 26
442.024 229.844 7
101.016 228.997 3
270.256 229.453 9
323.979 231.398 2
266.602 232.755 3
87.9769 235.143 9
298.155 233.022 7
442.468 234.164 13
38.8113 235.508 7
350.736 234.487 17
358.628 234.323 12
368.357 237.31 7
372.862 237.565 2
380.409 237.266 1
32.7018 238.249 5
244.844 238.87 1
347.62 238.442 4
344.311 241.872 2
240.017 241.427 9
293.353 239.886 24
110.792 246.597 21
232.122 246.56 7
618.489 249.163 6
422.564 253.405 3
222.479 254.223 9
618.898 255.763 1
202.783 259.608 21
519.238 264.431 21
535.07 265.685 18
460.315 268.955 15
537.689 277.974 13
176.182 282.685 1
537.913 286.891 6
616.929 292.123 6
458.51 292.986 2
450.534 295.991 12
618.277 297.189 2
618.414 308.278 6
153.19 309.837 29
33.3607 310.852 4
44.2086 312.253 11
151.189 314.339 4
618.511 314.331 1
421.771 317.107 18
524.425 317.511 3
431.745 319.828 8
529.032 321.239 1
534.628 320.894 6
618.502 323.741 6
37.098 329.904 21
50.0756 330.879 11
512.096 331.177 16
33.5576 334.581 7
462.401 334.605 4
618.216 336.357 3
45.7498 337.983 4
616.985 342.229 12
519.246 347.734 3
527.37 345.913 37
69.0932 351.197 9
514.28 350.231 5
485.296 351.627 11
554.86 354.447 5
179.255 358.687 44
615.696 363.051 5
562.394 370.161 3
564.538 378.299 21
571.015 383.819 12
559.285 389.458 6
572.11 388.834 4
567.327 390.436 15
253.869 393.348 33
105.799 407.933 10
151.635 409.441 2
316.639 416.835 5
91.6408 422.568 5
334.504 420.599 12
332.302 431.153 9
136.569 432.2 8
28.4352 433.289 1
87.921 434.605 2
97.1283 438.776 4
81.4063 441.249 3
609.768 442.318 10
114.217 448.84 4
610.636 449.562 4
47.6417 453.505 1
156.23 453.76 10
93.9583 456.31 4
101.282 456.267 2
112.554 454.869 6
119.483 456.102 2
43.1862 455.799 5
63.5201 455.83 4
74.8159 455.817 5
514.953 459.723 1
610.469 460.305 1
280.476 462.546 2
43.705 463.992 2
74.3109 464.967 1
78.6113 465.007 3
591.045 464.964 3
599.265 464.95 1
609.879 464.5 4
99.0894 465.437 2
104.968 465.65 1
563.632 465.662 3
571.712 465.537 2
117.835 466.114 2
126.46 466.284 1
504.803 466.776 2
534.617 466.307 1
544.595 466.241 1
160.059 467.091 2
495.03 467.47 1
498.847 467.338 1
512.576 466.924 1
520.681 466.867 1
173.136 467.745 1
183.357 467.788 1
194.119 468.271 1
204.442 468.383 2
449.373 468.073 1
456.807 468.252 1
463.476 467.948 1
468.776 467.884 1
485.192 467.59 1
213.929 468.575 1
262.705 469.214 1
414.63 468.858 1
420.898 468.87 1
429.46 468.76 1
440.033 468.504 1
290.639 469.47 1
297.248 469.391 1
310.133 469.388 1
320.335 469.772 1
327.489 469.783 1
335.337 469.846 1
342.355 469.862 1
348.182 469.628 1
377.509 469.553 1
385.529 469.305 1
391.988 469.264 1
398.13 469.32 1
403.671 469.238 1
408.291 469.201 1
180.634 21.0567 2
186.369 21.0821 2
216.161 21.1092 1
222.14 20.6425 5
229.652 21.1997 2
339.981 20.5947 2
162.671 22.5372 8
176.136 21.2157 1
196.066 21.3651 6
466.069 21.7526 1
474.735 21.7443 1
108.521 22.671 1
117.344 22.3522 8
128.143 22.1107 1
480.538 22.612 1
94.4933 23.1858 5
428.365 22.8944 5
487.248 22.9214 5
499.913 23.411 4
515.392 23.6821 4
527.384 23.4818 2
45.2159 24.0665 4
386.447 23.4322 1
537.561 24.1587 3
549.313 24.0493 4
577.615 24.3099 2
587.253 24.2883 2
32.5412 24.9583 5
24.2525 25.3144 6
212.281 32.0199 2
624.229 32.2358 1
162.797 33.9802 11
77.7539 36.7166 17
123.182 39.5044 24
36.7075 39.3395 1
165.611 39.9945 1
118.538 39.4409 5
184.335 41.1505 1
80.2594 43.5148 5
87.9387 43.5471 4
131.353 43.2543 4
157.109 46.0704 11
134.768 45.6698 5
142.168 45.7874 9
568.605 45.4766 2
36.4626 47.8282 2
180.155 48.1676 5
169.459 53.0003 5
146.643 53.6325 8
161.594 54.461 1
167.317 54.0975 2
24.5832 57.8513 13
28.1247 65.8349 2
612.314 78.5857 3
519.443 79.5278 7
512.884 81.3202 1
526.768 87.2672 3
492.72 89.2587 1
515.429 92.495 17
488.311 92.2398 9
532.873 93.6767 8
510.005 95.0925 5
503.479 99.6554 8
520.37 98.9312 25
569.9 103.362 5
495.511 104.15 4
593.259 105.656 7
561.76 106.576 4
613.753 104.673 6
488.113 108.809 16
602.846 107.874 1
24.3851 110.263 2
506.61 110.506 12
560.924 110.855 6
611.058 114.363 1
602.945 115.398 13
536.461 116.603 24
594.306 117.573 3
441.471 120.952 3
607.849 122.013 2
24.3739 125.374 3
444.724 129.37 4
464.254 130.544 25
477.399 130.521 21
584.674 131.153 5
24.1548 129.872 4
602.529 133.84 2
523.519 135.2 6
515.409 136.198 1
595.795 140.409 11
608.137 139.44 10
455.983 139.676 2
600.628 142.068 5
23.8501 141.497 1
433.894 142.369 40
476.936 144.874 10
624.344 145.509 1
463.188 147.937 2
418.239 150.112 6
450.516 151.722 2
493.939 152.527 15
595.354 155.498 3
574.105 158.792 27
587.798 156.825 3
438.802 158.218 5
454.207 158.631 4
473.703 159.755 40
426.292 159.413 11
513.39 158.818 6
413.747 158.11 3
611.254 161.345 1
24.2444 164.44 7
45.8244 164.049 8
464.445 165.64 21
485.501 166.233 4
564.854 166.233 1
555.227 168.708 49
478.52 169.987 12
579.703 170.121 4
451.677 171.073 6
475.96 173.471 7
546.871 174.015 24
444.988 176.078 8
24.7133 178.615 12
397.153 180.787 5
579.522 178.951 1
572.398 179.713 21
501.654 180.557 9
420.072 181.803 7
436.321 181.044 8
91.7129 182.203 17
117.508 183.827 7
473.637 185.467 6
578.439 187.358 12
394.66 187.263 7
77.9755 187.635 7
491.313 187.49 3
415.083 187.905 2
586.456 188.205 3
578.778 189.51 11
84.6897 189.994 5
392.955 191.941 3
564.462 191.978 8
24.7845 192.967 6
75.2765 193.541 1
108.703 194.47 46
622.971 194.976 1
80.0055 196.18 6
98.2409 197.622 17
602.856 198.56 14
404.07 197.095 8
457.837 198.81 1
558.45 198.979 1
609.649 200.633 6
76.8846 200.668 1
90.2377 204.411 13
447.562 202.709 7
103.163 205.144 8
392.371 204.118 29
442.212 205.989 8
24.1285 205.765 2
71.1041 208.346 12
84.3146 210.279 7
404.139 209.155 3
106.704 211.965 5
422.128 214.286 7
63.5059 213.528 1
24.3319 214.543 2
151.539 214.42 1
74.3991 217.491 11
415.27 217.202 7
109.886 220.361 2
439.872 223.141 24
261.152 222.284 3
622.544 222.174 1
254.854 223.395 1
483.637 223.416 13
246.316 225.778 4
548.731 224.602 14
24.7594 226.801 1
410.383 226.105 2
446.975 226.12 13
105.244 227.256 2
275.234 228.218 24
422.796 231.053 17
285.436 230.601 42
400.439 229.718 1
345.955 233.101 17
314.747 231.8 11
537.492 232.116 4
24.8836 233.708 1
412.166 235.243 6
52.3873 236.984 8
316.308 236.806 2
336.876 238.798 24
298.337 239.572 2
353.82 240.462 6
402.138 240.787 15
89.8675 241.163 2
281.301 240.822 8
436.732 241.47 7
158.325 242.647 3
328.435 241.62 22
366.155 243.026 4
374.105 243.305 9
500.762 242.915 9
244.776 243.49 2
286.872 244.267 11
454.1 244.757 8
593.352 244.062 4
24.9241 244.038 12
117.321 247.289 11
284.234 245.571 1
510.293 245.823 17
292.954 247.653 4
323.128 246.233 1
199.552 248.151 1
609.855 248.335 8
66.0649 249.5 4
81.5912 251.44 6
338.861 249.89 4
324.816 250.988 18
399.816 249.36 2
427.708 251.029 12
486.048 252.589 33
479.496 252.042 2
565.145 253.151 4
622.373 251.99 1
469.329 253.826 20
495.12 253.981 18
230.876 254.466 3
386.162 254.386 2
25.1434 255.226 4
329.626 255.754 7
428.497 255.223 4
143.586 256.39 3
95.6276 257.81 2
548.996 256.316 22
622.794 257.594 1
224.153 258.711 2
86.0405 260.057 10
464.089 260.038 8
210.113 265.993 21
446.469 263.893 3
460.461 263.162 3
387.323 266.033 3
502.281 267.361 21
126.06 267.287 3
223.998 268.231 5
475.848 268.772 1
512.727 270.352 29
529.493 271.111 31
488.764 271.477 1
232.763 273.795 6
461.606 275.818 27
399.38 274.243 2
390.425 275.793 3
473.08 275.928 1
514.749 275.989 2
543.994 276.155 6
37.0505 278.016 8
446.671 281.605 8
43.8847 283.093 5
573.533 282.471 17
254.575 283.664 14
392.709 283.418 2
179.399 284.629 4
536.672 284.282 6
544.025 284.558 10
591.924 284.522 8
441.961 286.223 3
514.897 288.411 29
175.535 289.165 12
461.618 288.527 5
501.513 287.524 6
556.112 288.774 1
200.279 291.825 28
455.052 296.047 16
164.598 300.207 11
439.319 301.362 4
199.245 300.099 1
533.956 302.963 18
529.478 302.604 2
75.8117 304.526 3
580.136 304.512 15
196.382 305.007 3
136.388 305.905 18
589.142 309.522 14
596.166 307.913 4
605.242 308.427 8
510.073 310.498 22
529.104 308.746 2
436.885 309.024 4
442.772 310.232 17
448.772 310.333 1
26.9658 314.622 4
150.313 319.453 7
221.979 318.957 1
440.239 323.446 39
538.62 319.839 1
416.065 321.996 16
229.788 322.43 8
219.442 323.271 1
116.215 325.093 26
109.165 327.315 1
218.619 326.917 3
482.093 329.169 6
516.194 329.476 1
42.9483 331.411 9
152.845 332.759 6
215.362 335.856 3
54.3902 336.776 21
36.7383 340.116 12
169.601 339.833 4
212.602 340.56 1
467.846 344.54 25
611.461 346.58 4
159.666 347.678 13
209.596 348.597 5
475.348 349.648 9
531.557 348.459 2
549.185 350.199 8
522.789 350.417 5
544.112 349.52 1
76.0398 351.791 24
561.129 352.004 2
28.8961 354.044 13
143.649 355.819 19
515.036 357.068 6
158.639 355.985 8
128.24 357.335 7
505.01 360.129 12
29.3648 358.428 7
620.553 358.653 2
184.686 359.246 7
100.585 361.381 5
541.634 360.403 13
567.514 369.243 19
541.508 369.566 8
30.1515 373.563 11
216.477 380.432 6
559.911 380.336 7
232.094 386.968 15
576.637 385.779 2
572.29 393.253 2
243.074 395.256 5
250.655 397.61 9
86.6335 400.835 13
128.23 400.916 9
185.587 403.288 19
192.175 402.974 4
175.605 404.457 28
95.2879 406.296 10
207.923 409.895 21
174.558 412.184 2
90.7804 414.083 2
108.044 414.309 17
153.342 414.021 1
297.539 415.711 9
124.901 416.484 17
65.0675 417.524 6
101.485 416.887 3
326.551 418.816 7
113.324 418.064 1
339.477 418.669 1
320.394 420.289 18
309.185 419.988 6
332.955 419.84 5
44.3132 424.147 22
60.9102 422.024 4
340.266 425.806 11
108.045 425.03 1
332.235 425.332 8
90.9019 428.864 4
36.6943 430.944 5
85.732 432.049 16
252.389 432.165 9
263.307 431.574 5
98.3717 431.977 4
50.8428 432.69 12
272.183 432.586 8
291.506 433.068 14
301.914 434.49 16
336.751 435.331 2
104.567 435.998 1
140.763 437.442 2
71.7025 438.946 7
78.6455 440.538 1
531.951 441.142 2
539.043 441.077 4
550.419 441.007 9
572.188 440.608 1
454.634 441.654 10
484.683 441.556 10
523.048 441.899 10
563.817 441.635 10
599.257 441.687 4
92.6081 442.486 1
284.55 442.746 5
470.706 442.447 8
33.436 443.266 10
293.283 443.605 3
151.024 445.435 4
232.24 445.72 1
220.293 447.019 3
59.9431 447.966 10
241.069 449.447 10
495.935 449.708 3
150.879 455.356 5
52.864 455.736 10
550.381 455.33 1
583.125 456.434 4
543.182 456.823 4
569.737 456.744 6
165.719 457.937 1
485.059 459.033 9
532.544 458.526 5
38.8052 460.354 2
48.7874 459.78 3
107.479 460.008 1
178.53 459.794 1
563.463 461.184 3
34.8647 463.151 7
543.409 461.706 2
579.006 461.678 2
260.663 462.274 1
509.597 462.503 3
400.11 463.381 1
410.392 463.49 1
455.245 463.426 1
285.26 464.328 1
395.417 463.887 1
418.747 463.869 1
429.778 464.195 1
439.429 463.713 1
490.107 463.661 1
353.981 464.696 1
362.364 464.861 1
379.57 464.552 1
321.722 465.277 1
37.7453 467.352 1
46.7816 467.55 1
278.581 467.579 1
482.758 471.244 1
617.242 26.7008 2
150.041 47.6224 21
596.416 124.124 8
90.8502 161.42 16
425.963 175.479 19
429.17 209.552 4
255.911 225.164 2
95.6423 234.891 20
388.704 235.355 6
59.4213 243.9 3
211.866 257.059 7
132.955 261.724 31
39.1946 290.347 8
297.624 312.086 24
35.3256 343.009 3
526.456 345.184 2
321.182 360.447 1
200.97 365.989 16
326.681 378.67 20
235.785 388.202 22
251.736 391.582 8
123.008 394.382 14
108.817 395.936 32
136.307 398.832 22
76.9967 417.927 5
339.729 428.776 15
242.585 444.414 24
567.953 40.857 5
494.945 97.2769 9
589.313 101.048 19
620.052 100.048 1
556.106 105.458 8
510.623 131.813 33
449.435 137.617 4
457.947 164.783 9
419.45 174.837 5
475.888 219.832 12
110.804 248.432 4
123.959 258.934 10
536.721 265.775 3
550.767 284.364 17
430.792 305.509 38
618.201 310.704 1
153.221 312.184 1
509.993 330.186 3
70.3179 354.963 7
501.34 354.43 17
179.638 360.444 3
559.31 389.911 1
570.616 388.291 8
332.856 433.329 1
157.917 452.862 1
57.4237 455.913 5
556.874 463.813 1
130.086 465.843 1
185.982 467.103 1
216.49 467.502 1
482.155 467.318 1
522.829 466.477 1
258.58 468.441 1
307.151 468.415 1
389.112 468.548 1
317.78 469.732 1
160.885 24.4279 1
193.239 23.8108 1
216.807 23.8318 1
290.74 24.0628 1
332.548 24.8599 1
94.05 25.7125 1
119.378 25.3949 2
268.715 25.0341 1
353.474 25.2811 1
388.704 22.8136 4
407.551 25.2235 1
419.2 25.6075 1
427.369 25.5335 1
457.555 25.9968 2
482.354 25.7372 1
500.486 25.9293 1
514.402 26.7158 1
539.935 27.017 1
27.4816 29.0592 1
605.058 28.2407 1
612.583 28.3898 1
173.573 41.2494 4
120.805 41.4739 5
40.6782 45.7157 1
103.949 45.7431 14
185.405 48.4441 2
557.407 47.8 1
39.7612 57.5823 1
27.2145 58.5407 1
535.391 85.8996 37
512.402 97.4887 17
523.289 101.495 4
569.926 107.405 4
595.387 107.445 2
488.826 111.494 14
509.374 111.927 2
27.4687 114.558 1
599.329 124.161 11
522.687 138.786 5
589.696 150.062 14
420.604 151.786 1
454.721 152.71 3
416.795 158.142 1
598.784 158.104 10
515.38 160.552 1
574.998 160.467 7
89.7446 162.437 1
27.4108 167.043 1
47.9623 166.282 1
466.341 167.111 5
478.084 172.903 3
579.514 172.472 1
452.178 176.419 3
427.124 180.924 12
27.0602 178.988 1
503.81 180.919 9
439.954 184.473 1
473.159 189.558 10
490.064 189.752 2
579.723 189.477 2
626.061 195.322 1
604.335 198.46 2
394.044 201.452 4
90.8082 208.075 23
103.788 206.352 2
446.155 205.984 3
68.23 209.563 7
417.749 218.761 2
75.9118 222.137 8
437.291 228.724 20
625.448 225.105 1
549.993 228.35 5
447.561 230.164 11
347.174 234.859 19
95.163 239.472 12
391.611 237.6 3
27.8142 240.046 1
405.716 241.134 9
237.498 239.931 3
303.073 242.725 3
250 244.086 4
352.514 244.956 2
376.816 245.288 8
438.809 243.899 1
37.2893 246.492 3
120.724 247.947 10
73.4788 250.583 5
291.675 249.643 1
325.087 248.394 3
87.3149 250.537 5
429.554 253.156 3
483.567 254.321 10
389.163 254.984 1
625.817 254.949 1
216.343 256.344 29
498.197 257.178 15
550.783 255.604 10
564.438 258.279 2
188.241 258.528 32
137.123 264.584 14
390.919 264.943 2
556.542 265.488 1
208.887 267.226 4
502.722 269.65 11
529.427 273.944 10
27.557 277.934 3
446.423 285.7 1
573.777 284.788 4
595.047 287.838 2
175.643 292.129 2
465.857 291.036 1
517.038 291.162 8
199.037 293.78 2
559.673 294.845 1
461.081 297.896 4
407.93 300.035 2
27.2828 300.158 10
226.939 302.557 3
582.193 306.36 1
138.355 307.587 14
199.386 307.407 2
51.2883 309.247 3
74.5089 308.876 2
163.785 308.032 7
189.054 308.447 11
589.45 310.114 2
602.505 310.238 1
508.578 312.366 8
29.2902 315.363 3
155.29 321.763 1
226.106 322.696 2
442.114 326.841 13
483.756 330.629 2
55.88 339.909 9
32.2782 343.564 4
623.816 347.292 1
165.689 346.984 8
215.073 347.859 10
480.613 352.382 3
78.7711 352.469 9
566.655 354.452 1
31.1639 356.76 1
128.004 362.706 6
162.505 357.927 4
189.403 360.159 3
324.236 363.193 5
505.041 361.734 3
102.653 364.342 4
203.468 365.541 5
180.801 371.922 3
570.003 372.493 9
57.0636 371.056 8
32.3228 376.402 1
563.442 380.406 4
550.8 379.864 12
340.654 385.262 31
254.842 391.331 1
33.2803 393.768 1
575.566 395.93 1
241.744 398.705 5
138.345 400.64 6
86.1326 402.075 2
96.8559 408.461 1
109.643 407.719 1
119.307 409.288 8
127.685 419.425 5
295.575 419.674 7
64.4111 421.4 2
321.537 423.257 4
44.8176 426.894 2
341.396 429.492 6
183.594 430.717 3
292.711 434.855 1
484.968 443.642 1
566.324 443.784 1
172.009 443.965 4
245.909 445.515 1
454.907 444.395 2
471.838 444.05 2
35.0152 445.76 1
282.833 447.038 1
55.0041 453.826 1
617.121 454.615 1
490.092 456.938 1
586.649 456.969 3
168.808 459.693 1
533.057 459.862 1
64.6133 466.518 2
585.772 81.1706 1
442.493 185.905 5
475.342 193.569 2
245.561 233.128 27
171.361 262.435 7
556.159 269.669 4
404.087 274.842 6
229.83 285.076 9
112.477 294.038 6
157.726 331.381 19
547.107 356.181 14
100.115 367.718 2
611.66 383.179 1
236.813 405.694 5
62.7216 405.574 4
150.538 405.677 18
150.915 422.142 2
309.232 424.161 6
228.61 433.832 4
247.977 434.29 1
274.48 434.966 2
606.133 445.444 2
501.904 450.323 9
88.5577 469.573 1
17.8375 48.7932 1
18.9616 71.0707 1
618.509 98.2683 1
507.244 136.115 7
619.177 129.897 1
577.024 164.984 2
489.671 178.084 24
616.474 195.532 1
406.682 222.702 9
391.252 224.918 8
155.447 234.901 22
616.606 254.106 1
504.226 258.613 4
551.132 288.192 4
78.999 295.089 16
20.1368 300.334 1
615.168 320 1
511.647 328.452 2
69.5239 359.708 2
204.049 387.275 2
569.674 386.676 3
163.67 432.059 1
60.7915 456.89 1
590.292 462.316 1
607.073 460.067 2
164.496 28.6933 1
188.117 30.0038 1
222.266 27.9362 1
272.041 30.3187 1
335.875 29.8586 1
355.366 30.3819 1
128.354 30.3532 1
461.654 31.4633 1
485.838 31.5716 1
545.906 32.4711 1
610.626 32.925 1
90.5185 35.3952 2
31.8825 36.5681 1
107.216 49.6323 1
49.1567 51.3125 1
192.755 52.3144 1
540.836 88.5837 1
494.388 112.27 3
530.455 111.546 1
572.286 117.088 1
600.677 118.71 3
33.6234 129.377 1
435.376 145.753 2
529.799 147.951 14
87.7309 176.07 1
34.466 176.74 1
552.982 175.387 8
517.224 182.362 9
450.058 187.969 12
481.703 199.149 1
430.02 204.277 2
89.9301 215.241 8
431.36 232.189 17
458.503 233.749 1
33.3729 236.391 1
244.71 235.825 5
341.374 238.516 22
100.23 244.329 6
336.858 242.415 2
406.892 246.883 5
123.102 252.632 2
255.365 251.84 1
306.551 252.5 1
354.761 254.364 1
483.911 259.946 5
190.764 260.321 11
137.376 269.242 3
566.32 270.787 3
213.046 274.63 3
533.805 277.257 5
235.268 290.921 1
452.057 289.64 1
516.943 295.072 2
119.863 296.502 2
39.0547 297.374 5
469.632 301.147 2
172.682 304.868 3
74.9828 315.238 1
588.602 315.286 1
160.413 327.232 6
440.944 330.945 1
229.719 333.935 4
39.0797 347.746 2
82.7553 352.277 5
176.988 351.793 4
550.713 362.365 3
105.502 369.976 1
583.523 375.124 3
64.5749 382.538 1
547.218 385.046 1
265.553 391.449 1
112.378 397.002 1
84.6381 406.745 1
190.197 406.816 1
40.6777 411.347 1
321.474 427.646 2
348.727 430.746 1
233.326 434.881 1
278.697 437.815 1
261.742 451.193 1
42.5383 453.272 1
500.933 454.6 2
116.701 199.199 1
122.377 297.48 2
597.095 319.966 1
301.234 337.406 2
247.46 413.45 2
598.926 455.891 2
561.562 456.23 1
587.999 64.9629 2
496.519 179.249 1
399.172 227.792 1
380.533 268.885 1
392.818 304.563 1
481.488 320.141 1
560.009 367.88 1
189.814 389.219 1
364.805 435.66 3
552.1 38.8488 1
165.336 44.0163 1
112.101 48.6107 1
562.362 96.2013 1
597.875 94.0387 1
498.526 125.523 1
45.9931 133.669 1
577.82 135.581 1
49.5849 187.822 1
422.858 184.928 20
563.891 186.035 2
477.421 200.633 4
45.3163 233.39 2
267.108 266.923 1
419.108 268.144 1
303.635 276.398 1
493.73 273.975 1
580.577 274.348 1
47.9225 304.862 6
182.781 308.891 1
600.368 325.389 1
240.971 346.443 1
445.15 345.01 1
53.9786 357.616 1
521.128 381.184 1
595.86 381.005 1
52.9491 416.988 1
196.559 430.944 1
508.321 214.495 1
422.92 273.175 3
366.376 425.033 1
181.8 391.197 1
515.18 128.275 1
78.0711 204.54 1
518.502 220.011 1
445.091 281.6 1
282.931 364.489 1
361.145 301.158 1
459.875 159.859 11
249.585 233.516 2
333.376 247.768 15
532.338 265.537 1
145.07 311.333 10
489.302 352.684 18
546.871 368.123 8
236.912 389.33 8
241.919 437.166 6
246.618 438.217 3
79.3356 455.81 1
84.3736 455.917 3
197.612 28.7646 1
99.5531 45.8514 8
36.4046 58.4021 2
590.006 79.4874 4
513.734 94.3986 4
516.813 140.249 4
441.766 141.436 10
535.749 144.612 17
457.257 147.085 16
591.133 148.25 6
452.544 161.026 7
501.652 171.618 2
609.734 187.175 4
483.412 186.435 5
561.138 192.35 1
410.343 196.266 6
142.333 208.047 22
430.586 226.896 6
327.924 233.064 9
48.9027 241.587 4
32.7921 244.958 5
234.468 250.813 5
460.539 251.758 8
103.09 255.345 2
110.784 255.558 2
188.34 257.29 1
553.392 262.331 3
439.645 263.443 15
459.293 266.115 2
120.424 272.495 1
26.5948 275.171 9
537.034 275.776 7
225.499 282.63 2
511.851 290.63 5
556.255 291.356 1
189.229 306.345 2
159.891 308.686 3
423.257 325.115 6
515.75 326.565 1
528.219 331.074 2
36.6629 339.094 1
28.1761 341.079 5
545.827 351.769 5
135.155 356.53 5
482.658 357.666 3
180.507 369.095 1
58.2178 368.797 3
552.11 377.301 6
256.014 400.637 2
196.891 404.056 8
87.3885 411.746 3
292.006 418.704 9
89.1582 438.508 8
584.668 441.534 1
130.415 447.382 5
116.754 454.001 5
581.321 80.9215 6
601.842 80.1802 6
246.653 229.713 2
546.786 280.874 13
76.3417 404.632 3
161.15 409.849 5
501.414 445.808 3
576.976 162.59 1
92.5636 190.426 6
405.584 220.276 5
62.938 243.603 23
556.731 49.9295 1
526.219 104.483 10
595.668 110.744 2
565.513 113.732 2
521.471 142.644 1
589.323 152.782 1
419.459 156.086 4
514.671 163.981 1
88.4387 165.368 9
468.266 165.21 1
79.3408 168.177 1
478.483 174.398 2
576.606 176.338 2
450.899 179.803 3
109.485 197.679 2
394.356 200.276 1
449.658 208.264 3
406.178 215.153 2
76.4298 223.242 1
417.382 221.082 3
390.794 239.621 1
143.471 245.582 12
301.221 247.284 1
438.325 246.902 1
120.09 248.925 1
375.576 247.601 8
89.1237 249.176 2
289.229 251.149 3
472.302 255.242 1
89.5761 266.786 4
210.098 271.464 5
194.644 280.066 2
457.233 281.428 14
548.81 286.207 11
444.665 289.862 1
558.41 299.319 1
586.476 310.756 2
76.1726 310.944 3
198.776 310.536 2
602.499 312.533 1
511.311 316.987 4
416.642 327.022 6
500.393 338.546 5
464.11 345.885 13
167.237 348.448 2
78.9049 350.268 1
520.251 361.787 5
128.422 362.617 1
505.39 364.273 2
598.005 369.366 4
341.99 388.855 2
573.614 399.48 1
188.997 402.918 1
79.9134 407.807 9
117.859 411.43 2
152.787 423.705 2
321.564 424.769 2
44.6744 429.112 3
564.481 92.1463 2
426.795 183.764 1
476.573 196.611 2
290.085 234.243 29
331.85 243.731 8
402.352 270.381 3
559.967 270.672 3
228.65 327.515 6
177.693 380.046 4
351.639 396.419 13
113.239 171.596 2
409.561 223.507 1
145.337 226.101 4
398.416 309.858 1
216.177 318.809 4
511.951 324.907 3
556.029 366.333 1
107.03 375.133 1
65.8816 389.955 3
201.815 388.345 1
267.807 395.901 10
528.945 151.924 3
553.556 177.984 1
114.166 199.28 4
485.851 202.462 3
86.1349 221.103 3
431.985 235.292 2
335.283 244.685 2
305.407 258.817 2
251.125 262.301 1
353.31 261.111 1
485.357 264.248 4
568.543 271.752 1
136.319 274.115 1
534.125 280.355 2
451.454 293.049 2
235.032 296.137 2
471.344 307.42 1
440.7 334.725 1
229.723 338.572 6
515.542 372.847 1
187.437 380.234 2
497.159 121.372 1
409.019 258.328 1
125.922 300.259 1
299.342 333.605 17
381.155 278.074 1
304.34 288.677 1
595.437 144.176 1
602.073 202.437 5
465.265 125.205 1
622.731 309.504 1
450.711 156.778 1
418.29 194.639 1
446.181 230.854 3
407.569 202.82 6
571.146 376.047 9
447.446 316.584 4
152.394 34.7227 3
436.269 318.462 2
332.142 234.332 2
324.634 254.831 8
29.6505 20.385 1
24.3185 35.9659 4
24.6327 45.4176 3
112.09 209.144 5
195.205 298.1 8
314.222 462.598 4
152.865 355.161 9
26.5788 288.819 5
27.3926 306.056 4
31.5476 406.095 1
50.1142 426.103 3
51.4702 437.552 5
32.6797 423.152 7
32.8385 428.317 5
569.518 24.2856 1
603.525 77.9714 1
585.068 68.6181 2
593.278 77.2462 2
529.542 23.4941 2
581.421 77.5475 1
540.63 44.451 2
578.049 101.907 4
534.415 84.2549 1
596.635 153.214 1
549.182 111.91 1
528.417 104.129 12
543.367 132.354 4
505.6 96.2718 1
526.666 127.635 16
418.013 22.8979 2
599.268 207.299 3
504.52 121.814 23
519.811 137.182 5
605.788 254.132 2
502.952 168.612 2
488.452 187.607 1
561.476 284.701 2
552.743 283.852 17
616.005 354.227 2
471.491 218.644 14
614.635 375.151 1
598.966 364.564 3
448.2 218.7 4
558.171 359.071 4
388.632 211.167 12
536.391 361.723 6
568.802 395.226 1
500.637 335.769 5
458.536 310.893 7
470.837 325.537 6
359.815 233.211 2
417.962 297.654 6
455.928 336.108 6
473.126 358.476 9
154.169 37.9465 4
421.936 305.137 6
405.202 310.57 4
341.37 247.855 3
118.895 37.6401 1
514.931 442.469 10
308.878 238.103 3
505.332 441.856 1
100.862 43.6428 2
507.341 450.503 4
290.774 246.489 2
274.837 237.14 4
486.968 455.771 1
471.058 441.821 2
247.39 223.961 1
255.799 234.028 4
437.294 441.849 4
293.297 303.606 2
387.979 401.435 20
304.458 320.68 7
311.5 327.111 6
321.369 336.228 8
327.123 342.933 3
358.021 376.451 12
269.017 290.656 12
335.517 355.258 5
343.622 364.701 2
245.66 281.466 4
355.908 394.183 6
346.933 389.694 3
333.503 381.686 3
315.108 366.023 15
122.875 187.799 8
109.429 179.702 2
159.007 233.228 6
342.879 436.459 2
140.085 238.205 5
349.516 445.136 2
85.4519 188.839 2
150.457 254.837 1
120.82 243.146 11
313.727 439.364 3
167.917 295.243 4
268.812 411.757 2
136.236 303.007 1
197.395 372.673 13
204.781 380.559 17
137.999 316.041 2
263.806 443.427 5
243.001 430.457 8
173.928 364.992 1
233.113 425.549 2
53.8095 248.627 8
217.817 417.464 7
244.039 442.926 2
193.096 392.924 1
253.125 454.997 2
34.1685 242.482 2
215.322 442.708 14
153.337 398.071 2
159.725 408.587 1
141.682 410.552 3
46.7694 319.327 5
32.254 309.488 1
37.1689 324.946 7
52.0401 349.698 8
127.602 429.218 5
29.0801 337.489 1
36.2944 348.333 2
92.6047 412.446 1
23.5216 345.89 1
61.3121 400.999 1
101.127 443.867 8
111.263 453.276 1
88.9986 438.352 2
614.042 377.126 1
448.602 222.39 5
488.259 263.673 9
428.955 440.412 8
147.912 416.173 6
31.5568 374.531 1
53.0748 445.245 12
570.844 185.484 2
437.023 168.542 6
425.498 189.934 2
449.438 265.531 1
458.329 271.466 1
508.097 330.886 1
325.006 251.657 1
108.748 248.901 2
121.924 262.284 1
202.266 367.671 2
45.8494 284.704 6
553.833 49.5003 2
535.501 44.8829 5
568.757 108.185 1
536.047 112.775 1
503.273 128.068 4
490.992 154.07 3
449.117 178.329 1
460.938 206.728 7
471.797 220.176 3
593.369 369.456 1
420.792 202.111 3
461.505 279.331 4
436.473 267.784 2
463.699 293.172 3
547.148 379.633 3
554.438 390.08 1
482.091 332.217 2
372.497 234.243 10
450.931 337.762 2
350.015 246.976 1
302.491 245.531 2
286.387 232.323 4
285.092 249.673 1
273.245 243.449 4
413.651 424.014 6
386.899 403.227 4
317.414 335.489 4
357.372 379.059 3
268.72 293.238 2
335.57 361.271 17
253.906 287.432 2
231.594 282.803 2
312.998 367.722 4
131.442 199.2 2
142.278 214.979 4
109.34 186.764 2
153.417 232.832 8
167.934 263.078 2
92.0839 204.787 1
296.836 435.534 4
253.799 406.062 2
89.3083 264.027 2
201.362 381.35 3
134.973 320.514 4
243.13 432.793 3
226.238 429.895 8
99.6761 305.742 18
117.273 327.116 2
76.4114 294.689 5
136.815 358.482 2
100.368 330.688 11
116.286 394.906 7
66.1236 353 12
139.291 428.902 7
56.7414 373.01 3
83.8852 403.267 1
57.5393 402.402 8
532.125 149.054 4
472.604 162.146 1
563.996 264.62 3
110.124 189.741 2
94.7808 185.533 9
228.761 327.047 2
148.654 311.106 9
193.572 358.193 1
239.472 403.574 7
501.913 140.276 6
486.998 180.055 5
562.618 274.026 1
493.32 240.248 6
548.723 365.535 2
472.054 322.909 2
426.102 308.755 4
110.431 173.261 2
262.6 396.417 2
67.6944 215.221 1
97.3206 252.026 7
212.151 363.729 1
160.328 334.267 1
176.253 360.387 1
543.495 89.5379 1
528.678 114.911 1
550.866 177.171 2
475.006 161.03 3
550.041 237.888 1
429.449 148.623 6
479.323 199.93 3
544.876 291.187 4
480.354 262.22 8
420.002 209.75 1
427.661 235.548 10
467.572 303.178 2
537.828 386.424 1
512.364 371.81 1
372.38 260.654 1
458.187 349.332 2
435.825 334.658 5
338.893 241.706 2
350.586 258.626 1
300.791 258.419 2
239.684 237.745 6
254.361 253.764 1
253.128 295.893 3
235.631 293.631 1
184.424 264.193 4
139.239 222.317 5
174.383 300.143 2
85.3558 219.793 1
120.118 253.997 9
133.969 272.892 2
182.072 379.888 1
133.329 368.091 1
496.073 113.172 2
512.95 186.171 1
309.685 359.484 2
466.066 198.557 1
420.966 263.066 1
560.81 279.734 11
540.514 270.75 1
448.902 320.426 4
297.124 460.792 1
202.162 24.8954 1
45.629 286.319 1
31.5737 389.896 1
30.7948 343.334 1
30.4164 367.272 1
27.2135 295.509 2
25.4896 51.5704 2
608.499 253.543 1
605.88 294.739 2
603.138 189.774 2
596.282 198.576 4
589.93 157.222 4
590.313 194.326 4
588.449 457.178 4
584.882 241.618 1
557.812 44.9098 1
542.834 104.467 3
540.59 24.0354 4
535.607 350.535 6
530.08 463.131 1
513.206 314.8 1
509.165 145.332 6
507.622 158.724 4
502.972 334.957 1
501.141 113.547 5
497.541 293.291 6
496.878 166.571 10
492.52 173.554 21
485.085 328.64 5
473.072 133.192 1
460.624 181.249 6
456.558 250.624 2
454.992 256.522 1
444.316 272.703 10
435.375 295.347 2
426.776 431.879 6
422.997 426.45 1
420.123 171.817 4
416.558 421.623 2
410.782 416.356 1
406.775 218.535 3
403.148 411.001 1
401.402 294.568 1
399.688 287.747 3
396.354 279.898 5
395.776 241.758 3
396.018 251.057 6
394.1 272.781 3
389.182 187.875 1
386.072 200.245 3
385.218 275.425 7
381.019 250.901 6
379.347 242.739 9
378.162 391.165 2
369.299 384.01 1
357.839 240.357 3
337.84 359.465 1
319.824 238.521 4
317.914 248.478 2
314.636 354.728 9
313.195 348.416 8
289.694 222.648 3
286.699 237.399 1
286.476 229.705 1
285.281 299.19 3
280.768 414.756 2
271.835 290.435 1
258.038 232.815 1
256.347 461.709 1
225.565 388.485 1
218.515 293.891 12
188.968 315.548 2
180.149 355.247 7
167.519 32.2515 9
163.368 418.825 1
161.331 21.4352 1
160.798 356.253 2
155.368 414.583 3
144.729 217.897 14
146.535 330.114 6
147.408 434.91 6
144.051 426.297 1
143.517 238.513 1
141.323 265.533 3
140.356 315.529 1
136.926 421.652 6
133.034 196.158 7
125.419 394.452 1
120.475 460.342 1
117.495 418.655 8
107.025 306.87 3
104.078 43.3006 2
100.396 196.809 6
98.6268 234.023 1
96.7355 53.4559 1
97.1569 406.288 1
93.0177 460.78 5
91.0108 43.0388 9
92.8811 160.383 2
90.3793 374.314 1
86.4953 367.462 1
73.8807 460.375 2
67.8586 221.112 4
65.8082 231.958 5
62.986 460.528 3
57.2848 214.348 6
54.4843 236.79 3
50.1252 459.852 1
43.2172 303.551 4
41.3571 288.991 2
40.057 324.298 2
27.9247 162.791 1
27.3792 24.8764 1
529.544 189.379 7
428.218 304.928 8
216.308 313.271 12
207.855 337.081 4
170.216 457.358 4
127.641 416.089 2
87.2348 432.453 2
63.1073 447.982 1
29.6814 25.6815 1
559.259 279.601 1
516.083 264.547 1
506.092 331.174 2
497.643 354.546 2
482.311 352.704 2
425.931 318.819 5
155.063 334.401 4
573.227 105.024 1
566.233 384.402 4
564.26 443.812 1
550.198 354.983 1
527.096 188.795 3
525.301 101.48 1
517.387 358.615 2
509.684 98.2014 1
508.113 149.812 7
497.563 296.488 1
467.913 292.102 1
466.676 253.375 1
456.107 313.907 1
453.831 163.007 2
438.772 275.478 4
428.71 296.685 3
428.363 440.827 1
422.342 201.676 1
384.738 189.32 3
370.08 235.17 2
355.171 244.37 1
349.155 395.12 7
326.961 421.347 1
312.052 244.221 4
311.649 352.336 4
274.701 416.876 1
271.703 239.892 1
259.742 287.99 4
250.172 228.348 4
245.713 401.731 5
239.474 239.366 1
233.549 280.531 4
216.112 296.396 2
206.031 339.974 1
203.958 409.623 3
196.832 355.019 2
176.931 356.844 3
162.445 361.491 1
145.272 404.62 6
144.378 332.498 1
141.756 210.857 3
139.439 357.56 2
137.089 239.947 1
136.142 264.014 2
118.246 187.12 1
119.465 259.76 1
118.717 395.077 1
104.142 242.429 10
96.893 176.441 1
96.2216 200.133 2
87.0838 46.2013 2
80.888 238.553 2
53.298 214.16 1
48.0352 351.583 1
567.245 118.575 6
527.167 175.929 1
506.505 129.649 8
491.538 110.957 3
309.455 246.086 2
230.572 325.271 1
161.415 427.902 5
557.528 274.345 1
544.928 364.548 1
500.484 259.64 4
490.41 354.596 1
480.944 178.569 2
260.096 394.777 4
168.517 304.906 4
156.29 332.885 2
529.534 379.671 1
526.563 110.91 1
516.917 186.028 2
516.693 369.9 1
476.181 259.728 1
471.243 159.238 1
452.64 187.258 3
452.751 213.754 2
387.44 220.788 6
374.963 195.065 1
372.552 257.285 3
346.597 395.566 2
301.513 254.514 1
260.531 247.743 2
246.914 291.295 4
238.248 236.976 2
234.226 334.451 2
206.479 314.752 2
183.312 262.958 1
140.826 310.453 2
138.053 219.445 3
138.657 366.257 1
104.838 269.961 1
232.374 336.635 1
461.857 321.198 1
406.794 288.264 1
367.12 169.978 1
364.316 217.488 1
357.528 279.528 1
576.266 457.348 2
527.146 458.975 2
622.697 296.005 1
145.19 405.446 3
34.0647 455.933 3
30.5251 394.863 3
47.8618 302.814 2
43.6789 284.934 1
615.009 384.164 2
518.252 436.734 2
490.659 447.193 1
483.051 452.451 1
587.472 283.954 6
492.566 357.844 2
517.41 302.378 2
515.86 281.271 1
456.166 285.448 7
469.918 270.223 1
454.19 262.036 1
397.347 299.822 2
431.216 240.927 2
432.443 218.208 3
452.733 198.803 4
425.458 223.002 2
480.189 160.944 7
382.769 259.281 2
471.175 163.716 5
172.829 455.919 1
445.571 169.888 4
525.818 82.0471 1
502.347 105.748 6
171.091 425.981 3
414.96 180.568 1
483.523 104.558 2
386.739 192.297 4
551.973 25.5456 1
340.484 230.291 1
322.253 239.34 1
412.092 147.347 4
196.999 359.067 1
524.893 28.7426 1
203.696 348.256 2
171.829 361.89 1
185.277 340.302 5
276.97 235.744 1
80.2458 425.749 3
279.852 222.969 4
226.353 271.595 6
270.27 221.189 2
37.6527 423.001 1
77.0343 251.259 1
32.3047 294.073 3
85.3964 240.229 1
32.6232 287.484 1
37.999 279.269 1
99.9287 171.899 1
178.562 40.0488 3
166.058 33.5464 1
592.873 300.24 4
577.162 159.912 1
478.188 350.024 2
473.188 175.214 3
520.294 100.752 1
485.753 109.843 1
74.2432 221.009 2
554.924 360.307 3
591.134 298.76 2
507.446 327.462 8
329.423 420.212 1
427.557 315.593 2
455.786 283.119 1
427.214 300.143 6
439.574 272.892 1
588.218 124.309 3
532.711 171.411 2
479.512 222.801 2
393.334 295.42 1
313.622 364.681 3
464.643 205.024 1
490.491 174.173 1
553.984 105.329 1
506.868 146.093 1
391.319 250.736 3
508.011 130.919 1
378.476 248.493 1
492.011 95.9334 2
413.876 173.441 1
465.331 120.295 8
448.342 132.748 2
440.106 142.957 2
385.475 186.506 1
334.639 225.859 1
406.157 149.173 1
417.206 138.588 4
42.5337 434.746 1
143.955 328.198 1
195.393 260.022 7
120.405 257.694 1
73.915 247.392 1
62.0408 240.938 1
81.0558 197.887 1
53.0652 211.104 1
323.649 424.993 1
271.085 417.454 2
402.764 220.82 6
389.974 225.234 5
531.454 71.0838 1
196.908 380.009 3
469.208 97.1866 1
210.579 271.913 2
78.2931 234.384 3
508.15 291.718 2
470.73 196.911 8
400.321 242.433 2
257.179 390.553 6
430.271 143.354 1
223.921 330.914 4
153.623 328.705 3
74.5769 346.283 2
537.495 380.184 1
439.271 333.182 1
459.739 212.502 2
484.23 172.784 5
430.791 230.042 2
500.986 131.222 8
375.318 257.01 1
190.097 378.779 1
464.284 94.245 1
391.833 161.841 2
105.147 394.178 1
236.159 234.344 2
184.806 260.047 2
92.9712 303.489 1
86.0574 212.854 1
301.82 341.947 5
401.72 278.093 1
472.482 205.553 1
220.762 338.564 1
361.265 266.284 1
366.94 212.425 2
512.951 260.369 9
447.296 318.183 1
28.8139 69.5437 1
467.16 107.663 2
24.3974 113.674 1
601.532 138.034 2
455.795 148.1 6
76.9666 165.269 2
52.9751 166.294 2
486.169 168.865 1
501.611 174.277 2
467.69 176.777 1
415.154 202.649 4
450.195 206.124 1
604.544 210.87 1
298.293 244.285 1
88.6676 245.503 1
374.008 244.522 1
565.297 255.627 1
140.013 263.283 3
553.845 265.601 4
499.385 266.203 4
232.683 276.12 3
462.089 276.827 3
554.903 294.613 1
196.201 294.819 2
75.8486 307.295 1
42.0998 333.298 1
621.058 346.573 2
522.285 353.018 1
543.442 354.501 1
80.7783 363.011 2
334.888 384.256 3
570.98 396.53 1
256.067 403.43 2
120.96 406.839 2
311.488 438.637 1
573.787 176.934 3
439.797 225.621 2
231.183 243.703 2
164.224 262.707 4
111.256 290.906 1
407.418 316.025 3
544.232 359.868 3
234.726 430.237 1
52.7185 155.99 4
475.234 240.021 4
485.505 241.205 1
154.812 353.234 3
526.044 107.915 3
525.628 146.844 2
513.063 170.28 3
46.3122 173.18 1
449.835 184.601 1
490.799 195.62 2
395.389 198.053 1
74.5336 226.905 4
95.6317 241.488 3
390.816 243.671 3
404.533 244.71 1
36.5404 250.471 1
249.554 251.178 1
120.127 252.053 2
376.016 252.928 7
437.875 250.75 1
289.905 255.746 1
462.51 257.843 2
107.723 266.193 1
133.101 267.25 8
89.7494 271.348 3
503.731 273.32 4
211.811 273.529 3
193.54 282.599 1
229.551 291.449 2
443.521 294.227 1
514.212 294.604 2
462.712 300.187 3
77.4458 313.864 2
188.45 312.962 1
198.184 314.458 1
585.419 313.218 2
602.439 314.912 1
511.192 319.705 5
439.352 327.711 2
169.928 349.52 2
466.981 349.242 2
206.776 363.289 2
520.405 365.82 3
506.301 368.144 3
551.397 384.936 2
188.018 405.063 1
142.622 219.407 3
561.859 271.535 1
226.832 333.939 11
64.656 355.435 1
61.7169 384.292 2
217.115 320.381 1
423.734 177.209 2
86.242 185.58 1
554.183 181.792 1
450.937 192.247 3
114.779 204.549 1
490.53 210.487 2
83.3992 231.638 1
486.022 269.754 1
292.676 275.696 1
128.718 298.513 1
170.319 315.145 2
411.532 270.841 3
131.07 302.767 1
543.37 269.526 2
506.154 259.838 2
27.4028 303.307 1
583.152 71.8186 1
576.785 172.504 1
550.38 167.305 1
554.136 259.583 1
445.361 203.765 2
415.701 201.054 2
462.675 252.063 1
453.433 250.581 3
448.538 260.821 2
567.254 396.583 1
77.577 44.3696 1
348.072 244.899 4
275.541 239.689 1
107.871 181.446 2
75.7014 163.603 1
414.314 422.109 1
54.3641 164.291 1
92.721 199.763 1
152.455 246.056 4
355.13 395.234 2
198.111 302.688 3
100.729 256.014 1
295.213 416.583 1
135.959 318.533 1
185.451 356.187 1
150.197 343.646 8
281.598 444.67 2
74.1416 305.859 2
41.8435 293.45 3
182.411 427.76 3
67.1277 349.641 2
134.892 422.795 1
562.719 87.6826 4
231.306 279.455 1
232.115 399.936 3
143.35 251.302 1
268.872 397.205 2
54.3514 419.172 1
567.25 111.923 1
536.472 114.789 1
547.967 231.191 1
446.849 181.848 6
468.936 220.703 4
443.349 210.805 2
418.185 204.686 1
482.72 256.585 1
501.869 271.816 2
434.688 230.091 2
573.975 359.749 2
508.614 318.944 1
395.566 238.831 1
433.354 272.552 2
462.233 295.471 2
374.177 251.731 1
344.895 236.414 1
544.395 382.569 1
345.763 251.31 1
436.424 327.662 10
450.411 340.653 1
282.529 252.491 1
246.413 247.878 3
267.599 295.932 1
295.494 315.64 1
84.5823 168.944 2
252.944 291.279 3
140.897 216.896 1
334.145 364.471 2
165.844 264.324 1
170.451 299.086 4
131.272 327.571 2
131.47 361.459 1
171.989 407.152 2
55.1323 375.633 2
56.8096 408.377 2
565.397 90.0072 1
313.568 357.658 5
96.045 243.812 4
237.717 406.71 1
415.586 291.517 2
90.1683 347.702 1
109.934 376.357 1
526.522 156.976 1
542.188 298.954 1
481.52 266.379 4
343.757 266.913 1
432.576 340.111 1
294.136 267.656 1
251.062 259.021 1
112.202 203.458 3
293.403 337.52 1
137.366 224.301 1
235.176 300.656 1
116.075 261.565 2
227.654 341.955 2
130.242 280.367 2
414.891 252.746 1
33.4099 436.081 1
35.0325 457.733 1
597.056 103.858 1
555.545 45.1382 2
582.093 131.56 1
596.144 207.177 1
538.428 44.3448 1
533.832 38.8379 2
503.195 296.57 1
457.361 160.896 3
519.699 351.963 1
438.949 140.214 1
438.006 164.745 6
466.656 272.641 3
452.573 257.983 1
423.929 197.27 5
456.008 310.816 5
459.466 317.615 1
499.164 448.547 2
353.703 22.4399 1
405.89 238.2 3
379.393 207.274 9
394.82 279.815 1
307.788 20.9309 1
377.618 242.053 1
242.145 21.9153 1
315.729 250.283 2
306.382 238.327 2
308.806 346.074 9
295.123 332.751 2
147.515 45.5686 1
131.073 22.2567 2
131.131 47.9447 3
231.277 426.83 4
94.2333 53.2411 2
145.092 217.866 1
147.396 255.573 1
190.643 392.734 2
104.164 359.267 3
126.117 432.608 2
88.3531 373.888 2
95.0456 412.085 1
37.1702 241.375 1
40.7555 302.91 2
455.955 161.875 2
159.84 450.628 1
551.944 107.518 7
573.494 374.041 1
384.556 228.476 3
266.63 397.237 1
532.245 45.8516 1
523.809 140.464 1
539.833 302.507 2
540.709 379.809 2
471.184 189.958 1
487.233 266.283 1
479.471 254.705 1
455.813 207.784 9
462 346.471 4
427 269.804 1
382.599 213.711 3
410.477 424.576 2
383.702 403.805 2
292.844 313.655 4
266.538 242.204 1
309.734 367.133 5
263.994 292.792 2
211.328 300.666 1
139.8 214.135 1
145.906 308.579 7
125.372 243.367 2
156.763 365.335 1
84.0828 166.924 1
134.814 359.14 2
77.3217 242.764 4
103.105 327.798 4
72.8845 295.334 2
448.812 182.42 1
305.18 247.379 3
258.882 243.743 4
208.43 305.302 1
488.808 242.245 4
494.641 355.744 1
465.969 323.845 2
414.707 193.512 8
415.196 294.167 1
166.199 358.082 1
496.144 136.202 3
467.153 162.926 1
495.043 275.616 2
447.46 190.084 4
471.372 261.029 2
428.811 335.009 1
367.432 208.367 2
366.156 261.443 1
295.325 258.187 1
293.629 340.047 2
252.277 253.352 1
242.802 295.702 2
234.856 337.35 1
177.468 264.794 1
136.323 271.391 2
136.351 312.47 1
422.118 238.925 4
406.885 194.582 1
342.965 210.99 1
456.965 246.676 1
433.237 193.094 1
31.1508 379.107 1
553.399 351.056 1
593.912 196.08 1
555.475 252.108 1
502.585 359.27 1
536.18 175.256 1
501.251 294.465 1
469.96 350.404 1
507.913 138.28 1
501.462 93.1105 1
466.075 202.687 1
433.647 294.286 2
434.608 285.067 3
392.912 264.397 1
394.207 256.283 1
409.733 149.11 1
316.043 247.08 2
214.917 414.998 1
170.558 426.341 2
214.441 280.021 10
142.05 425.387 1
140.638 408.721 1
51.8457 325.372 1
134.024 22.6403 1
51.6173 243.328 2
57.0133 209.658 1
478.315 160.266 1
156.922 448.55 1
129.766 416.808 2
177.134 39.6498 1
562.215 293.312 1
557.332 277.722 2
450.135 283.942 3
425.715 199.596 1
551.696 357.099 2
544.556 378.375 1
525.354 359.163 1
495.363 362.105 1
495.562 294.641 3
460.913 344.111 2
503.924 142.525 1
452.414 311.209 1
488.818 172.35 6
435.915 273.081 1
453.817 180.137 7
450.295 161.38 3
404.264 176.944 1
412.685 138.682 2
336.87 385.002 1
403.812 149.033 3
308.717 243.554 2
264.392 290.037 2
267.475 238.248 6
201.182 406.786 5
174.341 355.163 3
159.017 359.412 2
151.179 232.446 1
141.449 219.219 2
138.755 207.057 4
97.388 332.229 1
116.563 259.44 1
94.6656 287.82 1
171.127 43.9404 5
121.209 189.388 2
83.8663 46.7219 1
522.569 173.275 1
519.314 184.302 1
424.918 275.992 2
464.342 98.8729 1
232.18 433.168 1
195.548 378.536 2
157.513 427.064 2
461.941 237.795 1
427.922 147.878 3
400.529 245.071 2
225.206 336.526 2
494.826 128.796 2
416.877 274.015 1
450.961 98.3884 1
341.137 391.751 1
380.728 220.68 1
367.861 257.889 2
303.919 343.477 6
251.761 292.853 2
184.371 378.745 2
143.467 269.88 3
475.349 308.354 2
403.479 285.384 2
344.467 274.789 1
345.958 212.298 1
529.472 311.039 1
159.285 349.677 1
26.0962 285.099 3
531.197 434.584 1
478.916 435.151 1
465.457 435.576 1
586.506 281.79 6
477.163 320.364 3
506.147 280.181 2
313.197 414.519 1
290.941 410.462 1
604.264 181.364 2
419.047 300.133 1
500.626 236.553 2
475.502 244.873 2
395.875 298.443 1
314.886 351.892 1
248.168 380.599 2
538.371 169.186 1
162.742 434.223 1
589.831 120.003 1
395.27 244.568 1
301.47 313.169 1
380.389 245.802 2
395.466 203.604 5
339.219 227.816 2
535.067 76.5735 1
101.534 388.832 1
408.314 150.678 2
146.523 327.938 1
239.859 220.032 2
40.1061 341.376 4
97.1871 224.753 1
39.6606 156.951 1
493.692 435.977 2
523.453 76.443 2
107.895 275.337 3
91.3352 186.185 4
50.1543 156.234 1
301.249 420.848 2
406.465 302.65 2
321.426 364.054 1
423.61 233.233 1
562.87 116.587 3
587.874 295.393 1
495.122 349.88 1
566.993 294.764 1
473.819 317.205 5
304.524 408.067 1
453.528 283.449 1
333.121 357.289 4
498.024 229.643 3
438.12 270.03 2
469.526 238.341 2
387.566 283.373 1
469.639 215.651 2
529.954 168.936 2
378.593 251.869 1
418.164 207.421 1
448.25 159.943 3
410.162 168.261 1
213.226 312.484 2
384.748 181.126 1
330.57 221.324 1
462.859 116.595 2
496.704 79.8708 1
485.471 89.5767 1
414.273 134.141 1
194.421 257.45 3
95.7105 303.387 3
75.2209 292.484 2
149.206 229.085 2
102.135 242.225 2
76.631 229.983 8
60.4915 236.838 1
89.5162 213.182 2
77.6589 194.48 1
70.5849 151.996 1
191.896 376.414 6
469.089 94.4557 1
141.948 243.804 4
452.796 230.406 2
441.757 182.61 1
111.92 299.898 2
469.058 307.594 2
301.553 333.021 3
481.77 168.891 1
381.394 216.263 1
495.608 126.765 1
202.801 310.59 2
388.708 151.139 1
134.378 301.147 2
99.5748 269.778 1
132.913 211.629 1
398.804 269.16 2
620.817 141.604 2
427.282 162.703 2
497.146 169.215 2
21.0484 248.179 1
618.711 252.089 1
28.866 72.1005 1
593.29 109.751 1
584.581 110.453 1
475.881 112.263 1
515.167 142.469 2
418.529 152.258 2
437.758 162.082 1
512.562 162.544 1
37.7442 167.627 1
45.8689 167.202 1
66.9717 167.436 1
24.337 169.178 2
486.358 171.828 1
609.497 203.774 1
605.111 213.529 1
415.424 220.048 1
386.701 238.481 1
436.234 245.327 1
287.229 247.389 1
31.2129 248.882 2
338.756 253.497 3
459.833 255.729 2
103.824 259.685 1
86.1307 264.194 2
387.207 263.613 2
125.754 270.748 1
27.2373 280.06 3
36.8559 281.894 1
226.295 285.754 1
245.756 288.146 4
441.193 292.124 2
154.269 348.285 5
158.592 363.323 1
482.67 361.819 1
66.1196 372.615 1
544.747 372.322 6
577.162 377.405 4
347.705 391.849 3
570.099 398.92 1
472.94 195.289 4
216.588 343.115 3
77.6288 348.293 1
256.97 409.374 1
447.55 162.578 1
46.3234 279.325 2
411.791 301.546 5
61.6029 324.857 3
102.798 374.273 2
271.283 395.584 3
567.502 122.738 2
420.364 160.177 1
45.2126 178.932 1
396.458 196.102 3
91.7249 213.15 2
405.583 251.969 8
35.8755 256.315 2
289.596 262.888 1
343.983 263.254 1
460.363 259.051 8
486.137 261.89 4
107.284 269.549 1
563.763 270.587 1
529.445 279.528 4
254.442 295.1 1
115.464 298.318 1
228.93 298.05 4
187.308 319.248 2
437.718 331 1
468.18 351.662 1
573.515 368.243 1
507.174 371.773 1
520.762 371.456 1
499.5 119.489 1
405.592 254.534 2
585.846 319.097 3
299.098 331.152 3
292.206 287.773 1
113.992 212.254 1
81.8434 242.756 1
191.345 265.762 1
410.132 200.057 3
549.708 48.5465 1
504.175 124.092 1
442.986 119.508 1
547.839 169.793 1
459.449 131.869 2
607.403 204.027 1
445.356 151.255 4
449.185 175.171 1
387.475 214.39 1
423.143 267.853 3
372.404 245.994 1
364.873 246.524 1
444.271 285.568 1
105.902 183.789 3
217.787 253.756 3
282.312 300.735 7
192.443 303.378 5
118.451 273.713 1
156.594 347.344 2
173.401 370.523 1
153.509 421.699 2
159.595 424.638 1
79.5983 402.768 1
554.27 85.7141 2
549.729 171.741 2
386.955 218.482 4
580.539 373.677 2
203.19 361.106 2
40.6957 296.162 1
152.335 363.834 3
55.0328 406.052 1
572.495 166.742 1
423.952 188.456 1
493.588 238.618 2
406.745 278.869 1
474.703 319.421 3
411.161 293.9 2
545.943 360.567 1
65.4152 320.746 6
79.4835 347.427 1
58.5986 388.733 1
534.236 149.105 3
470.482 163.158 1
444.326 187.469 3
397.632 192.172 4
415.895 208.928 1
547.493 291.339 1
500.68 274.254 1
343.46 238.138 2
508.542 321.419 2
575.513 363.219 1
341.738 258.535 1
287.825 260.36 1
413.92 328.332 1
84.2415 177.732 3
245.029 253.491 1
94.38 186.289 2
280.734 309.652 1
78.6823 221.263 1
130.435 270.273 3
168.577 300.668 1
115.361 287.339 2
168.771 345.556 4
130.372 364.212 1
55.1344 380.619 1
565.408 267.581 1
311.967 360.413 2
222.385 342.261 1
500.954 239.685 1
287.9 283.882 2
313.88 299.276 1
144.817 323.929 3
456.134 188.3 2
413.803 258.436 1
235.688 247.686 1
128.769 288.606 1
416.109 264.234 1
506.136 148.798 1
242.775 240.103 1
117.118 446.321 2
52.6579 423.534 3
585.32 78.873 1
551.032 46.9677 1
594.252 208.859 1
447.127 173.874 1
592.904 367.338 1
469.933 217.914 1
464.756 251.966 1
417.868 199.67 1
418.624 214.736 1
395.145 210.087 1
332.112 238.988 1
155.094 44.7286 2
324.391 259.462 2
315.319 257.027 1
282.399 246.522 2
249.016 239.946 1
320.015 339.377 1
205.851 257.985 1
72.3884 164.857 2
229.147 396.844 1
259.738 443.606 9
195.109 374.751 1
56.1051 216.519 1
168.137 367.545 1
156.24 358.79 1
123.675 433.42 1
570.745 119.443 1
577.083 371.396 1
306.092 329.009 2
131.613 357.579 1
101.173 326.447 1
563.578 276.241 1
506.294 353.978 1
470.024 319.262 5
411.956 289.271 4
210.24 396.158 1
158.421 352.5 1
538.748 85.8793 1
520.269 106.14 2
524.6 192.523 1
529.792 202.954 1
546.857 233.739 4
470.535 192.982 1
466.514 222.444 1
478.438 256.528 2
415.564 206.117 1
505.278 318.927 2
533.583 382.037 1
501.858 365.75 1
433.921 329.349 1
343.508 252.492 2
262.012 296.707 1
204.451 271.743 1
95.8396 188.521 1
86.9528 182.636 1
173.665 296.421 3
86.2112 266.905 1
92.8666 309.994 1
104.759 365.293 1
351.237 402.342 3
227.227 335.586 2
493.962 143.831 1
496.761 238.073 2
468.374 322.892 1
287.823 281.327 2
343.147 350.14 1
419.096 242.003 3
233.428 244.46 1
171.949 268.331 1
429.055 282.952 2
568.077 187.815 1
415.378 195.419 3
121.77 455.548 2
54.026 431.382 2
574.292 102.672 1
537.253 106.189 1
574.605 249.157 1
510.789 23.7063 1
461.794 21.8994 1
466.498 117.083 6
487.229 357.472 1
476.118 442.219 4
356.209 22.0982 1
352.043 228.432 2
295.658 432.379 1
276.152 432.117 1
247.13 442.934 1
221.078 389.307 1
228.004 446.263 1
121.084 22.2286 2
83.798 36.4809 5
161.795 449.802 3
97.432 173.497 1
112.279 322.735 1
84.6472 236.726 1
98.01 412.062 1
59.1553 340.469 1
533.886 107.873 3
526.61 96.1233 3
96.5221 178.93 2
96.6929 300.896 3
551.897 41.2722 1
398.621 204.862 2
402.718 243.596 1
343.822 427.374 2
98.0159 364.774 1
524.23 45.7386 1
521.429 188.369 1
537.852 302.88 1
533.676 379.593 2
493.309 268.81 1
507.642 361.583 1
475.115 253.453 7
456.828 345.267 1
400.041 152.199 1
289.248 419.875 1
285.506 435.717 1
236.648 284.992 1
185.837 375.711 1
182.004 405.136 1
119.461 199.84 1
107.443 272.861 1
99.1454 248.25 3
475.619 305.143 1
378.168 196.524 1
354.781 425.291 5
233.659 331.251 1
481.543 240.145 1
408.864 193.53 2
417.433 335.211 2
357.262 203.956 1
356.593 261.922 1
284.876 258.603 1
303.123 372.627 1
282.902 340.053 3
298.784 375.125 1
278.343 342.482 1
335.812 428.069 3
364.678 237.092 1
212.025 442.959 2
588.991 242.92 2
546.121 373.135 2
546.108 298.455 1
532.182 358.888 2
536.451 167.526 1
532.412 174.278 1
507.375 267.492 3
491.369 328.097 1
546.281 24.8318 2
501.637 160.654 2
417.839 424.511 1
463.73 201.627 2
430.823 293.634 1
456.853 174.064 2
382.012 199.964 2
326.695 427.922 4
331.661 245.894 1
246.746 396.689 3
271.156 237.295 1
138.775 424.482 2
191.951 21.6878 1
103.821 413.172 3
114.842 268.961 1
82.9406 234.566 2
63.3459 232.338 1
53.5769 208.172 2
502.868 137.915 5
387.025 226.523 3
380.364 260.074 1
310.472 240.057 4
164.278 427.356 1
141.624 432.4 3
546.772 182.175 1
438.915 434.913 2
418.401 316.35 1
400.945 251.59 3
206.721 268.725 1
157.09 324.47 2
91.7108 252.24 6
536.638 376.963 2
520.681 174.647 1
498.653 267.511 1
484.531 291.34 3
502.423 129.764 1
453.307 341.012 1
494.822 81.3773 1
397.383 147.607 3
330.459 361.315 2
315.743 423.606 3
262.424 238.89 6
233.014 239.682 3
197.38 407.381 4
169.334 352.802 1
131.528 425.009 1
125.519 407.611 2
144.85 229.557 1
99.3765 398.455 1
134.307 207.563 1
112.103 260.301 1
370.685 250.426 3
466.809 238.118 1
457.083 194.146 1
227.064 337.599 1
423.263 331.492 2
376.88 149.557 1
368.261 218.497 1
358.86 259.245 1
541.668 324.627 1
527.647 88.1563 1
534.314 344.173 2
304.658 436.965 1
309.27 413.943 1
476.588 178.772 7
452.389 206.547 2
393.84 276.573 1
503.077 117.936 1
533.262 74.9475 1
393.36 250.009 1
474.551 102.497 1
362.761 235.842 1
421.09 135.787 1
218.895 382.863 1
336.354 226.901 1
168.764 423.874 1
101.952 400.395 2
66.2558 347.037 1
45.5697 328.442 2
92.8316 221.476 1
280.327 419.536 4
531.261 74.1794 1
519.392 75.9996 2
498.926 83.0163 2
488.501 86.7808 4
472.169 99.8665 2
61.4477 362.001 3
80.0513 232.075 2
411.666 310.46 3
501.66 186.244 5
451.372 239.036 5
419.532 234.684 1
440.293 193.342 4
140.636 403.605 2
541.047 279.083 1
444.37 330.173 1
524.327 168.314 2
346.584 392.807 1
315.776 371.426 1
465.35 96.1974 1
410.45 133.007 1
171.421 354.86 1
104.032 272.441 1
94.0082 284.684 1
134.485 202.747 2
100.376 240.876 3
98.5177 187.46 3
91.3508 168.261 1
479.166 239.447 1
404.432 283.315 1
463.878 194.264 4
441.004 337.837 1
371.588 211.964 1
373.155 150.65 1
182.789 372.204 2
603.011 370.593 1
464.673 433.112 1
555.406 382.939 3
536.098 347.311 1
609.657 280.306 1
572.189 294.912 2
313.913 412.555 1
293.739 423.016 1
461.706 331.953 1
521.79 292.825 2
325.413 367.435 1
437.27 279.525 1
169.072 393.39 3
500.038 233.67 1
302.981 315.677 2
142.866 392.998 1
556.433 183.5 2
430.483 237.945 2
95.608 387.954 1
77.4771 391.583 1
69.0216 393.031 1
57.6085 392.858 1
129.015 349.079 1
444.681 195.529 3
468.105 180.767 2
323.563 227.056 1
103.616 332.175 1
282.763 235.84 4
444.095 145.093 2
425.524 132.16 1
483.215 99.6336 1
176.818 248.099 1
506.798 83.4673 1
145.573 211.177 1
70.7492 156.028 1
326.619 426.464 3
281.371 420.501 1
268.664 417.625 1
415.947 311.182 1
174.649 388.551 1
151.049 390.36 1
99.8444 373.365 2
152.323 346.681 2
538.843 149.765 1
179.482 298.917 2
593.592 65.6266 1
556.315 68.2454 1
481.832 96.695 1
471.751 96.7336 2
123.984 255.386 2
226.033 329.837 1
444.554 185.084 3
50.9093 313.59 1
561.468 374.504 3
494.287 347.166 1
565.879 287.486 1
232.366 383.569 1
493.608 246.17 2
497.461 226.455 2
469.963 235.814 1
454.066 233.005 1
468.482 213.165 3
379.761 254.122 1
573.163 154.441 1
98.6413 369.471 1
535.193 150.734 2
521.432 122.746 2
385.804 172.93 1
405.466 153.017 1
423.114 118.459 1
172.232 236.05 1
77.2245 191.194 2
104.627 166.024 3
563.609 282.243 1
569.021 126.591 1
443.632 152.899 2
517.94 118.236 1
510.985 174.145 3
373.647 254.958 1
379.342 210.199 1
482.75 209.905 1
620.868 138.516 2
496.799 171.293 2
430.097 182.816 1
471.801 238.803 3
615.096 386.275 1
40.0569 418.611 1
29.0851 76.3383 1
527.66 107.796 1
512.287 164.96 2
67.0576 170.091 1
24.3494 173.581 1
38.7965 172.606 1
83.958 213.74 2
605.726 218.021 1
394.833 219.464 1
335.596 240.596 1
386.711 242.644 2
116.48 251.947 3
436.145 248.661 2
30.3359 254.402 1
338.951 257.237 1
236.638 259.314 1
459.72 258.557 1
329.972 262.262 1
441.131 268.672 3
226.812 290.365 1
245.03 288.547 3
440.593 295.095 1
193.534 317.747 1
408.085 318.048 1
28.5477 350.162 2
81.3563 366.08 1
482.795 365.353 2
568.873 402.871 1
458.461 128.396 2
477.109 126.912 2
440.35 138.065 2
287.44 254.813 2
228.565 330.308 1
590.331 371.87 1
508.192 142.635 2
46.7726 184.188 1
464.055 186.862 1
506.974 184.254 1
109.809 200.157 1
125.255 206.774 1
481.085 205.692 1
96.1751 247.088 1
328.45 246.838 1
249.492 265.027 1
289.04 272.262 1
130.779 283.919 1
529.327 281.92 2
118.579 301.156 1
162.928 321.265 1
69.6016 201.82 2
406.521 267.392 6
141.912 249.434 2
50.6626 422.788 1
477.503 108.678 1
607.489 191.209 1
602.902 214.71 1
598.401 313.081 1
362.99 251.037 1
459.833 294.573 1
69.0397 169.772 1
52.2528 169.305 1
44.7911 170.689 1
327.174 261.032 1
588.06 370.375 1
105.966 215.054 1
539.735 376.18 2
280.576 301.945 1
190.964 281.901 1
104.458 263.196 1
194.759 310.069 1
365.347 393.803 1
376.297 397.451 1
31.2967 346.335 1
326.5 244.141 2
571.388 362.067 1
112.403 287.595 1
205.599 357.531 2
212.832 326.209 1
75.42 326.261 1
497.417 192.558 1
499.336 276.643 2
545.575 295.883 2
107.622 199.453 1
229.683 246.75 1
286.379 271.094 1
244.634 260.28 1
413.112 332.889 1
117.431 257.61 1
127.76 279.317 1
89.6047 278.426 1
164.359 312.015 1
171.402 343.869 1
545.483 241.518 2
406.019 257.631 1
72.5169 201.697 1
537.973 261.115 3
566.474 108.182 1
541.763 194.528 1
385.159 215.842 2
574.733 354.398 3
393.629 235.535 4
363.616 248.526 2
128.822 198.506 1
250.855 287.542 2
72.2066 167.35 1
77.2906 213.957 1
49.9709 255.454 1
70.32 309.314 1
109.476 392.919 1
585.467 371.896 1
327.963 375.47 1
151.745 366.724 1
419.077 191.918 3
426.773 297.963 1
78.2695 321.728 2
461.745 173.173 2
528.152 210.086 1
543.512 296.197 1
410.849 212.884 1
334.298 264.213 1
433.673 335.664 1
459.205 352.756 1
321.102 272.323 2
232.34 293.8 2
116.971 254.274 4
457.697 179.791 1
492.753 287.17 2
126.702 277.455 3
96.1955 336.023 2
415.361 255.984 1
423.691 191.591 1
84.7637 354.424 1
555.811 194.613 1
545.97 226.595 2
488.062 156.283 2
561.51 255.102 2
467.754 218.789 2
434.692 225.428 1
508.125 324.102 1
495.503 338.309 1
345.99 245.443 1
318.693 261.447 1
278.019 248.576 2
270.967 243.644 1
242.789 245.139 2
205.633 265.7 3
128.483 200.803 1
160.597 325.634 1
130.021 323.839 1
143.401 339.045 1
164.029 405.715 1
103.738 381.349 2
120.754 435.763 2
90.8931 409.138 1
409.399 237.52 2
380.078 262.887 2
342.965 234.878 1
305.176 340.089 3
361.448 427.803 2
500.648 330.539 1
467.041 320.878 1
209.099 360.127 1
518.175 195.625 1
462.584 169.346 2
424.499 150.999 1
481.437 273.178 1
410.984 209.515 1
496.871 368.983 1
383.077 217.803 3
429.102 332.252 1
336.029 257.932 1
243.87 250.273 1
290.543 336.047 1
306.554 361.741 1
178.176 261.189 4
134.578 222.054 1
149.235 237.075 1
180.248 289.458 1
117.09 252.504 3
480.978 277.811 1
419.095 240.665 2
304.737 363.454 1
226.083 344.309 2
179.306 291.534 1
283.09 285.708 2
415.994 247.166 1
358.679 209.322 1
222.813 251.333 2
443 177.861 1
328.831 249.926 1
106.2 202.969 2
88.5397 455.69 1
547.338 46.7924 1
557.912 193.217 1
571.006 250.778 2
540.557 276.652 2
540.253 300.466 2
528.358 366.205 1
542.034 441.223 2
509.35 443.594 1
436.56 234.487 2
425.854 265.852 1
352.982 242.4 2
301.388 321.744 1
328.181 431.818 1
251.314 284.154 1
142.061 53.9785 1
228.804 428.091 1
224.509 447.314 2
164.338 323.862 3
139.685 258.704 5
105.493 323.934 2
108.327 381.89 2
85.5628 373.304 1
525.134 137.673 1
507.133 444.819 1
300.911 330.785 1
260.253 239.535 2
126.836 241.278 1
490.452 239.721 1
117.389 297.14 1
459.921 150.792 1
492.617 271.058 1
500.846 363.716 1
477.41 306.796 1
441.077 211.214 1
429.233 325.017 7
372.841 204.447 1
299.348 250.65 1
285.143 316.385 1
292.858 334.789 1
252.913 246.664 1
286.278 420.721 1
237.356 332.86 1
208.545 258.395 2
174.45 262.881 1
169.72 407.255 1
421.105 236.662 8
342.819 208.861 1
340.138 270.2 1
582.983 384.195 1
395.009 205.736 1
319.794 436.618 1
270.079 463.552 5
97.018 465.548 1
90.6583 254.008 2
72.6763 339.986 1
571.707 461.303 1
545.703 293.216 2
536.455 457.767 1
518.628 441.78 1
491.235 98.2901 1
478.555 441.668 2
462.666 342.299 2
459.196 201.307 1
442.732 274.837 1
431.446 283.993 1
403.05 188.448 1
389.724 288.328 1
386.444 279.267 2
379.656 200.155 1
326.212 429.751 1
323.113 345.558 1
313.441 238.703 3
250.817 225.422 1
230.903 447.232 2
215.818 388.685 1
191.546 372.278 2
188.845 21.1422 1
150.59 459.269 1
134.531 238.143 1
126.557 405.708 1
123.295 22.4811 1
111.73 460.417 1
110.111 323.324 2
103.813 243.527 1
101.561 412.622 1
80.8667 235.26 1
312.927 337.885 1
238.171 281.736 1
131.387 239.087 2
526.865 453.684 3
429.315 145.547 2
413.001 287.416 2
475.62 295.005 1
427.516 326.886 1
416.619 441.597 1
391.903 150.028 2
374.497 189.33 1
367.411 247.348 1
332.896 383.627 1
286.661 314.829 2
278.721 434.974 1
238.851 329.453 1
187.347 407.37 1
183.011 376.04 1
468.901 91.0896 1
212.944 432.019 1
180.559 376.851 1
358.264 373.337 1
348.444 218.743 2
341.36 263.48 1
295.717 375.97 1
564.521 290.842 1
513.578 264.322 1
217.041 351.216 3
99.4979 408.152 2
529.313 357.361 2
536.533 272.83 1
498.541 359.478 2
533.049 205.951 1
419.538 425.888 1
471.104 103.294 1
468.465 122.085 1
406.791 178.429 1
339.339 362.567 1
388.82 181.319 2
379.978 197.99 1
354.952 234.617 3
314.142 330.785 2
330.449 248.15 2
332.371 226.424 1
267.244 288.544 1
286.941 221.465 1
158.913 417.421 1
133.034 404.497 1
128.979 395.661 1
97.1373 286.583 3
72.1602 357.789 1
103.869 235.669 2
125.483 41.2489 1
107.813 46.9307 1
525.11 172.785 1
507.521 79.4115 1
485.683 87.1787 1
467.779 102.376 1
352.818 402.53 2
396.834 174.253 1
437.942 432.439 2
524.597 144.561 2
415.814 313.761 2
183.091 432.713 1
121.677 317.18 1
483.228 292.16 1
499.635 128.003 1
493.454 136.424 1
482.296 173.386 1
493.495 77.7894 1
383.949 223.484 2
330.877 382.266 1
393.11 144.532 1
140.046 226.269 2
247.994 409.94 1
354.24 368.478 2
245.144 390.273 5
348.184 264.713 1
351.865 213.218 1
284.786 341.815 1
458.065 331.669 1
548.255 178.626 2
143.274 404.497 1
46.7054 334.385 2
106.696 173.007 2
550.282 433.607 1
567.598 296.677 1
531.516 341.172 2
441.553 433.097 1
584.516 97.842 2
466.814 243.982 1
442.345 270.001 1
304.749 411.614 1
447.303 195.443 2
408.409 170.416 1
398.779 172.562 2
245.465 378.363 1
166.053 421.853 1
266.125 225.673 1
142.816 322.884 1
76.0445 389.052 1
62.411 343.387 1
126.027 190.707 3
528.018 167.774 1
568.661 63.8697 1
305.363 344.27 3
402.704 167.227 1
172.643 386.831 2
151.6 246.364 1
411.188 307.743 3
454.385 238.101 1
410.507 285.818 1
408.627 269.624 1
417.296 235.922 3
434.245 147.642 1
447.748 330.926 3
497.07 251.095 1
521.776 166.36 1
464.436 213.557 1
498.725 123.476 2
423.221 171.171 8
457.837 94.5596 1
403.272 128.18 1
125.023 193.698 1
356.703 251.835 1
359.747 205.314 1
322.517 366.267 2
554.008 380.488 2
557.182 356.716 1
475.231 314.396 7
498.362 232.119 1
434.942 276.071 1
552.479 180.471 2
504.904 144.739 2
140.566 390.603 1
404.467 172.877 1
320.804 224.347 1
296.195 230.744 2
478.674 92.9212 1
280.697 234.385 1
276.296 218.19 1
79.1401 291.316 1
148.01 231.051 2
108.313 233.708 1
48.755 153.507 1
523.822 182.961 2
64.3691 408.744 1
399.645 164.322 2
64.5507 388.426 1
399.439 277.007 1
502.827 188.476 2
563.882 120.453 1
465.189 191.569 1
81.6325 174.386 1
470.158 310.979 3
460.383 231.883 1
520.633 180.843 1
412.754 207.164 3
146.131 340.745 1
102.548 162.566 1
31.923 418.249 1
388.737 270.902 3
48.7697 309.034 1
599.322 85.3376 3
544.832 362.389 1
589.615 293.579 1
584.434 292.279 1
461.217 330.008 1
609.167 277.214 2
142.146 386.029 1
520.626 260.694 1
500.621 231.34 1
294.652 295.501 1
284.314 288.797 2
556.708 174.864 2
444.368 192.495 1
43.0699 324.352 1
337.763 221.331 1
323.303 224.581 1
396.337 200.92 1
284.729 214.182 1
278.707 214.581 1
175.637 243.954 1
479.572 135.929 2
135.204 246.268 1
412.22 144.485 1
31.1255 268.612 2
431.311 122.685 1
491.773 92.1907 1
481.833 93.8312 1
449.676 103.625 2
70.747 154.01 1
411.723 303.435 1
127.65 371.357 1
450.836 232.649 2
237.662 267.386 1
58.1893 323.921 1
490.186 89.9176 1
460.902 98.7903 1
103.58 165.681 1
403.047 247.973 1
474.648 124.931 1
488.783 330.575 1
582.034 276.327 1
425.878 293.562 1
469.276 232.383 1
213.149 303.771 1
63.5266 348 1
401.795 216.516 1
488.964 168.022 3
442.863 149.632 2
170.327 227.262 1
405.535 142.79 1
64.6279 202.058 1
490.043 214.338 1
285.827 275.272 1
43.2621 276.413 1
58.7628 321.88 1
272.551 393.881 1
457.646 125.791 2
464.266 171.859 1
67.1368 173.925 2
393.987 194.48 1
83.5178 217.034 1
616.219 217.086 1
387.144 248.55 2
30.31 258.177 2
338.319 263.55 1
330.037 267.014 1
227.139 295.695 1
622.297 318.759 1
519.683 368.852 1
569.605 364.534 1
492.85 370.092 2
477.307 124.63 1
80.8856 184.774 2
122.745 198.583 2
131.427 207.76 3
287.705 264.706 1
586.83 317.164 2
297.566 326.251 1
440.802 247.388 1
485.182 273.984 1
444.072 306.119 1
44.0252 271.243 2
433.963 137.611 3
603.103 219.578 1
84.1561 174.908 1
545.35 286.596 1
43.8069 174.425 1
122.931 196.554 1
336.826 260.49 1
241.707 255.925 1
280.598 305.396 1
32.2108 250.791 1
193.584 314.752 1
246.978 334.489 1
156.578 320.037 1
208.431 350.76 1
31.083 348.542 1
501.064 107.62 1
475.788 118.436 1
460.628 178.079 2
579.96 313.589 1
598.062 317.156 1
160.881 313.011 1
431.866 299.779 2
314.118 301.924 1
213.895 321.171 1
77.0106 324.364 2
459.931 189.267 1
545.272 237.508 2
106.21 207.575 1
226.454 252.589 1
74.298 239.078 1
492.506 234.617 1
65.5077 317.542 1
521.902 148.273 1
539.979 199.236 1
419.943 147.442 2
582.456 314.234 1
392.958 240.005 1
323.701 264.893 2
84.7593 172.805 1
196.346 307.183 1
113.339 282.942 1
140.243 364.819 1
475.913 114.286 1
329.396 373.322 1
523.108 226.821 1
285.213 279.297 1
313.016 291.106 1
146.301 321.307 1
475.792 277.073 2
112.641 264.318 1
417.486 258.411 1
491.066 236.856 1
573.375 119.638 1
533.072 201.063 2
434.738 127.244 2
566.465 305.564 1
509.403 273.281 2
413.729 222.029 2
464.078 256.391 1
265.284 296.017 1
276.499 304.989 1
124.535 203.351 2
85.9444 179.306 2
213.639 316.168 2
113.389 328.969 1
83.6258 181.725 1
502.589 232.941 1
235.714 242.618 1
127.735 227.05 1
416.582 249.811 1
471.992 282.14 1
558.089 102.466 1
551.076 262.65 1
412.588 281.975 1
228.037 251.114 1
81.5077 338.088 1
112.886 420.854 1
539.937 83.2931 1
558.974 257.307 1
451.761 252.853 2
504.589 314.283 2
286.281 309.038 1
260.956 291.697 1
148.842 364.831 1
167.45 344.039 4
496.146 235.139 1
290.87 278.372 1
377.564 223.087 1
422.107 338.008 1
326.986 265.308 2
184.133 287.372 1
419.426 341.12 1
533.491 262.032 1
510.158 351.589 1
405.71 260.745 1
410.466 277.252 3
210.267 394.146 1
527.507 138.606 2
534.546 198.362 1
522.734 369.227 1
395.155 167.014 1
384.443 212.8 1
310.25 254.023 1
375.91 405.53 1
270.077 248.994 1
252.889 241.621 1
114.93 196.47 1
100.448 188.57 2
137.883 260.82 2
210.24 422.148 1
95.6632 308.479 1
106.89 360.379 1
435.285 209.181 1
207.361 424.12 1
418.414 290.652 1
460.524 169.915 2
433.323 197.125 1
242.182 252.305 1
239.788 336.079 1
143.759 36.6298 2
529.022 135.691 2
527.924 207.792 1
519.329 270.569 1
456.053 136.101 2
489.268 296.548 1
477.013 358.583 1
434.089 235.597 1
391.492 169.741 1
377.654 404.364 1
325.451 431.606 1
286.762 433.128 2
232.846 451.432 1
129.09 241.073 1
107.098 188.484 1
480.4 301.869 2
353.088 423.924 1
211.371 420.259 1
483.53 112.465 1
438.191 212.459 1
385.212 155.516 1
417.623 329.84 1
360.056 252.171 1
303.357 368.699 1
284.715 336.632 1
246.188 294.907 1
299.612 370.318 1
455.324 279.361 1
408.502 276 2
327.324 465.861 2
91.5503 465.508 1
525.297 367.613 1
498.675 106.411 1
500.798 137.908 1
467.278 124.053 1
464.486 352.34 1
323.791 429.562 1
247.058 460.342 1
232.147 437.168 2
136.422 206.151 1
110.379 269.28 1
480.714 291.735 2
114.642 192.586 1
475.437 236.357 1
427.473 117.064 1
384.074 150.079 1
378.186 225.071 1
362.2 189.561 1
288.185 336.144 1
256.758 433.95 1
420.335 119.48 1
506.019 262.17 1
442.671 436.254 1
534.22 369.525 1
489.374 291.138 2
504.811 80.261 1
482.365 87.1131 1
463.082 102.461 2
327.353 225.812 1
250.217 403.904 1
235.693 436.42 1
194.387 434.907 1
132.067 406.382 1
123.63 42.427 1
305.082 336.641 2
199.329 378.155 1
119.325 195.023 1
458.487 190.969 1
428.204 153.387 1
346.197 430.7 1
237.53 419.267 1
418.247 184.468 3
372.495 222.386 1
322.273 378.481 2
282.272 312.841 1
252.466 289.016 1
198.372 258.08 1
565.457 293.002 1
550.353 180.257 1
146.345 47.5094 2
493.513 291.596 1
552.186 104.366 1
394.042 405.396 1
394.773 172.162 1
327.483 223.287 1
161.111 419.15 1
172.867 356.948 1
96.5989 209.117 1
436.659 115.02 3
257.819 414.808 1
130.841 318.221 3
136.95 284.535 2
430.909 152 2
456.684 212.429 1
390.138 126.516 1
273.618 297.971 1
188.515 374.53 1
563.654 294.86 2
529.079 339.793 4
463.042 241.903 1
301.176 409.512 1
438.747 113.597 1
292.628 227.84 2
263.461 223.841 1
84.471 410.442 2
150.975 227.139 1
170.665 384.802 1
408.106 283.708 2
475.745 166.704 1
300.119 320.048 1
404.351 303.304 1
563.85 373.985 1
501.188 349.921 1
454.935 240.255 1
325.331 340.714 1
472.285 213.54 4
507.976 125.169 2
149.286 351.683 1
442.06 106.847 1
271.421 212.493 1
148.928 245.54 2
96.0639 283.121 1
140.413 204.026 1
566.691 283.93 3
494.04 263.521 2
506.239 123.44 1
403.946 294.864 2
450.784 223.01 1
307.315 324.189 1
479.019 205.821 1
458.289 302.271 2
481.741 258.819 1
415.695 238.95 1
456.391 182.141 2
590.698 85.2247 1
586.339 342.442 1
563.845 350.465 1
507.879 351.899 2
497.01 348.831 1
588.172 289.451 1
535.277 261.085 1
164.316 274.806 1
409.367 155.206 1
55.9279 321.962 1
149.325 220.664 1
95.0467 215.812 4
88.8054 218.644 2
516.173 172.934 1
113.671 304.534 3
460.029 221.048 1
270.239 277.434 1
209.807 299.103 1
488.29 213.319 1
267.591 274.279 1
566.042 365.892 1
510.462 294.265 2
38.6958 344.727 1
471.941 199.096 2
587.938 287.276 1
382.27 255.571 1
51.8963 316.503 2
166.367 274.635 1
556.743 177.521 2
174.939 238.984 1
109.517 241.556 1
147.17 223.626 1
399.329 161.172 1
116.519 225.722 1
466.289 141.583 2
409.463 153.015 1
425.674 121.522 1
82.608 193.051 1
128.167 177.956 1
346.951 358.988 1
567.34 282.03 1
291.217 285.15 1
603.931 126.793 2
110.885 201.921 1
116.449 300.35 2
514.676 174.797 1
581.479 269.621 1
492.837 219.542 1
402.074 211.363 1
176.848 206.416 1
64.2783 197.515 2
83.3687 221.4 1
615.378 224.033 1
387.502 252.387 2
400.871 256.676 1
511.441 264.323 1
131.221 276.991 1
26.2161 292.42 1
184.582 333.788 1
401.643 261.535 2
607.199 195.366 1
493.408 230.473 1
585.891 278.198 1
445.112 303.921 1
74.5688 321.522 1
182.063 351.26 1
550.556 290.715 1
179.54 258.631 1
499.818 187.839 1
604.394 229.814 1
468.215 315.278 3
74.7465 324.239 1
427.86 144.021 1
510.647 275.125 1
549.289 293.538 1
333.17 268.029 1
285.511 267.986 1
276.693 316.398 1
127.937 272.975 1
134.184 276.048 1
121.42 211.606 1
275.825 322.128 1
534.658 207.569 1
508.987 277.333 1
319.298 273.32 2
521.474 151.269 1
508.364 230.407 1
524.053 342.374 2
461.208 305.913 2
143.641 336.795 2
85.0991 337.707 1
529.72 127.491 1
427.636 136.195 1
432.516 330.841 1
222.399 266.196 1
263.235 298.356 1
262.384 314.566 1
119.555 209.021 1
426.239 139.274 1
109.067 223.89 1
480.296 322.985 1
214.75 352.433 1
125.416 308.372 1
141.353 339.535 2
529.801 130.73 1
437.588 124.787 1
536.644 268.846 1
521.423 274.287 1
457.528 227.713 1
507.668 274.934 1
405.842 210.224 1
272.071 310.668 1
173.371 336.459 1
493.66 289.434 1
257.73 339.095 1
370.784 202.909 1
418.607 245.351 1
369.184 246.208 1
502.243 329.112 1
516.478 348.432 1
477.112 325.99 1
416.988 286.509 1
340.053 243.815 1
170.385 293.016 1
520.209 192.995 1
454.14 227.847 1
476.318 257.03 1
386.913 179.702 1
497.903 365.011 1
375.846 209.33 1
332.526 255.377 1
279.993 313.367 1
243.455 292.336 1
195.722 272.967 2
227.324 247.014 1
469.719 151.229 1
432.343 210.513 1
498.416 361.807 1
271.481 306.458 1
462.276 167.188 2
438.281 191.381 1
407.533 198.167 1
354.156 216.251 1
354.556 202.096 1
529.327 119.736 1
495.79 124.492 2
459.808 119.934 1
450.619 210.637 1
295.098 235.698 1
315.887 420.985 4
438.951 208.995 1
494.325 266.951 1
469.15 358.62 1
357.757 423.031 1
286.211 417.592 1
278.597 432.818 1
223.568 430.033 1
223.458 449.316 1
468.754 99.991 1
444.914 209.387 1
162.355 44.0028 1
344.824 197.972 1
413.798 276.946 2
415.907 283.064 1
457.802 220.086 1
421.582 440.505 1
385.935 165.536 1
318.62 429.159 2
295.921 246.997 1
289.878 313.82 1
280.813 432.637 1
274.526 301.623 1
256.893 291.818 1
216.864 436.356 2
208.41 417.318 1
448.304 125.225 1
271.122 301.848 1
204.557 436.429 2
355.598 223.315 1
276.47 420.279 1
261.354 230.213 1
446.517 436.212 1
191.928 435.187 1
455.156 119.554 1
353.488 412.384 1
248.111 404.344 1
234.44 449.166 1
230.126 436.264 1
384.229 210.451 1
219.097 435.327 1
354.345 220.73 1
494.626 224.214 2
417.43 309.735 1
346.826 437.312 1
187.231 432.873 1
496.097 144.118 1
430.786 120.115 1
357.323 217.289 1
289.028 339.414 1
491.749 224.105 1
123.369 315.814 1
450.446 332.943 1
396.123 407.433 1
450.645 112.109 1
396.577 214.572 1
277.506 294.852 1
252.043 216.93 2
161.581 388.232 1
168.101 354.868 2
140.115 285.655 2
155.748 385.499 1
488.115 222.111 1
503.43 253.437 1
450.077 330.49 1
489.695 159.547 1
312.513 329.43 1
433.196 109.573 1
293.276 306.182 1
147.23 268.969 1
495.886 248.266 1
434.106 150.864 1
519.022 272.733 1
500.573 248.652 1
494.161 226.291 1
147.435 350.118 1
124.303 342.783 1
137.309 200.672 2
402.691 300.492 1
514.094 336.223 1
521.104 311.472 2
424.323 298.881 1
276.714 284.481 1
153.099 343.742 1
145.072 272.588 1
508.764 332.944 1
483.813 309.269 1
395.083 287.572 1
504.308 191.536 1
55.5062 348.347 1
78.4371 178.036 1
562.397 347.626 1
491.681 338.358 2
518.807 305.081 1
489.464 170.02 1
149.081 339.104 1
196.784 256.187 1
146.657 215.117 1
65.4152 203.992 1
520.438 336.695 1
424.632 295.817 1
409.052 293.666 1
491.148 217.377 1
40.8052 178.649 1
577.843 277.326 1
147.882 334.119 1
215.103 306.981 1
217.618 289.775 1
473.715 169.255 1
67.3122 205.166 1
462.435 312.298 1
290.265 280.934 1
115.35 240.478 1
56.3101 344.435 1
485.165 120.951 1
308.216 309.598 1
520.796 242.976 1
59.2119 319.106 1
31.5604 266.265 1
173.377 229.815 1
478.027 212.682 1
574.077 193.279 1
181.677 216.385 1
