2725 8972
438.926 35.1848 16
482.291 67.0309 7
483.789 70.3765 12
484.523 78.8519 1
482.997 84.8053 3
484.232 89.7114 5
457.122 92.2341 16
482.928 99.3509 16
483.852 101.297 2
153.73 105.584 1
481.871 113.583 12
454.899 118.913 8
481.854 122.762 22
481.734 134.361 22
482.066 156.737 28
337.726 173.682 13
335.894 182.194 16
481.565 184.885 31
175.418 189.345 5
480.823 194.153 16
361.252 198.128 11
237.193 221.098 13
181.221 221.204 12
302.63 223.04 2
345.019 223.688 1
262.326 221.42 13
286.73 223.604 15
220.846 233.421 6
474.62 243.53 32
475.79 251.741 11
354.475 252.56 4
396.1 253.329 13
197.869 267.625 26
419.625 274.329 38
474.378 289.52 34
165.344 291.867 22
475.613 294.687 2
209.35 300.789 35
472.761 306.398 17
471.708 312.122 6
386.175 313.524 15
472.425 322.177 18
397.53 329.448 5
471.03 340.973 23
424.186 360.775 6
181.096 362.33 13
469.28 361.957 21
278.045 364.91 7
235.772 365.177 3
175.807 367.507 1
426.711 368.384 24
274.215 369.718 21
430.699 374.224 9
193.965 371.815 35
210.639 378.209 35
431.429 379.148 28
216.384 381.215 6
429.327 382.224 3
222.459 380.366 29
239.695 388.439 20
263.377 397.077 20
269.925 401.576 2
306.788 413.531 9
322.719 419.745 1
344.783 427.144 3
349.253 428.971 1
381.541 437.566 19
394.155 444.314 11
466.867 445.88 10
403.273 447.265 1
411.253 450.034 2
418.481 451.855 5
420.606 452.872 1
466.794 452.146 5
447.243 453.715 7
426.587 454.768 4
433.844 457.628 5
449.177 462.486 8
467.006 464.254 1
457.095 465.425 2
466.287 468.214 4
562.463 3.85451 1
457.425 16.5097 1
426.192 23.7587 4
417.212 26.2335 8
409.68 27.0325 2
399.905 29.5542 3
388.711 31.5646 5
371.432 35.7594 3
429.983 43.0894 7
339.739 43.7702 7
327.476 45.6343 1
316.008 48.8887 7
120.09 52.405 26
298.777 52.8963 8
288.709 55.4828 12
138.236 61.7977 6
232.496 66.7775 9
477.042 66.9156 4
219.903 69.188 10
208.125 72.0856 19
191.468 76.0984 16
180.813 77.4925 4
209.541 77.9664 2
400.438 80.8796 4
212.887 81.5238 3
159.093 84.8273 24
412.973 84.6154 35
176.101 86.7325 7
191.229 86.6728 8
217.43 87.1182 5
202.944 89.6808 8
185.233 90.7203 8
409.882 92.4676 5
162.843 94.6941 6
378.368 95.5031 1
447.316 95.0541 3
439.983 98.0272 8
389.738 98.594 2
400.615 98.9363 14
468.214 98.2099 2
432.968 100.513 1
157.772 103.742 21
162.51 104.608 2
432.095 106.429 5
466.85 106.918 24
390.226 110.87 3
472.441 111.965 4
450.891 123.429 3
466.696 124.961 2
415.902 128.38 1
369.191 130.878 9
470.278 130.417 2
460.03 131.993 3
359.794 132.011 7
398.071 136.862 7
465.156 133.488 5
156.417 137.233 1
455.481 139.957 12
156.217 145.879 5
340.595 143.671 21
460.499 145.124 1
455.34 149.447 6
460.709 148.677 3
442.069 151.279 21
155.928 149.067 5
332.784 150.506 3
352.102 150.986 2
394.615 154.575 3
426.338 163 41
361.083 162.787 22
447.178 162.002 2
374.188 163.144 3
368.688 166.646 7
177.274 169.558 8
349.409 171.244 11
419.39 167.411 14
157.183 171.327 14
333.972 174.908 20
385.201 175.358 7
341.828 177.242 2
156.61 179.275 34
446.185 180.2 5
366.16 181.393 7
452.756 180.497 1
444.784 182.922 4
317.442 186.748 3
467.605 190.578 16
179.522 191.333 1
429.177 191.869 1
473.675 193.458 5
184.391 195.263 4
347.607 196.66 12
176.841 198.603 16
315.406 196.373 16
168.953 198.551 32
336.71 201.174 1
201.671 202.755 1
172.129 206.135 9
329.455 207.508 7
341.862 215.022 23
155.698 214.335 41
257.566 215.355 9
348.314 216.124 10
484.888 216.122 3
419.696 217.391 10
273.43 217.382 3
318.711 217.575 1
334.469 218.359 6
290.641 220.326 30
158.425 219.282 7
244.614 219.492 2
315.032 221.226 5
187.189 225.947 20
285.559 222.478 2
267.139 222.969 3
411.33 223.611 1
175.214 224.963 2
292.726 226.041 4
320.826 226.997 17
305.153 228.237 15
340.814 228.851 4
261.857 229.44 6
278.495 228.916 4
288.363 231.251 3
226.727 232.927 10
383.643 232.637 3
192.766 235.122 19
318.915 236.693 2
222.679 239.225 9
360.624 239.67 12
370.546 240.867 35
154.175 241.574 6
379.493 242.036 15
432.202 244.302 3
160.085 244.718 1
311.478 245.449 4
418.882 247.959 12
482.947 248.154 3
382.898 255.326 27
482.514 253.868 1
317.892 254.778 6
390.117 258.18 25
217.827 257.331 6
355.165 260.036 15
402.207 260.087 31
161.814 260.286 2
363.807 260.126 3
319.291 262.864 1
345.192 263.056 3
153.93 265.005 1
217.957 266.085 2
229.76 265.964 3
355.3 271.384 3
390.988 275.546 26
437.331 275.064 14
350.967 277.86 5
453.492 280.003 5
229.669 280.616 12
340.148 278.995 2
424.313 281.084 2
156.08 282.714 29
200.775 279.489 6
168.55 282.371 1
403.7 289.936 14
154.512 291.402 17
171.979 290.59 13
338.245 299.509 26
441.548 297.592 14
224.667 296.469 6
345.779 299.195 1
176.91 301.113 7
214.042 301.615 3
219.322 308.3 5
274.716 316.744 1
173.714 323.082 8
362.745 327.226 5
232.954 327.866 8
175.583 328.482 1
240.924 332.764 19
207.353 334.121 16
393.031 334.837 3
388.114 337.311 4
187.581 338.309 3
475.809 340.522 1
159.708 341.619 9
424.43 342.055 1
171.514 344.064 1
409.62 345.66 12
467.288 345.273 2
152.941 346.75 2
160.948 348.861 17
208.209 352.367 1
153.494 354.416 6
161.504 356.171 68
258.726 357.304 24
474.575 359.21 2
429.527 360.59 15
162.602 363.672 7
272.341 364.223 21
172.556 364.246 3
182.127 366.678 4
235.927 370.963 11
282.342 371.765 9
202.138 371.68 6
436.654 377.966 3
124.503 380.357 11
473.179 383.072 1
548.822 384.305 1
433.536 384.745 2
254.158 394.622 27
272.462 398.655 4
359.137 409.718 14
368.545 412.194 8
389.606 419.282 2
395.768 421.16 11
408.21 424.721 4
41.4742 425.462 7
369.847 425.781 4
416.809 427.034 7
427.884 431.595 10
385.777 437.445 2
410.652 441.002 10
456.525 441.799 4
399.312 443.251 4
381.888 444.013 5
426.35 450.383 2
450.943 467.225 1
122.904 473.711 1
538.674 474.931 1
483.156 12.8676 1
253.915 62.8458 6
461.412 115.64 7
240.851 214.981 27
304.26 220.47 9
177.754 225.613 4
232.844 250.745 9
184.086 254.275 4
155.408 254.932 41
156.642 265.95 9
321.344 276.151 4
189.91 299.376 21
181.327 322.191 27
196.648 332.105 11
163.734 366.447 4
249.462 367.417 10
439.7 37.0923 1
483.64 87.7316 4
457.051 92.9538 1
354.797 162.02 1
377.553 172.838 20
313.716 213.755 16
201.366 215 6
149.195 286.903 1
475.864 291.455 1
333.142 293.277 10
166.299 295.049 1
474.403 308.678 2
218.312 322.471 15
378.135 333.222 27
149.027 351.884 2
195.808 373.343 3
275.732 374.124 1
211.891 379.038 3
240.057 389.473 1
368.242 435.401 6
466.822 448.697 1
421.242 450.128 6
492.174 22.8652 1
419.066 28.3416 1
376.038 37.2874 1
359.801 41.5701 2
432.761 44.9345 1
297.8 55.1273 1
288.661 57.2584 2
255.826 65.1007 5
234.751 67.7969 2
216.67 72.5349 16
211.335 73.0477 2
195.544 79.2662 9
179.002 82.1315 8
413.051 84.9881 2
159.881 87.1516 6
220.775 88.3089 1
393.518 98.3225 22
441.682 99.4966 3
460.649 97.8251 7
406.08 103.095 8
489.812 108.655 2
379.138 112.76 9
464.577 114.502 22
361.882 134.676 4
402.483 138.557 3
455.12 144.179 5
159.255 147.78 6
442.808 153.844 10
396.279 157.56 1
330.072 159.71 2
447.502 164.999 1
160.362 176.194 5
334.64 179.366 14
389.103 175.326 5
347.429 179.556 8
447.718 182.796 4
469.062 190.879 2
334.761 192.327 4
318.133 194.267 2
177.443 200.493 2
349.176 201.044 3
486.799 201.02 4
332.108 208.829 2
156.951 213.563 2
241.504 214.889 2
260.109 217.803 16
351.062 218.528 3
180.346 222.762 4
189.732 225.068 4
246.626 225.071 6
270.067 225.786 3
294.306 230.552 1
213.774 234.154 36
390.34 235.244 4
197.312 238.612 16
486.497 238.515 2
369.312 242.116 7
224.417 243.184 4
382.166 245.999 16
486.198 250.063 1
157.013 254.734 1
234.061 253.977 2
187.511 255.476 2
384.534 257.864 10
207.233 262.701 10
401.875 264.419 13
170.474 264.513 6
349.786 266.166 10
357.553 274.935 2
390.799 278.569 8
203.362 277.687 3
159.254 283.615 5
231.429 288.354 18
427.166 285.173 1
173.535 289.213 4
482.586 298.518 1
443.048 299.635 1
339.156 302.629 9
180.762 302.478 1
448.722 304.017 11
479.96 315.717 4
156.849 326.697 24
200.855 334.215 5
245.702 335.788 14
381.217 342.511 10
430.095 346.255 1
210.343 356.912 1
433.264 364.968 15
166.104 368.667 2
256.011 370.26 16
285.145 372.684 3
179.356 374.569 3
241.233 374.52 2
465.564 382.364 31
200.795 383.383 6
258.755 404.668 2
312.609 422.778 1
373.192 443.517 2
383.964 446.781 1
402.139 453.248 1
473.624 457.82 1
452.717 470.626 1
479.559 69.5121 6
436.143 86.1961 2
366.517 189.901 7
338.595 220.062 21
322.602 227.704 4
320.223 246.198 2
429.08 262.429 7
207.657 297.707 1
190.706 302.844 12
210.723 338.266 7
234.94 343.879 15
412.978 344.387 15
431.545 347.983 1
159.795 352.423 4
272.108 367.55 11
480.569 85.1133 5
479.749 190.322 5
318.351 214.966 1
306.769 238.673 5
148.963 276.516 3
470.847 316.759 1
212.352 321.845 5
419.173 351.026 1
292.106 356.109 1
191.111 372.664 8
431.582 377.609 3
232.042 382.498 3
261.771 396.994 4
315.153 411.343 1
405.595 442.948 4
423.628 449.326 1
452.773 459.764 1
477.137 21.3605 1
424.512 32.9997 1
378.902 42.5001 1
295.917 60.953 1
258.999 69.2633 1
207.698 82.0891 1
419.179 87.0868 1
16.438 95.7068 1
462.717 107.356 1
443.933 110.312 4
408.461 145.289 18
165.451 148.237 1
342.857 149.911 2
426.435 168.653 4
398.042 176.914 16
166.155 182.394 1
356.878 185.383 7
373.062 193.221 3
494.542 197.543 1
161.925 213.159 1
327.852 231.48 3
249.372 236.931 2
371.743 248.587 10
326.629 254.232 1
161.5 256.797 1
213.998 261.531 1
240.899 263.627 1
434.273 262.721 1
393.535 281.983 1
162.566 291.146 1
236.665 294.464 1
339.04 307.163 5
292.571 317.193 1
162.927 329.143 1
250.527 332.114 1
212.018 342.538 1
388.705 349.943 1
446.633 370.875 3
292.614 373.037 15
205.241 390.44 1
15.6376 400.404 1
273.385 414.883 1
379.405 428.386 1
383.147 452.453 1
480.625 461.392 1
474.509 79.621 5
382.861 120 2
480.211 191.485 1
304.678 257.895 1
371.528 300.313 1
143.817 324.085 1
466.087 326.495 1
225.768 375.725 1
303.11 388.541 1
267.51 395.35 3
327.828 410.67 1
429.496 39.3397 2
465.592 85.5758 2
187.996 101.999 1
510.594 111.627 1
31.2979 113.9 1
386.765 128.238 13
417.455 153.045 1
339.394 176.963 1
177.864 193.884 3
387.383 199.934 2
507.646 208.281 1
338.189 253.283 1
446.578 267.694 1
253.022 307.32 1
499.092 337.51 1
174.695 339.474 1
278.04 429.172 1
326.475 328.093 2
477.748 193.003 1
297.949 274.368 2
456.903 346.414 2
289.611 383.964 1
440.428 105.325 1
209.224 120.827 1
533.534 143.41 1
515.228 259.558 1
364.885 271.461 3
202.422 342.015 3
506.665 392.428 1
435.969 152.639 1
363.707 209.705 19
187.61 231.935 3
187.486 370.132 15
128.202 388.93 10
365.676 433.334 10
124.576 58.9836 1
263.701 61.3588 8
140.29 67.9847 2
458.271 69.9284 5
459.83 96.8716 3
376.515 111.979 12
386.19 167.235 1
160.209 170.592 5
473.981 180.043 9
445.746 180.915 1
375.689 182.221 1
377.941 182.116 1
486.939 188.391 15
334.556 190.498 1
329.422 196.146 9
178.357 218.397 7
235.265 221.171 2
355.184 239.813 5
422.729 252.51 2
355.088 259.24 1
344.086 266.775 3
213.155 267.351 4
479.678 293.555 1
450.446 301.991 3
371.474 330.846 12
381.496 338.288 4
416.488 365.669 7
374.882 423.099 4
397.937 438.947 13
443.431 451.858 4
467.329 70.4912 6
351.488 264.867 3
210.284 313.463 4
211.665 334.059 1
409.55 343.43 2
261.114 359.779 1
267.231 364.788 4
444.233 155.776 1
149.297 257.064 1
334.379 280.277 9
218.776 298.905 2
469.049 385.044 4
309.063 409.833 21
382.267 435.989 1
297.646 57.1644 1
217.324 74.1683 2
181.922 85.2301 1
159.777 89.2876 4
460.799 101.458 3
403.566 105.044 5
436.877 108.728 1
464.419 111.146 7
402.738 142.149 7
454.611 145.024 1
446.113 167.625 1
374.863 168.781 16
158.601 177.75 1
348.003 182.13 10
240.344 216.817 2
245.625 228.362 1
267.887 229.708 6
293.446 233.785 2
224.23 245.065 1
235.896 258.46 6
347.301 268.656 1
355.486 278.077 3
157.698 287.199 3
425.676 288.802 1
445.287 303.469 1
381.418 345.728 3
203.133 383.899 3
259.744 407.621 1
423.452 167.796 7
176.358 181.865 23
369.248 192.07 5
194.077 263.689 16
236.941 346.734 2
413.612 369.829 1
306.585 244.864 1
313.036 276.9 1
417.419 278.897 3
147.616 314.012 1
467.686 318.432 10
193.074 369.698 1
219.244 375.639 1
231.219 380.869 1
468.757 389.791 3
164.015 98.7435 2
497.061 103.803 1
442.477 117.414 1
165.053 151.529 1
406.281 148.535 3
341.625 154.989 1
424.982 173.16 5
167.891 186.785 8
375.679 197.007 2
493.669 202.468 3
326.287 244.876 2
374.38 252.886 3
161.325 264.302 1
194.092 262.498 1
436.339 263.964 3
490.199 266.775 1
162.6 294.409 2
363.007 293.342 1
236.467 297.833 6
340.191 312.79 2
486.308 327.856 1
163.14 331.886 1
390.062 355.088 3
383.998 124.74 6
328.337 249.444 2
390.409 205.399 1
339.278 257.764 10
488.888 67.5432 2
466.531 195.871 5
327.966 188.75 26
135.833 69.1156 4
166.264 219.325 3
199.316 364.454 8
154.819 331.278 6
481.986 56.4421 4
416.209 45.1871 4
461.406 95.3007 1
441.153 96.1061 2
396.399 93.2713 4
377.585 109.198 1
401.062 133.861 8
433.719 185.057 4
379.067 150.562 4
278.583 55.898 1
354.405 148.347 5
344.52 141.919 4
354.916 159.045 7
359.702 195.071 3
372.649 215.116 5
463.167 304.586 6
364.508 208.898 2
410.677 266.035 20
386.553 294.051 3
378.765 316.698 5
367.916 308.471 3
409.847 358.521 8
153.13 108.223 1
429.827 386.342 1
346.916 312.486 8
353.767 320.805 18
332.356 298.661 5
252.71 221.493 2
259.035 227.85 6
324.805 297.11 14
361.476 332.619 2
196.793 198.396 8
242.776 254.62 4
262.131 277.168 7
266.341 283.558 4
189.027 220.818 1
379.983 422.16 11
283.561 338.487 13
348.209 405.87 5
331.743 398.498 10
202.703 301.496 3
204.876 308.6 2
179.165 298.716 1
259.138 395.302 4
149.217 296.348 2
162.357 363.349 1
47.4543 429.734 2
482.717 67.2463 1
485.229 197.663 3
373.56 250.341 3
467.537 379.739 6
412.706 339.01 6
259.903 215.375 4
179.575 180.109 6
289.924 348.929 18
216.412 300.835 1
234.312 338.853 6
156.587 281.23 1
228.663 357.842 13
488.544 177.458 2
479.535 196.8 2
332.347 184.433 4
467.567 362.34 1
333.646 283.295 9
178.892 225.043 8
397.624 443.045 3
368.685 431.172 3
218.47 295.244 1
256.02 396.183 10
171.618 359.565 15
429.044 46.8368 1
478.333 108.304 3
415.358 47.3007 1
479.04 122.384 4
479.675 137.463 2
438.844 102.258 3
477.247 154.1 10
336.919 47.0603 1
471.355 243.905 11
366.797 158.392 10
421.339 220.978 1
367.113 185.772 2
432.449 251.327 1
472.471 289.969 8
350.086 177.098 2
232.338 68.946 1
363.415 211.478 2
415.06 272.337 11
441.134 300.43 1
332.605 195.612 2
334.049 207.821 1
288.572 221.732 3
304.927 233.045 10
412.406 366.649 6
351.96 321.068 5
181.734 183.948 11
195.527 204.021 8
261.46 281.796 3
176.207 203.92 5
147.14 187.154 1
359.774 413.04 2
194.836 266.06 2
329.693 399.223 4
176.145 263.203 7
207.846 294.697 4
234.888 342.505 3
296.787 417.568 4
228.764 360.43 1
254.233 405.745 1
146.039 302.105 1
146.544 341.22 1
436.433 81.3009 2
474.86 184.907 10
406.308 142.371 7
391.837 174.004 2
350.163 179.246 1
466.988 315.143 7
443.482 367.831 5
301.224 237.14 4
265.412 296.055 8
269.527 315.117 9
288.875 350.956 1
177.953 282.129 2
216.171 356.371 1
158.905 327.887 3
492.933 148.11 1
492.615 176.407 1
375.091 174.698 1
483.973 317.977 1
377.678 227.844 5
462.769 348.004 2
413.539 351.069 3
328.592 270.189 8
360.08 300.417 6
259.213 398.742 1
440.926 113.018 2
473.508 161.681 1
393.482 182.709 6
375.246 193.736 2
436.974 260.418 1
353.121 186.134 1
413.203 281.358 3
367.499 250.185 3
330.621 229.339 3
444.692 371.653 2
297.828 245.766 1
385.114 354.193 1
334.308 311.331 1
188.893 211.064 6
240.153 270.342 1
196.876 247.294 3
142.319 205.413 1
166.175 330.732 1
139.282 313.821 1
141.083 352.719 1
168.925 382.429 1
378.939 126.282 3
457.716 314.424 6
240.002 296.394 1
263.716 326.576 3
203.848 325.38 1
463.051 179.47 1
385.209 199.133 2
336.17 254.87 7
432.239 366.979 1
412.723 354.729 3
332.534 423.142 1
247.018 389.255 6
202.527 283.919 5
479.496 211.387 9
479.109 227.655 11
469.052 354.028 6
467.771 374.961 4
463.686 150.025 5
461.143 190.003 3
444.221 436.813 2
442.116 174.609 7
440.658 456.062 1
414.851 337.664 2
404.353 439.548 4
391.248 129.886 22
388.255 120.531 5
389.625 437.648 5
385.749 113.97 1
368.916 308.198 1
362.925 162.967 3
360.708 428.939 1
356.653 158.507 1
351.496 136.137 8
350.528 289.527 2
343.707 219.341 5
340.957 247.116 2
340.819 422.152 1
324.988 382.097 3
315.026 273.553 2
310.528 192.808 3
309.65 358.424 1
302.308 408.877 2
295.761 225.566 1
293.338 334.076 3
276.17 363.475 1
273.029 229.728 1
260.543 371.783 7
259.222 268.635 2
251.444 353.294 1
248.653 258.805 5
237.472 336.625 5
233.394 374.547 3
230.459 356.655 1
223.461 349.956 4
220.153 320.041 2
218.178 339.753 12
213.836 315.342 11
214.625 334.554 1
200.532 348.892 9
197.69 204.96 4
197.489 341.123 2
194.337 297.9 3
185.377 322.276 5
185.517 361.53 1
183.385 274.263 2
181.972 178.43 2
178.788 261.238 7
178.496 91.395 2
172.571 214.178 8
171.001 223.995 1
157.028 248.299 6
150.878 268.044 3
149.735 284.688 2
88.9519 454.43 1
80.3417 449.057 1
33.8283 421.47 1
443.704 151.379 1
405.663 182.458 7
312.727 265.937 3
272.226 223.576 9
241.835 372.335 6
428.348 269.516 10
327.654 290.471 4
235.702 388.617 3
158.212 151.977 2
155.932 329.483 2
478.11 104.765 3
476.339 182.197 5
476.71 213.45 1
476.076 225.502 5
468.618 309.366 3
468.084 319.311 2
467.505 338.13 10
464.358 356.781 5
454.375 186.06 6
428.897 375.394 1
428.708 434.829 2
390.256 144.877 6
385.928 341.526 1
364.613 184.18 1
353.797 199.484 11
354.868 177.907 4
309.376 185.246 2
242.063 259.098 8
234.532 286.68 1
197.538 440.269 1
180.429 183.418 2
180.566 238.402 5
177.887 278.14 6
177.287 374.213 1
172.332 173.222 3
147.813 108.11 1
148.725 161.728 1
145.822 297.444 1
402.598 180.277 5
387.739 130.083 2
376.312 426.528 3
313.248 213.441 2
289.249 373.903 6
208.002 315.712 20
167.809 174.798 3
426.241 265.211 3
419.389 172.421 6
409.272 351.885 5
356.517 301.423 4
218.671 381.788 1
158.805 331.476 3
469.112 159.326 3
470.854 186.544 2
469.101 77.2907 1
467.703 245.649 2
460.642 388.137 1
403.393 271.447 3
383.157 351.526 4
362.152 246.407 3
332.044 223.984 32
331.013 308.012 2
319.723 401.736 2
306.528 209.774 1
302.162 272.69 1
296.127 244.099 1
283.014 350.241 1
265.309 324.485 1
257.702 300.673 2
216.831 365.244 1
205.321 81.0542 2
206.379 317.903 4
201.275 240.851 1
192.598 388.334 1
169.655 184.277 2
168.931 326.203 5
168.882 379.145 1
138.665 195.96 1
136.972 341.693 1
376.015 131.574 1
251.733 299.381 3
323.076 182.134 1
153.943 301.45 2
380.384 197 1
313.771 317.579 1
279.796 203.869 2
278.501 263.668 1
246.081 317.673 1
244.964 315.757 1
340.948 262.123 2
422.783 368.832 2
153.514 358.768 6
390.94 447.197 1
380.683 424.634 9
421.776 375.279 1
404.25 345.997 2
404.41 336.24 2
403.841 307.327 1
372.273 335.857 1
409.165 275.439 2
467.85 181.488 4
482.244 142.696 1
336.695 273.118 2
277.505 331.425 3
282.696 319.38 6
206.272 382.114 1
270.938 306.742 7
380.82 170.301 2
308.098 241.219 1
389.159 156.416 1
334.033 212.315 1
383.337 160.592 4
315.042 229.244 1
192.007 346.467 3
391.157 146.769 1
322.635 210.654 10
428.098 101.236 1
370.113 157.749 5
281.831 228.895 5
285.236 215.213 1
149.352 349.465 2
154.655 341.813 1
361.902 123.434 6
226.415 259.689 1
382.633 99.664 1
372.331 107.941 1
196.439 278.478 1
250.789 211.549 2
428.012 24.7256 1
217.745 234.785 2
404.436 24.23 1
171.252 253.889 1
153.791 270.51 1
192.76 188.116 3
149.916 211.603 1
162.544 197.582 2
202.36 68.1812 2
132.626 60.9503 1
114.72 53.5215 1
393.903 440.5 1
364.84 431.139 1
429.843 362.209 1
486.861 150.194 1
328.239 289.894 3
488.12 112.149 4
242.961 334.123 1
154.17 325.507 11
170.271 287.612 1
427.704 373.171 2
419.97 246.166 1
246.121 400.133 2
287.78 346.793 2
225.709 392.28 1
235.57 383.124 3
332.493 268.288 2
477.788 118.623 4
278.915 317.711 2
269.245 320.591 3
406.111 166.29 2
309.612 262.239 1
357.243 199.975 4
215.373 338.921 3
198.665 348.138 1
453.063 90.0204 2
401.943 124.939 2
195.197 330.451 1
350.05 158.609 7
126.117 384.43 3
245.296 258.423 3
310.442 179.953 1
360.401 121.166 1
375.56 94.9995 1
320.455 149.993 1
326.721 141.101 3
145.098 321.902 1
179.186 275.938 5
175.358 260.384 6
195.541 209.032 2
146.562 179.051 1
147.487 142.323 1
197.144 66.0095 1
147.751 92.0512 1
415.811 348.87 3
396.975 344.935 1
329.138 256.619 5
266.687 299.614 6
212.598 316.912 1
316.637 167.394 1
364.889 99.776 3
436.743 368.357 8
487.805 146.095 2
489.189 94.0914 2
360.167 188.722 8
349.953 181.718 3
228.359 290.425 2
157.214 351.618 4
416.927 87.0525 4
152.698 251.84 2
154.019 95.2627 2
460.27 385.052 2
411.906 347.643 4
467.143 242.267 5
405.759 268.107 1
470.493 182.619 2
334.825 308.886 3
472.358 155.403 4
281.687 344.352 1
263.863 361.761 8
266.058 320.437 4
199.311 388.453 1
395.843 177.542 3
351.194 204.554 2
170.555 377.653 1
298.359 242.327 1
205.723 315.03 1
420.982 88.7454 1
381.274 127.955 4
305.392 206.757 1
212.748 271.835 1
307.96 156.841 2
352.63 103.066 2
138.977 224.019 2
138.721 186.271 1
136.385 92.8025 1
212.763 366.355 1
482.52 324.222 1
423.717 259.417 6
155.598 338.448 2
158.51 183.314 4
456.498 173.697 1
378.652 192.276 2
280.596 253.42 1
283.137 200.095 1
155.534 272.843 2
389.574 436.7 2
278.405 57.9535 1
124.15 62.1147 1
136.678 64.7759 4
176.116 83.8426 1
394.572 96.3488 1
465.795 128.225 1
367.749 168.682 3
155.304 174.317 1
486.034 221.386 3
313.11 223.82 1
266.234 227.177 2
290.352 228.833 3
305 230.311 1
334.502 237.464 2
154.427 245.068 1
422.76 255.24 1
343.143 267.787 1
217.76 268.955 1
161.217 281.279 2
422.645 284.796 1
170.037 324.947 5
153.156 351.307 2
204.614 360.908 2
421.635 378.278 2
432.177 388.169 1
449.951 72.7109 2
178.749 219.195 1
483.057 128.316 3
391.501 133.16 1
335.025 285.323 1
387.11 309.011 3
175.886 360.72 4
468.722 387.367 2
215.512 76.9803 1
184.527 88.5734 3
159.596 93.3805 4
437.427 111.919 2
403.046 144.169 2
320.574 188.379 2
336.204 197.221 2
282.738 226.721 1
321.323 233.835 2
241.68 237.654 1
292.284 238.898 2
193.041 243.842 2
190.424 259.19 7
386.094 260.632 3
234.205 260.512 1
345.956 272.388 1
357.447 282.251 1
391.048 281.358 1
157.98 288.424 4
231.525 293.232 9
339.025 305.235 2
192.832 306.91 2
445.188 306.62 3
355.301 325.947 3
209.856 340.816 1
383.179 348.625 1
434.074 361.376 2
414.173 371.794 1
202.917 388.191 1
321.876 236.684 2
190.416 260.273 1
195.318 310.641 1
213.248 352.012 1
384.145 226.762 1
306.654 251.92 1
363.414 298.692 1
147.372 318.43 1
215.797 324.711 3
193.05 367.536 1
427.051 176.597 1
166.768 189.565 4
493.855 208.537 1
327.572 251.925 2
373.679 260.299 1
237.58 299.74 1
341.234 318.333 1
449.518 319.005 2
485.889 337.92 1
382.676 209.047 1
444.507 269.3 2
350.811 138.446 2
342.336 164.984 4
187.337 365.199 3
377.148 34.8895 2
409.428 93.4103 1
331.225 193.251 3
414.507 270.761 5
470.572 338.025 3
152.254 110.356 1
172.622 170.423 6
252.026 224.05 1
243.061 225.336 4
196.25 201.165 1
155.383 314.228 2
410.246 141.169 8
363.322 159.089 3
357.274 197.796 1
158.04 142.495 2
185.138 189.477 13
207.484 257.939 5
375.147 424.462 4
233.036 340.549 3
490.851 75.5389 1
489.985 104.338 2
488.831 173.993 1
440.514 158.368 4
384.133 310.187 2
332.618 284.855 2
194.405 270.13 3
173.253 267.5 3
476.717 69.9376 3
437.495 105.849 3
381.274 110.511 1
459.165 212.025 1
337.025 148.002 7
419.391 223.781 1
190.468 81.3449 2
415.286 276.986 8
383.669 260.08 1
445.521 308.711 2
289.469 236.359 1
385.638 302.444 8
435.085 352.298 1
264.859 234.636 3
238.31 218.757 1
242.998 230.088 1
189.145 193.981 3
335.823 304.726 1
174.326 205.883 1
146.443 199.183 1
186.487 229.371 1
191.515 240.639 6
146.029 276.081 2
196.524 334.913 2
176.742 324.369 1
145.134 305.948 1
145.841 346.672 1
197.798 386.286 1
405.72 144.745 1
431.781 259.223 2
334.554 221.981 6
326.139 228.931 1
160.572 329.634 1
495.389 105.143 1
383.62 140.194 1
381.925 228.73 2
187.784 311.427 1
207.793 323.813 1
437.714 121.483 1
404.674 153.454 1
353.698 183.921 2
329.549 232.151 4
368.926 261.556 1
409.177 289.537 7
329.792 316.983 1
196.702 251.035 1
239.135 294.083 1
261.714 322.787 3
166.082 335.663 1
456.705 318.336 1
366.308 276.83 5
324.734 321.8 1
320.327 196.091 5
464.555 94.2586 2
421.703 25.6448 4
444.196 95.8611 3
412.844 265.698 2
249.138 221.039 6
247.635 258.923 1
190.958 219.99 1
150.783 107.95 1
199.211 303.302 1
176.85 259.348 1
179.933 312.653 1
148.731 268.919 1
86.3726 454.662 1
477.799 111.931 8
405.395 95.1657 1
264.786 292.237 2
211.901 314.213 3
330.301 185.459 2
310.365 215.613 1
327.189 273.001 1
233.52 387.696 1
178.838 364.258 2
476.917 85.3816 1
476.268 138.253 1
456.146 100.129 1
475.603 155.409 1
411.037 47.361 1
451.888 198.45 1
465.03 308.709 5
464.146 339.469 5
438.484 300.716 3
443.208 365.784 1
330.823 47.9226 1
352.829 180.981 1
361.43 212.237 1
364.931 241.963 2
394.881 355.288 1
290.894 56.7083 1
306.787 188.046 1
378.763 424.959 5
334.297 302.611 5
301.077 234.308 1
357.581 413.464 1
324.815 399.292 1
264.657 231.527 1
261.422 295.618 2
239.869 261.269 3
290.851 417.121 1
145.313 113.446 1
165.638 174.087 1
146.156 162.716 1
143.039 225.587 3
195.25 383.84 1
290.504 372.67 1
164.782 177.726 3
419.993 176.651 2
375.741 137.586 2
371.376 229.216 1
324.033 265.079 3
157.674 297.875 7
465.226 165.115 1
452.148 315.728 1
386.343 188.762 1
408.059 282.245 1
379.577 265.565 1
373.954 353.594 1
289.365 200.557 3
321.771 310.296 1
288.48 248.371 1
202.89 82.5105 1
259.159 326.93 1
242.625 297.188 1
198.931 243.297 3
183.195 213.669 5
362.923 143.35 2
309.099 326.575 2
475.721 201.756 1
458.688 188.175 1
380.428 423.207 2
402.442 344.357 2
416.059 267.141 2
356.608 427.688 3
370.045 334.934 1
386.946 254.367 1
379.207 278.192 2
413.531 161.503 1
409.911 168.466 1
357.384 327.161 1
299.504 408 1
343.735 256.237 7
337.422 264.673 1
310.886 258.386 1
311.761 183.661 3
231.109 374.138 3
204.476 381.222 1
179.147 247.648 1
391.666 338.209 4
386.773 136.165 6
237.153 251.694 1
183.336 180.663 3
325.125 269.119 1
231.664 386.742 1
462.66 356.121 2
467.66 286.937 7
473.591 225.702 2
406.759 363.017 3
449.954 184.322 3
476.462 83.2481 1
390.89 343.377 3
407.575 265.449 2
379.63 253.285 6
399.459 168.225 4
326.801 397.716 1
360.804 209.942 2
292.531 415.543 1
318.029 148.202 1
264.277 297.732 1
228.147 379.91 1
222.753 358.133 7
216.432 286.594 1
172.604 371.679 1
192.976 209.452 1
176.409 238.242 3
143.658 142.995 1
412.398 89.2479 1
357.042 189.731 1
320.083 256.107 3
293.842 331.21 3
459.715 292.347 1
451.976 313.194 1
462.462 241.034 6
465.374 156.046 1
376.826 349.115 1
393.129 264.631 4
326.076 305.72 1
334.052 227.53 2
336.338 111.454 2
289.545 244.842 1
295.565 205.348 1
301.849 152.442 1
202.051 314.16 5
203.086 238.376 9
349.625 258.176 1
307.86 312.217 1
266.565 255.992 1
479.775 295.798 1
154.617 187.475 1
417.272 342.68 4
387.808 297.753 4
234.245 363.673 3
270.134 318.628 1
313.272 269.491 1
411.959 164.12 1
283.556 213.29 3
434.756 91.7581 1
162.669 284.219 4
178.136 249.618 1
370.296 105.737 1
403.395 77.1209 1
161.471 163.356 1
113.328 51.2152 1
248.579 354.733 2
216.12 318.217 7
306.633 231.763 1
405.502 125.48 3
149.779 270.648 2
367.823 103.286 1
386.026 87.3095 2
284.746 377.138 5
386.928 275.992 2
324.693 285.363 2
228.865 288.442 1
342.427 186.741 4
466.02 336.771 1
308.603 407.988 1
286.029 345.6 1
226.201 357.836 1
270.184 323.409 1
189.101 367.706 2
198.786 345.631 3
360.169 205.858 2
403.321 164.392 1
462.283 112.169 2
311.804 210.543 2
479.037 80.9647 3
281.892 223.074 1
478.309 73.9118 1
143.259 314.708 2
449.527 86.6497 1
345.834 153.826 8
161.401 288.204 1
316.722 161.087 1
234.673 218.435 4
196.123 239.664 1
325.288 136.175 1
144.95 267.429 1
192.704 203.337 1
144.956 175.644 1
145.515 138.554 1
194.416 63.7896 1
179.435 67.4692 1
145.519 87.3938 1
177.114 377.227 1
485.367 204.594 2
487.866 181.208 2
239.213 327.695 1
174.944 377.545 1
318.671 258.635 2
155.852 345.849 2
464.181 238.698 1
467.757 178.06 2
200.105 312.671 3
296.347 241.78 1
301.294 202.033 3
210.672 267.057 1
132.972 307.943 1
303.348 148.788 1
136.45 217.315 1
174.374 183.634 3
135.552 179.325 1
176.685 361.666 2
384.954 109.455 3
331.639 154.182 2
393.937 157.881 1
441.949 169.884 4
378.462 184.479 1
184.316 188.331 1
322.383 205.862 1
469.42 207.085 1
312.655 226.358 1
260.804 232.963 1
340.384 233.18 2
287.511 235.463 2
354.899 243.608 8
231.643 255.865 3
341.819 271.69 1
153.895 285.243 1
221.122 305.644 2
163.104 307.905 1
456.582 307.279 2
408.906 361.768 1
431.57 390.292 1
280.368 225.58 6
229.268 286.089 1
163.63 288.059 6
482.696 129.89 1
196.97 271.546 4
424.183 365.311 3
212.335 370.986 4
159.527 97.6444 1
437.818 117.272 2
556.095 121.341 1
322.678 187.047 3
187.265 195.79 2
369.531 195.874 3
487.566 204.554 1
340.875 221.075 4
262.171 246.966 1
371.397 250.158 2
206.733 268.773 1
403.392 267.213 1
483.702 270.144 1
157.582 292.109 1
180.578 327.253 1
480.262 325.886 1
356.185 328.861 1
440.849 370.064 1
415.373 376.492 1
322.234 245.552 2
444.021 312.744 3
270.319 264.338 1
181.211 295.165 1
147.079 320.687 1
493.428 218.038 1
405.524 442.76 1
345.834 423.286 3
406.176 100.88 1
230.174 68.3135 2
471.842 196.31 1
151.993 113.434 1
312.462 207.798 3
353.279 274.183 1
239.664 226.73 2
148.327 301.119 1
148.313 342.177 1
441.025 366.418 2
218.749 355.042 3
489.505 139.595 1
489.219 167.565 1
379.939 227.024 2
468.068 341.989 2
173.075 269.654 1
176.24 285.437 2
188.799 308.438 3
209.511 320.478 1
225.647 377.945 1
477.217 148.09 1
404.573 146.698 2
488.927 196.305 3
385.464 180.215 2
461.247 216.722 1
328.568 202.271 2
432.225 257.25 2
470.953 296.176 1
380.481 261.348 4
415.531 281.789 1
285.322 243.685 2
146.341 210.973 1
436.495 355.907 1
192.182 246.331 4
235.298 268.137 1
352.554 326.203 1
258.534 294.062 4
288.562 355.448 4
193.887 340.66 1
145.482 356.401 1
325.492 234.664 3
186.301 213.081 3
388.497 224.062 1
261.43 258.415 2
381.139 321.654 1
209.743 322.923 1
441.88 253.939 2
329.267 243.551 1
366.556 273.781 1
166.974 193.678 1
196.546 256.044 1
408.664 253.529 2
415.931 446.01 1
222.43 330.539 1
403.446 96.442 2
412.309 113.7 5
457.198 199.271 1
458.351 202.018 1
386.797 122.2 2
429.032 186.343 1
333.218 203.948 1
311.365 204.037 2
406.21 360.827 2
175.053 201.637 2
219.721 351.844 2
352.596 262.301 1
205.698 291.756 3
373.949 172.152 2
430.27 265.823 1
410.203 346.589 1
387.837 331.787 7
357.605 299.286 2
471.195 71.4156 3
476.281 109.344 1
475.505 124.681 2
473.73 156.464 1
385.528 131.666 2
452.888 211.375 1
399.442 186.193 1
405.081 197.046 1
417.741 226.79 4
468.156 295.442 1
432.267 254.031 2
463.153 314.227 2
346.457 185.166 3
363.999 244.439 1
370.909 258.964 1
213.513 76.521 1
303.038 201.599 2
377.526 346.931 1
332.227 305.96 1
239.502 232.654 2
237.876 263.188 1
256.626 295.735 3
144.059 169.886 1
291.31 366.643 3
192.583 337.945 1
166.141 327.108 1
139.365 308.824 1
190.638 387.479 1
141.425 349.478 1
235.317 292.407 2
406.68 243.351 1
460.622 163.949 1
417.869 233.308 1
382.42 192.952 3
446.995 319.77 1
394.828 301.867 1
317.174 320.14 1
254.259 327.421 2
442.833 324.744 1
269.72 269.751 1
430.092 271.262 1
387.79 124.184 1
363.414 180.576 1
399.699 349.805 2
384.433 338.25 3
381.67 420.263 1
216.255 69.3939 2
207.552 87.4512 2
190.854 192.883 1
162.7 82.017 6
221.204 349.786 1
166.309 171.425 3
426.273 38.411 1
158.501 312.105 1
474.184 87.0509 3
475.225 102.927 1
472.151 138.869 1
444.52 101.253 1
460.493 309.818 2
461.599 339.207 2
406.658 291.234 1
379.399 257.916 1
346.192 201.833 3
364.635 287.164 1
313.612 154.411 1
331.189 302.852 1
302.224 188.579 1
354.657 413.932 3
298.499 234.636 2
295.703 370.469 3
248.506 215.564 2
216.381 359.466 1
138.268 98.404 1
191.278 383.56 1
253.006 296.372 2
171.651 187.722 5
370.54 227.357 1
363.984 306.971 1
342.029 286.546 4
170.899 219.197 2
166.509 357.197 2
381.125 189.815 1
341.186 251.451 5
358.926 353.211 2
302.503 154.502 1
312.122 310.439 1
278.35 197.997 1
278.579 249.453 1
287.468 380.936 2
196.863 83.5917 3
430.041 456.646 2
376.739 438.444 1
463.105 451.58 2
461.635 443.535 2
466.148 353.158 1
410.928 425.436 1
480.163 81.2451 1
397.021 342.174 2
364.95 410.797 4
377.061 277.499 2
365.501 333.715 1
424.691 25.6188 1
401.121 24.122 1
353.308 174.657 2
352.792 157.852 1
296.981 407.208 1
229.426 373.41 1
240.712 253.464 1
222.496 233.262 2
430.352 33.2647 2
422.662 26.5012 1
369.327 428.765 1
458.597 353.987 2
457.612 335.107 4
466.244 287.686 1
459.288 307.552 2
445.107 185.01 1
363.975 277.804 1
323.08 397.694 1
379.202 134.391 5
371.992 170.78 3
380.401 83.0991 1
330.037 300.783 1
293.661 375.452 2
330.706 180.344 2
306.962 212.026 1
312.76 147.715 2
267.342 322.196 1
258.688 296.306 1
220.244 357.64 1
197.027 382.776 1
204.802 337.224 1
204.872 236.267 3
168.053 371.13 1
139.323 218.045 1
169.651 181.968 1
200.456 375.144 1
168.316 259.112 1
451.349 239.271 1
371.207 256.875 1
355.583 341.962 1
382.957 187.706 1
311.56 300.861 2
276.724 245.069 3
256.424 328.327 1
243.613 300.735 1
348.34 252.226 2
364.635 328.681 2
352.474 231.141 3
412.906 361.434 1
417.36 341.474 1
326.567 384.975 1
341.527 302.334 2
369.413 213.195 1
230.628 363.102 1
207.909 384.178 1
400.682 76.9162 1
384.984 85.4849 1
379.179 91.9576 1
280.77 212.277 1
198.563 212.334 2
187.76 185.104 4
180.103 175.881 1
182.558 71.5159 1
320.173 165.3 1
368.084 328.855 2
286.245 376.892 3
422.132 162.143 1
240.806 376.997 2
322.646 265.261 1
320.896 253.188 2
158.313 188.854 1
194.783 81.9795 2
461.112 335.292 1
422.441 366.799 1
461.237 312.362 1
396.774 350.869 3
471.429 223.67 1
474.05 151.945 1
280.24 334.963 5
473.403 79.6104 1
400.546 163.949 2
357.269 205.621 2
207.566 387.547 1
308.199 208.296 2
355.45 102.595 1
318.906 135.686 1
140.861 136.266 1
139.877 85.2653 1
290.669 328.152 1
328.018 223.223 1
236.523 328.734 1
339.144 152.891 1
447.812 312.539 1
451.362 231.916 1
460.938 176.6 1
319.203 297.841 2
286.945 245.092 1
346.038 240.726 1
409.802 349.808 2
155.903 247.595 3
375.153 408.417 1
334.214 417.876 2
418.566 369.272 1
422.084 349.713 1
284.418 400.649 3
453.01 294.3 1
383.962 222.203 4
364.809 230.172 1
468.987 172.396 2
166.141 313.178 1
335.633 225.408 1
308.167 235.701 1
225.184 273.47 3
296.001 220.289 1
225.892 246.237 1
368.799 174.716 1
351.766 160.909 1
329.351 168.1 1
470.725 55.6771 1
461.431 57.9946 1
151.738 140.048 1
174.561 74.3135 1
321.279 412.885 2
470.375 194.655 1
331.812 200.869 1
323.762 153.568 2
368.149 100.501 1
441.831 59.4354 1
429.16 64.8091 1
214.118 337.02 1
322.573 279.463 3
333.569 220.092 3
363.332 188.491 3
156.703 92.7448 1
464.081 353.21 2
445.767 278.066 1
231.088 377.912 1
360.17 291.822 5
267.566 293.995 1
378.652 235.828 3
356.819 223.326 1
360.416 203.488 1
219.26 270.483 1
143.56 308.292 1
310.275 207.851 1
439.896 122.793 1
145.178 262.605 1
317.03 152.529 3
326.73 124.295 1
364.536 96.2257 1
147.019 157.608 1
441.515 268.949 1
342.522 311.226 4
486.081 212.172 2
232.879 308.747 1
373.253 202.773 4
210.729 262.257 1
132.814 282.395 1
299.243 194.519 1
381.574 167.786 1
364.884 227.669 3
433.547 110.506 1
460.773 109.395 1
393.755 160.368 1
486.512 174.464 1
316.779 189.173 1
470.021 211.186 1
312.534 231.794 2
320.663 231.925 3
260.448 237.356 1
287.3 239.904 1
185.382 256.701 1
231.018 260.793 1
354.303 280.546 2
153.808 288.373 1
206.348 339.024 2
372.344 345.493 3
392.458 347.082 1
416.167 371.121 1
430.783 393.995 1
369.141 126.515 2
261.793 286.974 1
447.656 366.729 2
449.004 276.07 5
148.995 316.319 2
472.319 328.03 3
175.513 357.372 1
190.929 365.396 1
564.336 147.073 1
392.612 177.444 1
158.641 185.723 1
347.955 188.521 2
185.948 198.848 1
320.931 249.32 5
371.797 254.73 2
483.996 272.404 1
356.73 334.513 2
323.149 252.498 5
444.231 319.265 2
336.611 416.378 1
347.228 419.528 2
435.192 105.98 1
387.102 103.254 1
228.692 70.2764 1
480.717 162.195 1
204.913 77.3135 1
187.103 83.8704 1
341.304 139.832 1
366.203 155.591 1
385.705 172.185 1
467.093 207.262 1
318.315 181.739 4
239.215 230.314 1
479.439 308.798 2
353.136 276.822 1
447.335 307.711 2
214.571 264.79 2
432.778 351.362 1
148.056 306.715 1
191.189 331.244 1
429.553 258.529 1
227.463 292.919 2
489.73 158.649 1
449.489 274.651 2
260.062 253.139 6
334.706 277.302 5
195.567 273.128 3
176.042 287.673 1
162.387 346.998 1
173.431 355.888 1
187.795 361.857 3
477.219 150.273 1
355.774 178.501 4
462.168 225.068 1
418.224 228.943 6
324.293 238.039 1
367.405 256.721 2
184.293 207.871 3
235.889 224.499 2
413.184 285.614 3
211.227 237.89 1
191.286 249.661 3
330.311 313.218 2
351.908 332.808 1
455.166 248.662 1
366.371 262.331 1
263.635 258.048 1
328.372 261.197 3
223.504 328.768 1
332.667 413.828 3
167.827 353.305 5
412.475 110.685 1
459.643 207.074 1
376.733 151.84 1
342.685 199.703 3
314.043 205.386 1
468.662 357.316 1
286.341 233.406 1
210.384 253.336 2
148.231 228.615 1
207.335 288.669 1
174.639 186.527 1
383.367 136.087 3
186.258 359.343 1
475.616 111.726 1
450.717 221.045 1
411.178 287.131 1
164.792 180.246 1
171.061 191.351 2
184.361 215.51 3
142.182 217.929 1
262.627 320.172 1
142.05 240.403 1
167.738 332.354 1
436.012 253.041 1
387.473 332.196 1
367.604 147.031 1
429.198 247.464 2
370.15 252.962 1
309.377 205.015 2
402.785 363.169 1
334.458 299.965 1
268.151 236.601 1
209.279 236.126 3
408.081 107.083 3
305.362 200.806 1
162.739 174.869 1
378.271 313.644 5
348.044 286.597 1
470.617 188.53 1
358.137 166.731 3
459.486 341.861 1
341.327 190.074 2
407.144 287.839 1
297.131 202.616 1
369.378 350.973 1
383.68 362.276 1
324.501 309.982 1
229.971 225.433 1
237.189 290.948 1
135.243 354.898 1
320.766 313.394 1
378.232 224.247 2
389.787 304.887 1
283.546 202.108 1
228.188 301.971 1
445.144 456.548 1
438.502 453.724 1
432.739 452.199 1
384.675 332.837 4
166.322 198.367 1
477.451 57.1017 2
412.56 45.7172 1
440.23 183.627 2
333.148 44.5451 1
321.364 152.084 1
322.887 393.832 1
259.055 277.7 1
198.731 234.318 2
296.289 379.426 1
237.027 286.502 1
427.084 257.419 1
373.446 115.196 3
373.797 227.737 1
327.722 264.568 2
465.572 73.3825 1
470.944 103.405 2
470.175 125.888 3
467.45 139.469 3
383.594 130.974 1
457.293 340.031 1
459.261 383.274 1
389.02 183.943 1
350.002 186.684 2
342.323 205.214 1
383.33 359.181 1
322.071 304.983 1
251.75 234.262 1
246.154 296.456 2
189.866 266.471 2
338.178 250.308 2
375.226 224.292 1
326.019 185.663 1
293.374 158.583 1
349.265 357.98 1
490.478 188.346 1
323.379 256.124 2
477.823 87.7813 1
478.068 98.8558 1
474.873 211.046 2
466.509 305.341 1
459.603 443.175 1
460.082 452.034 1
458.227 458.58 1
388.09 143.687 1
387.713 420.343 2
377.271 443.083 1
372.555 277.563 1
264.62 228.387 1
238.42 253.497 2
195.135 379.314 2
95.7444 461.044 1
83.9436 454.814 1
372.905 91.7732 2
421.852 178.273 1
367.261 225.827 1
324.436 258.894 1
295.119 328.546 1
161.891 151.569 1
465.55 141.21 1
463.779 286.509 4
454.291 307.817 2
453.593 337.298 1
454.13 353.816 2
371.693 341.943 2
365.588 92.2443 1
334.779 122.825 1
321.489 300.775 1
299.542 211.113 2
291.525 235.534 1
280.953 350.663 1
248.044 294.991 1
214.419 360.375 1
182.014 381.167 1
374.861 189.468 2
330.76 101.703 1
344.16 189.552 2
276.13 400.035 1
421.394 359.038 2
394.05 340.836 1
373.658 275.742 1
403.699 168.217 1
370.2 95.45 1
360.66 106.341 1
194.766 68.1568 1
454.14 350.228 1
453.142 333.698 1
466.634 78.2443 2
376.798 341.457 2
394.305 260.305 1
375.642 134.816 2
365.148 167.612 1
349.954 206.487 1
297.59 376.789 1
375.197 77.9531 1
252.511 357.719 1
308.31 146.385 1
329.347 274.638 1
307.527 299.032 1
265.186 404.136 1
188.364 270.419 1
161.95 193.019 2
350.535 315.29 1
388.403 248.637 1
289.404 353.18 1
404.667 162.725 4
456.213 55.2096 1
357.973 119.572 1
375.635 90.0024 1
207.84 236.418 1
179.45 69.8937 1
452.016 52.9522 1
185.808 376.188 2
365.998 327 1
233.388 395.279 1
209.658 386.791 2
237.179 330.986 2
452.997 347.687 1
454.295 330.342 1
456.686 310.116 2
392.266 351.209 3
470.19 149.397 1
398.067 162.568 2
274.261 331.256 2
260.341 298.784 1
301.663 204.1 1
312.125 131.342 1
209.634 282.649 1
324.133 267.048 1
275.123 194.775 1
350.819 228.853 2
451.313 292.475 1
431.971 288.8 1
237.098 384.992 1
343.934 305.049 3
287.036 343.654 1
391.705 248.214 1
231.636 360.503 2
270.699 292.627 1
403.488 123.589 1
423.97 101.039 1
391.019 125.668 3
321.136 156.44 1
357.841 115.669 1
165.589 191.86 1
170.741 72.0796 1
241.572 347.938 1
356.489 226.956 1
182.814 377.471 1
321.058 261.393 1
335.021 216.973 1
434.152 115.428 1
455.126 344.391 2
417.538 355.762 1
471.994 176.88 1
230.885 337.86 2
375.636 232.874 1
473.176 149.098 1
436.459 144.169 1
370.077 161.368 1
308.299 148.541 1
167.982 233.544 1
493.6 221.57 1
349.523 223.917 2
374.561 406.125 1
419.388 372.101 3
451.235 289.65 1
434.812 286.554 1
362.85 295.804 4
326.711 285.081 1
164.567 310.578 1
178.136 304.284 1
198.434 292.254 1
352.454 225.196 1
364.472 206.625 3
225.83 248.703 1
178.615 256.246 1
149.717 263.4 3
183.439 240.786 1
149.373 243.444 1
313.063 174.734 1
326.482 160.031 1
337.353 126.967 1
152.286 86.254 1
287.401 377.356 1
360.203 292.143 1
358.385 107.909 2
484.849 208.628 2
247.592 326.32 1
473.035 239.84 1
143.48 295.533 2
476.147 177.377 2
144.556 257.718 1
174.734 232.481 1
345.928 149.591 2
316.574 145.222 1
146.628 147.953 1
318.57 244.58 1
391.126 135.853 1
348.065 158.18 1
387.027 306.922 2
165.981 354.452 1
208.59 370.965 1
487.274 108.058 1
376.728 116.196 1
369.12 124.204 1
393.298 165.377 1
184.497 191.573 2
470.843 216.346 1
313.065 237.953 2
260.135 243.718 1
203.089 272.117 1
480.854 271.865 1
477.271 323.963 1
430.592 355.784 1
416.386 374.667 1
385.348 117.356 1
320.037 242.527 1
262.434 260.879 1
543.575 264.225 1
386.96 318.075 1
371.023 265.035 1
487.329 160.499 1
471.755 335.184 1
210.264 296.518 2
165.704 351.821 1
226.742 373.476 3
342.467 137.623 1
334.114 148.351 1
467.446 212.396 1
259.619 241.726 1
189.376 244.914 2
441.621 304.404 1
329.545 304.515 2
226.761 366.16 1
357.036 174.537 4
441.387 307.403 1
476.638 188.499 1
275.107 272.854 1
175.461 267.212 1
383.883 318.106 1
176.523 292.24 1
327.044 246.734 1
365.126 267.662 1
455.507 254.481 1
489.625 97.3711 1
316.79 403.449 1
310.019 402.966 1
171.896 352.839 4
202.598 365.135 1
479.355 140.486 3
461.548 211.598 1
326.617 199.908 2
469.544 331.984 1
148.951 234.75 1
208.091 286.264 1
183.678 294.465 1
358.838 168.666 2
468.497 334.902 1
183.983 210.003 1
389.155 221.106 2
363.357 265.483 1
170.314 193.845 5
199.733 252.989 1
140.189 236.89 1
141.944 251.503 1
439.192 252.46 2
358.373 296.331 2
201.564 367.708 3
470.487 292.532 1
278.744 241.265 1
213.225 250.662 1
145.968 231.803 1
398.033 203.169 2
385.44 220.705 2
467.911 161.657 1
392.871 210.021 3
416.092 227.874 1
435.95 244.047 1
360.903 267.969 4
400.181 298.683 1
370.105 279.497 2
230.79 227.916 1
134.861 248.435 1
184.278 260.668 2
492.036 181.595 1
392.11 329.387 2
449.655 103.973 1
473.826 249.152 2
365.673 148.419 1
338.852 187.927 2
336.633 203.282 1
222.265 73.3756 1
306.885 199.29 1
176.518 188.245 2
192.678 334.08 1
377.138 164.276 2
402.958 198.248 1
143.347 244.068 1
487.874 292.156 1
463.407 160.61 1
397.106 296.397 1
319.195 314.777 1
270.358 260.697 1
473.915 69.4781 1
474.711 84.4282 1
476.162 94.8593 1
472.337 253.179 1
379.352 161.292 1
351.28 239.366 1
260.32 61.26 1
144.194 238.507 1
386.124 193.765 1
311.901 153.005 1
373.422 364.597 1
314.275 310.264 1
284.307 379.475 1
182.178 216.934 1
442.562 322.293 1
362.173 274.677 2
372.551 431.718 3
163.64 340.792 2
472.595 57.4307 1
475.957 98.2178 1
474.213 136.099 1
462.792 317.721 3
385.988 144.37 1
378.845 338.597 2
359.474 336.739 2
168.604 169.998 1
371.587 225.436 2
381.382 184.208 2
344.876 245.926 4
359.493 346.673 1
281.751 192.855 1
381.578 297.943 1
433.011 270.913 2
382.445 107.308 1
475.04 59.3682 1
460.74 350.739 4
396.903 258.713 2
382.958 113.756 1
352.786 125.166 1
349.367 114.698 1
346.221 135.241 1
338.268 223.007 1
191.329 378.669 1
255.473 293.127 2
362.393 303.801 1
203.28 374.795 1
178.142 268.697 1
170.753 215.744 3
169.977 255.78 2
166.149 349.705 2
168.532 359.133 1
386.026 184.197 1
375.975 258.891 1
357.363 92.9871 1
358.009 340.964 1
323.43 124.669 1
288.73 209.961 1
347.939 256.709 2
350.642 341.722 1
400.035 422.294 1
350.739 425.808 1
369.06 275.432 1
292.037 405.437 1
309.77 201.48 1
297.248 383.437 1
244.866 392.948 2
204.416 376.832 1
164.389 323.042 1
454.293 239.282 1
311.86 294.702 1
284.946 207.835 1
212.622 357.608 1
201.595 234.706 2
386.714 249.746 1
159.605 268.527 1
471.304 234.216 1
472.523 207.834 1
348.078 315.398 1
223.565 360.508 1
174.788 177.646 1
485.505 355.837 1
324.159 249.976 1
175.952 256.032 1
447.111 329.282 1
443.287 341.99 1
459.191 284.826 1
450.41 306.649 1
456.854 238.469 2
364.16 335.956 1
377.774 190.112 1
322.12 297.437 1
288.866 204.309 1
187.589 327.85 1
172.076 180.502 1
430.755 285.296 2
417.11 87.0907 1
159.976 270.979 2
404.003 353.84 1
344.868 309.157 2
234.634 385.776 1
225.967 360.545 1
379.35 158.429 1
251.543 262.394 1
171.898 246.109 1
378.673 251.004 1
144.137 225.932 1
481.59 359.44 1
446.398 341.106 1
448.941 326.548 1
462.396 284.996 1
453.876 231.542 1
467.273 148.886 1
245.289 350.25 1
306.144 125.733 2
386.573 243.058 1
400.64 119.119 2
336.242 169.289 2
389.321 122.384 1
381.276 237.909 2
220.618 346.302 1
268.348 303.192 1
236.656 326.209 1
183.654 304.019 1
457.356 232.514 1
211.29 264.361 1
138.99 210.159 1
452.637 228.318 1
449.523 284.616 1
432.592 277.789 2
270.544 290.604 2
381.546 218.543 1
362.389 226.47 1
447.4 280.562 1
440.896 124.918 2
487.524 214.522 1
187.78 266.205 1
194.786 305.85 1
374.927 205.997 1
303.415 198.328 1
365.203 193.212 2
397.953 332.706 1
375.717 328.094 1
449.776 282.559 1
344.923 292.819 1
408.724 250.318 1
225.102 270.143 1
351.941 222.833 1
427.91 171.25 2
379.918 165.025 4
326.711 149.235 1
338.248 122.582 2
151.92 156.298 1
431.785 274.454 4
379.754 206.531 4
467.801 117.849 1
263.751 302.65 1
158.297 273.286 1
395.64 170.424 1
443.402 262.894 1
220.834 256.455 2
143.562 272.952 1
390.492 138.125 1
355.289 292.376 1
475.439 299.329 2
149.748 313.438 1
194.514 364.809 1
345.304 143.887 1
333.6 167.016 2
387.169 177.634 1
336.574 232.25 1
190.933 254.396 1
390.691 252.674 1
480.824 277.089 1
463.532 312.248 1
153.686 319.551 1
357.143 331.108 1
476.49 337.476 1
391.339 140.339 1
258.638 249.803 1
173.586 348.694 1
188.826 356.73 2
549.338 256.236 2
183.394 198.393 1
478.764 311.11 1
364.028 262.786 1
198.602 258.174 2
264.624 253.033 1
271.952 259.48 1
357.034 172.719 1
462.962 219.277 1
471.623 298.389 1
146.894 219.645 2
147.3 245.391 1
209.865 279.971 1
364.446 259.839 1
182.804 202.77 1
375.872 271.436 2
470.424 303.431 1
177.496 253.343 1
166.945 347.005 1
477.696 128.268 1
476.814 145.931 2
324.463 203.772 2
467.953 299.004 1
435.003 306.933 1
147.223 238.976 1
446.318 237.72 1
466.167 302.858 1
307.887 225.254 1
396.416 325.158 2
186.911 355.863 2
405.637 129.424 1
450.803 217.23 1
366.918 253.795 1
144.399 235.333 1
408.211 238.095 1
358.087 270.714 2
162.792 207.916 1
178.451 352.348 1
476.641 106.803 1
446.247 215.985 1
328.529 210.987 1
142.762 246.354 1
432.52 226.959 2
348.847 284.514 1
366.404 304.047 6
164.83 344.8 1
415.534 112.026 1
473.976 199.028 2
461.091 298.606 2
396.164 264.246 2
409.02 284.61 2
274.254 241.753 2
232.819 224.141 1
141.186 244.617 1
447.694 293.298 1
403.79 237.536 1
379.492 220.871 1
392.539 299.628 1
319.062 206.433 1
285.356 198.952 1
470.987 85.2774 1
472.919 96.4442 1
409.181 76.8483 1
341.652 202.344 1
324.841 303.748 1
337.924 246.656 2
369.16 142.773 1
387.78 209.31 2
356.211 421.506 1
469.311 136.654 1
324.369 301.565 1
360.898 103.534 1
269.115 391.739 1
371.823 185.596 2
330.363 118.719 1
343.341 249.562 2
351.59 351.786 1
315.174 409.26 1
467.093 58.9427 1
468.2 88.4423 2
472.161 124.234 1
381.198 145.007 1
373.676 337.998 3
453.138 235.287 1
389.235 180.314 1
265.636 394.14 1
340.742 102.369 1
346.063 345.861 2
297.745 146.403 1
459.395 304.402 3
380.514 27.277 1
384.855 422.464 1
304.908 212.156 1
441.613 351.432 1
373.272 28.2371 1
343.542 93.3513 1
271.685 207.845 1
269.873 350.233 1
451.86 440.674 1
469.486 141.957 1
367.188 439.821 1
302.351 384.505 1
405.498 68.1513 1
334.077 331.758 2
372.063 436.692 1
467.116 222.854 2
462.317 230.356 2
404.478 423.465 1
419.438 142.474 1
355.511 207.482 1
300.057 375.624 1
223.754 371.286 2
347.579 294.985 1
305.969 291.224 1
419.657 347.385 1
396.495 191.258 1
367.423 164.075 1
245.157 365.147 1
275.87 199.291 1
214.162 387.021 1
280.918 242.84 1
273.85 212.265 1
326.343 287.3 1
429.073 166.088 1
162.678 273.369 1
199.684 85.9861 1
458.554 348.633 1
461.075 332.317 1
404.095 351.384 1
374.12 152.808 1
146.919 223.49 1
434.256 368.225 1
323.693 283.182 1
180.703 307.93 1
408.094 354.462 1
221.777 327.005 1
444.359 274.255 1
434.208 176.486 1
197.681 284.734 1
490.883 222.728 1
372.886 318.395 2
175.026 295.639 1
250.212 250.66 1
148.627 254.651 1
178.498 232.037 1
349.026 152.178 2
226.027 303.488 1
470.083 326.746 1
286.137 313.003 1
332.81 274.459 1
148.326 291.199 1
363.027 224.08 1
150.917 149.292 1
331.76 270.742 1
367.931 202.306 1
