3467 15152
426.243 7.34162 1
268.283 9.43603 1
150.393 10.2886 1
23.0166 14.8326 5
7.40044 15.0858 1
421.69 15.714 5
35.9954 16.1402 7
421.737 20.9159 14
403.909 22.1527 10
499.828 21.6558 1
386.872 23.1176 10
257.03 31.1834 9
155.204 33.6471 8
146.386 38.0143 20
144.156 40.3188 1
276.456 59.758 2
33.259 61.7081 5
278.317 64.5181 4
279.179 68.0266 5
279.518 76.8757 6
281.728 80.1253 22
276.877 85.1075 4
211.821 86.2598 14
224.234 85.5883 19
232.372 85.6908 22
169.412 86.5388 9
203.918 86.8427 33
154.919 88.9686 9
164.455 88.3987 17
268.582 93.2182 12
247.839 91.0703 13
270.171 96.6093 11
161.055 94.9452 79
209.555 95.5231 36
246.69 101.154 5
184.491 104.89 17
157.761 108.008 7
247.277 106.028 13
172.323 107.517 23
198.108 109.236 12
224.694 112.428 22
267.74 112.957 11
200.323 113.772 18
374.043 117.65 12
199.725 119.087 2
185.026 119.9 8
192.802 120.445 10
263.693 119.685 14
403.7 120.908 1
250.7 122.175 9
164.945 123.52 1
182.904 124.757 1
297.62 124.36 13
402.944 125.639 1
401.779 132.104 9
401.04 135.142 2
212.771 140.427 4
361.854 137.582 21
294.159 139.25 30
33.5335 152.837 8
112.533 151.127 28
124.982 153.279 11
106.122 153.909 2
136.6 154.699 31
127.875 155.607 10
42.4093 157.169 14
33.3412 156.659 18
140.284 164.075 21
195.199 163.469 3
138.405 166.468 24
280.641 165.43 33
138.314 167.553 1
217.231 167.229 1
393.306 172.59 27
273.825 177.327 33
392.811 176.033 9
119.245 179.052 29
116.335 183.65 8
146.541 181.704 11
113.678 186.26 7
260.951 188.801 24
256.061 192.546 12
382.784 194.126 13
131.59 195.815 1
389.899 195.941 9
98.1983 201.988 3
265.784 201.29 26
94.6848 204.461 7
169.543 206.199 6
91.3713 207.031 8
275.333 206.88 5
387.69 208.054 2
279.89 210.08 2
286.512 213.521 4
152.117 213.644 11
133.056 214.488 19
135.362 222.578 17
305.972 220.882 6
148.889 221.368 2
487.322 222.256 9
384.592 222.372 6
142.522 223.501 14
133.418 224.781 4
153.766 223.064 21
185.016 226.49 7
43.512 226.995 20
33.9742 227.701 6
41.026 228.925 8
137.336 229.949 1
151.32 230.081 4
332.668 232.741 2
138.047 233.826 2
32.1949 233.897 22
39.9389 241.177 8
140.751 242.784 11
53.587 243.035 23
254.957 245.189 24
58.2709 244.542 18
175.622 245.702 7
62.2712 248.894 17
169.965 249.197 6
142.007 249.192 12
9.89922 253.224 1
165.444 252.858 4
193.09 252.515 20
339.741 253.304 2
218.454 253.785 12
254.931 254.619 18
351.383 255.636 6
146.255 256.629 11
158.645 256.454 14
178.955 255.708 5
185.76 257.276 25
354.457 258.886 2
175.747 258.321 6
196.091 258.508 7
254.175 260.093 28
148.53 263.425 12
180.312 260.99 17
340.948 259.915 10
67.2845 262.021 21
169.422 262.807 8
221.676 262.864 5
215.948 263.369 11
175.696 264.594 17
162.912 264.665 8
364.901 265.271 20
170.439 268.377 19
63.9135 271.027 1
73.606 270.298 11
231.54 271.424 19
252.873 273.919 2
372.407 272.185 5
162.287 273.408 50
154.027 275.441 8
186.555 275.235 21
343.257 275.816 19
182.161 277.208 12
174.179 278.298 1
207.668 278.822 1
184.943 284.527 26
175.427 283.851 19
248.784 284.052 8
80.844 286.258 14
343.224 286.47 24
238.169 286.417 16
188.836 286.574 6
70.8391 286.175 10
177.034 289.74 10
372.371 288.925 16
186.226 288.705 2
46.4272 290.362 10
179.718 290.258 7
351.99 289.075 12
83.0448 293.711 12
349.1 295.458 2
180.87 295.871 14
196.798 297.66 10
81.0989 300.661 5
372.434 301.72 1
84.8879 301.836 15
241.802 302.028 6
198.547 303.432 10
349.594 304.414 1
208.95 304.382 5
74.1609 307.715 4
315.04 308.528 4
343.455 307.465 3
318.208 311.277 1
188.858 312.439 1
221.115 312.555 1
342.355 312.58 2
382.439 312.589 1
203.43 313.059 1
352.139 313.454 1
196.686 313.484 1
216.775 315.488 1
190.333 316.364 2
359.497 316.393 1
212.197 318.111 1
341.909 318.648 1
192.822 320.605 1
215.946 320.286 1
471.291 4.38785 1
451.639 5.09824 1
456.854 5.31561 2
436.658 5.71209 2
354.651 7.68206 1
396.039 7.77852 1
401.254 7.40117 1
261.517 9.34331 1
320.682 9.65116 1
436.213 9.91906 1
278.062 10.9641 1
295.372 10.871 1
152.064 14.3047 5
246.756 12.7712 1
266.199 13.1434 5
257.772 13.3766 1
168.926 15.0829 2
176.273 14.551 2
125.214 15.9582 4
133.039 16.1519 4
156.3 16.1431 10
79.6299 16.7084 6
48.0299 17.5583 1
53.4338 17.5503 5
261.015 17.4031 1
366.64 17.5592 1
3.01054 18.2514 1
31.4427 18.4282 6
40.3472 18.4632 6
438.522 20.823 17
503.614 20.4899 3
184.419 21.8158 3
468.475 22.5323 2
425.818 25.9417 3
260.993 25.5365 1
403.605 26.9935 17
243.995 26.6766 1
387.08 27.8466 7
265.121 26.9945 2
384.329 27.3796 5
457.452 29.073 7
261.935 29.4579 6
375.892 28.9886 7
168.668 28.6605 1
163.419 31.3181 1
264.822 32.5676 1
369.285 32.2604 5
450.76 33.3558 6
159.047 35.0406 4
257.006 37.0849 4
373.812 36.2408 1
266.183 38.885 25
431.567 37.7184 6
449.374 40.4576 8
426.854 45.5121 22
257.339 46.1903 8
140.946 47.8729 4
369.234 54.5594 8
437.717 56.2338 2
430.171 56.813 1
128.604 60.4119 4
463.513 61.8807 2
438.215 64.5032 1
132.669 66.1272 16
480.181 67.3015 4
39.9527 72.069 1
507.835 72.5418 1
475.825 73.3654 1
139.497 75.4408 5
124.071 76.7798 25
285.655 76.1156 36
448.906 75.8134 6
441.158 79.108 3
475.846 79.1402 1
430.019 86.6127 9
461.414 84.0862 2
284.732 85.7772 20
475.796 85.3388 1
137.129 87.6366 15
220.817 89.1155 5
237.2 90.1897 15
258.564 88.5506 3
277.828 90.2495 63
450.369 88.4719 5
461.211 88.2066 1
118.374 89.2198 3
207.891 91.6263 10
225.036 91.5243 23
163.597 92.8594 7
128.462 92.692 16
237.954 94.1758 2
428.971 94.1292 2
505.556 94.4568 1
167.529 96.7897 11
187.597 97.2895 13
278.234 97.7942 9
121.403 97.6065 1
474.907 97.0547 11
126.616 97.7389 25
197.612 97.2248 5
155.298 101.659 21
124.537 104.374 37
244.462 100.725 35
160.519 103.457 14
469.576 103.594 2
245.294 105.287 13
231.897 105.765 7
258.632 105.836 12
288.337 105.344 1
463.816 107.064 9
137.165 108.007 2
196.4 107.787 2
161.8 109.233 7
203.204 110.779 6
240.847 110.85 31
168.03 112.752 33
281.594 109.361 18
404.112 111.822 18
492.748 110.799 8
233.994 111.932 18
499.656 112.347 4
176.487 113.426 7
387.916 112.823 18
276.409 115.357 19
285.21 113.822 3
366.036 114.233 9
163.733 114.102 10
172.092 116.317 3
270.662 117.173 5
386.176 121.885 23
409.433 117.42 6
165.22 118.84 5
239.949 119.219 11
280.393 118.491 2
284.741 119.338 2
268.803 120.315 6
395.378 119.433 8
117.925 121.965 68
168.729 122.707 1
227.184 122.591 3
302.695 123.656 7
489.783 124.289 7
215.634 123.391 7
391.733 125.135 6
407.025 124.274 8
136.149 124.4 5
285.141 125.01 2
124.293 127.356 24
130.357 126.338 23
388.364 129.939 9
241.509 129.697 7
505.58 129.021 2
112.233 129.581 1
301.648 129.596 1
131.724 132.971 47
284.252 131.919 2
502.307 133.225 1
228.691 134.56 4
492.572 135.372 13
114.774 136.249 15
405.235 138.922 11
132.768 139.821 14
396.014 140.242 5
137.469 138.732 23
297.51 142.178 2
200.42 143.57 26
287.704 142.911 2
366.351 143.606 13
191.323 143.805 22
196.801 144.251 3
228.563 146.234 47
403.559 143.82 7
493.999 144.521 2
141.819 146.218 7
236.39 146.563 1
211.287 152.844 30
361.457 149.222 21
122.571 147.588 8
191.443 149.056 3
285.814 148.516 2
403.864 149.452 18
306.537 151.579 6
275.77 152.152 3
231.439 153.099 6
222.35 154.871 13
293.256 155.992 24
136.714 157.301 1
401.857 158.736 13
37.8501 160.227 25
494.782 161.787 6
224.45 161.17 2
440.871 161.19 3
448.884 161.853 5
206.666 163.615 16
258.89 164.744 4
32.9249 165.358 13
41.7142 165.647 11
287.937 163.553 5
149.808 163.175 4
182.887 164.987 5
145.432 166.943 8
197.078 164.753 32
445.151 166.09 17
2.72082 165.389 1
381.005 167.415 35
202.824 167.131 4
365.076 168.513 6
375.946 167.901 1
193.335 168.564 19
448.937 168.862 1
141.571 171.362 24
183.13 170.268 16
282.755 171.208 34
385.582 170.278 1
226.289 172.776 1
122.888 172.723 5
256.343 174.644 2
448.706 176.782 13
279.969 177.78 11
441.694 182.947 2
151.214 183.649 3
221.575 182.786 5
145.886 186.517 2
138.254 187.895 25
506.775 187.191 1
502.504 187.944 1
146.972 190.497 20
264.069 192.558 34
154.291 196.573 6
395.368 196.005 12
143.968 195.406 8
109.363 196.353 4
258.283 196.587 21
155.312 197.793 7
378.857 202.106 18
141.87 199.359 23
150.005 199.001 16
228.22 199.735 2
257.772 203.089 3
392.685 200.969 2
135.685 202.472 50
146.319 202.643 13
224.582 202.717 5
441.378 203.936 7
159.312 205 6
449.86 202.302 6
151.834 203.47 29
121.153 204.96 5
265.105 206.097 10
125.848 206.196 12
240.672 206.928 5
136.765 207.096 16
392.994 207.752 6
271.372 209.024 1
501.053 208.92 2
210.748 210.344 5
366.944 210.238 2
449.119 211.728 1
138.338 211.653 19
116.077 213.386 5
391.642 214.08 7
257.471 214.414 1
139.487 216.695 34
254.219 218.045 11
171.213 218.204 13
107.098 218.578 1
145.005 218.607 4
156.463 219.207 14
258.281 220.002 1
453.146 220.482 4
164.104 222.797 27
179.592 221.782 14
258.911 223.889 2
139.172 224.897 2
148.402 225.75 7
160.019 226.447 23
179.026 225.969 17
308.856 226.029 1
83.7309 227.045 4
244.249 227.938 5
453.53 228.444 2
87.8086 229.436 6
145.736 229.245 6
155.536 229.939 7
249.901 231.347 16
173.387 230.832 22
183.38 229.895 14
44.1106 231.598 7
82.4962 231.052 1
141.8 231.503 11
441.585 232.68 6
449.359 233.897 12
259.867 233.815 1
76.677 233.59 1
244.666 233.49 2
38.2285 234.283 10
386.304 233.517 3
177.11 234.745 22
182.491 235.017 5
148.411 235.778 15
241.982 236.638 6
145.021 238.713 46
453.294 239.667 3
170.391 238.711 16
175.232 239.994 3
187.573 241.113 13
193.051 241.575 6
233.014 243.013 13
146.728 245.151 47
169.982 244.076 8
34.8294 244.342 1
440.751 244.35 4
38.9637 245.408 13
385.296 245.146 16
48.0125 247.051 12
180.033 245.674 1
229.252 245.661 7
244.183 245.73 9
53.192 247.512 11
164.485 247.229 5
259.571 247.744 2
146.932 247.935 9
56.8752 250.507 12
199.467 249.034 26
45.5933 250.131 2
155.396 250.099 16
174.826 250.239 4
15.4605 250.701 1
21.1206 250.607 4
180.304 250.659 14
382.34 250.482 1
160.196 250.847 4
347.944 252.392 16
66.4528 252.325 7
149.163 252.75 28
228.781 252.675 1
368.292 252.737 1
61.4603 254.13 27
154.927 254.689 4
173.903 254.188 3
207.383 254.836 22
343.547 254.552 17
216.802 257.331 19
258.889 256.638 3
243.102 257.752 4
169.32 257.899 4
210.803 258.872 30
151.821 258.249 8
223.448 259.963 6
158.158 260.073 15
201.744 260.985 34
216.89 260.107 2
39.0575 262.724 9
164.215 261.184 3
186.748 262.97 15
452.977 261.389 3
210.875 262.236 2
344.617 262.498 6
44.5734 264.077 10
74.0918 263.884 25
197.822 264.094 13
258.12 263.201 2
236.722 265.474 51
20.0494 264.884 1
154.58 264.182 15
228.538 265.577 7
378.107 264.819 13
181.1 266.668 20
220.6 267.888 14
55.3629 267.883 14
168.858 266.598 2
214.016 267.965 13
226.668 267.307 5
17.1858 268.477 4
193.931 268.31 15
200.888 268.137 20
51.3887 268.209 3
211.21 268.651 32
237.367 267.969 8
37.9455 268.991 12
72.0204 268.738 6
178.028 269.869 6
43.544 270.182 7
67.5696 270.232 2
452.91 270.419 4
56.3637 269.621 6
219.023 271.119 10
235.598 271.045 3
345.636 270.783 6
10.3512 271.026 1
157.331 270.766 16
191.579 272.198 3
213.318 273.045 4
48.3905 272.91 9
177.985 273.805 4
210.05 273.388 6
24.9749 274.278 5
182.77 273.987 8
203.893 274.234 11
69.5552 274.457 1
54.5262 277.128 14
66.2301 275.828 4
236.191 275.864 14
448.267 275.833 1
250.036 279.447 19
178.408 279.956 17
202.85 279.822 15
238.805 279.142 7
254.712 280.321 5
63.1173 280.498 19
194.882 280.702 11
346.762 280.549 27
82.5338 281.502 8
188.283 281.778 8
433.381 280.243 8
207.376 282.251 10
221.866 282.678 3
229.246 282.945 12
241.472 283.375 9
198.146 284.439 19
212.921 284.425 13
4.86051 284.864 1
182.254 285.725 17
192.78 285.994 14
351.236 285.815 15
499.233 285.334 3
53.7475 286.611 8
217.967 285.867 1
21.3822 287.01 7
46.0397 285.362 3
457.287 286.321 7
16.0955 287.549 1
377.662 288.823 13
196.376 289.194 13
206.225 287.551 11
227.05 290.118 23
46.6425 290.041 4
240.002 290.705 6
347.71 290.635 9
202.405 291.139 5
215.847 291.095 15
253.567 291.094 3
356.729 291.341 1
11.8918 291.743 1
71.1274 291.871 1
185.487 292.151 32
452.583 291.717 2
37.2492 292.765 8
222.299 292.545 1
50.4395 293.064 14
198.243 293.869 3
209.561 294.125 7
352.938 295.399 16
42.0103 295.716 6
86.7421 295.38 7
447.916 295.824 2
239.033 296.724 3
204.814 296.46 1
11.6773 297.579 1
54.6676 298.91 4
246.547 298.957 18
349.328 300.044 14
60.3741 301.51 4
201.04 299.848 9
188.678 300.408 14
88.5258 300.994 1
221.189 300.148 4
50.5301 301.322 10
234.178 301.535 14
377.331 301.224 7
66.6923 302.692 6
11.7288 303.158 2
36.9924 303.877 1
248.505 303.507 1
20.4148 304.253 2
58.6855 304.149 9
88.2305 303.998 2
452.33 304.008 1
254.4 304.937 1
279.025 304.541 9
15.225 305.427 1
83.1763 305.668 2
221.196 305.207 8
237.574 305.272 1
487.786 305.508 4
501.663 305.87 3
212.428 305.738 2
245.437 306.493 5
358.43 306.109 4
29.0755 307.014 2
34.2917 307.141 4
197.46 307.12 7
295.284 307.484 5
351.691 307.906 3
379.419 306.88 9
23.2994 307.604 2
40.3443 307.483 2
57.925 307.904 2
69.1402 308.281 6
215.967 307.979 1
322.66 308.057 15
449.105 307.974 3
191.404 308.212 7
506.61 308.272 1
63.9944 308.607 7
384.845 309.339 5
90.3923 309.574 1
372.578 309.671 2
229.887 310.018 2
211.624 310.478 1
269.341 310.837 7
295.82 311.016 2
311.334 310.972 3
346.807 311.027 4
75.6297 312.205 1
323.887 312.467 1
355.782 312.567 1
224.703 313.337 1
37.52 313.568 1
62.8474 313.397 1
377.821 313.915 1
207.022 314.304 1
228.556 314.861 1
233.776 314.728 1
243.993 314.941 1
386.776 315.293 3
452.344 314.957 1
344.948 315.614 1
363.216 315.221 2
367.627 315.585 1
200.324 315.862 3
279.592 315.494 1
290.513 316.207 1
23.0942 316.506 1
28.9201 316.374 2
50.5637 316.475 1
66.5312 316.939 2
194.427 316.5 1
249.64 316.766 1
34.5389 317.028 1
78.9583 317.483 1
274.021 317.521 1
300.12 317.033 1
354.222 317.023 1
73.8678 317.757 1
205.236 318.717 2
90.5051 318.952 1
227.188 319.439 1
245.244 319.281 1
20.1145 320.035 1
31.9972 320.275 2
69.9852 320.2 1
83.981 319.875 1
482.039 319.901 1
342.535 8.16062 1
350.575 7.68554 1
359.676 8.15412 1
331.077 9.13401 1
367.628 10.7415 1
496.049 10.9708 2
426.815 12.1925 1
211.705 14.486 3
196.045 14.9589 3
468.146 14.8465 1
446.898 20.8656 6
472.708 22.3946 10
369.648 24.6985 25
415.994 26.7755 12
252.303 32.7474 3
482.967 34.612 10
442.803 40.1308 14
477.251 41.6908 10
272.586 46.4811 14
441.675 49.6236 25
448.619 66.821 3
127.123 85.6809 64
272.196 89.2043 13
156.32 93.0904 6
498.186 95.0308 7
452.968 100.984 16
217.331 100.48 24
460.772 100.066 2
124.314 104 13
227.547 104.93 17
411.276 107.192 13
185.549 108.73 21
505.503 117.005 2
368.338 121.778 32
375.259 122.875 35
280.517 129.68 18
366.058 132.173 5
300.349 136.266 1
498.012 135.934 7
458.841 137.927 12
245.876 139.794 22
210.217 143.732 38
380.675 146.99 3
221.992 150.17 27
367.769 154.858 42
472.952 173.566 23
377.33 178.927 26
228.663 180.536 3
482.851 188.349 1
367.674 193.763 41
374.878 192.334 32
483.867 195.302 21
368.513 199.672 18
199.721 208.72 8
379.59 208.513 6
490.374 216.245 20
96.0885 220.855 21
370.196 234.707 33
465.496 236.349 3
338.431 239.287 21
500.123 243.279 3
502.3 248.898 2
353.361 252.217 6
494.323 259.269 1
371.613 266.345 17
448.899 265.336 8
367.639 276.805 8
46.7116 277.357 12
53.1638 279.75 4
35.5893 282.365 11
449.145 287.609 14
422.736 287.977 9
255.612 297.403 4
477.384 312.681 2
388.34 319.599 1
490.648 11.7754 1
100.406 12.7307 7
132.722 12.5705 1
15.8366 15.1123 1
30.8288 14.808 5
170.929 24.2 2
503.487 28.779 1
255.546 28.7159 5
157.445 31.4597 6
436.818 41.6734 11
266.174 46.1864 8
135.582 47.1101 5
502.973 71.4406 1
505.926 83.0865 1
220.172 84.7586 4
242.459 84.3946 8
446.391 86.3046 9
162.409 88.9479 2
506.885 88.6496 1
482.268 88.8161 18
471.901 89.4831 16
186.781 105.079 2
399.695 107.495 10
376.519 106.864 12
283.629 110.195 2
297.148 114.217 21
124.6 117.032 19
244.55 121.128 5
385.564 122.725 24
502.065 127.277 5
222.255 138.732 33
138.648 140.94 1
362.745 150.77 1
288.766 153.284 6
5.57294 158.218 1
209.614 154.524 14
200.597 160.201 9
233.126 162.477 6
462.747 162.825 11
445.75 168.658 5
370.41 175.786 22
467.685 176.384 15
274.279 179.13 5
473.613 184.277 12
362.583 198.285 2
100.662 199.368 5
115.754 207.64 25
131.371 210.994 4
385.962 216.768 8
484.598 215.724 10
314.695 224.003 13
487.643 226.581 4
244.533 230.593 5
240.769 233.469 11
335.742 243.226 3
379.763 244.66 4
496.129 249.53 2
349.522 254.04 1
376.806 256.106 12
146.708 258.925 3
355.821 261.982 1
506.124 265.555 1
342.249 266.469 22
152.81 270.178 6
462.913 274.356 11
233.708 280.243 14
251.081 281.231 2
77.1173 282.197 9
494.695 283.317 8
176.416 285.818 1
372.932 291.618 4
343.826 294.674 12
86.9698 314.047 1
440.918 7.31267 1
420.549 8.4385 2
472.137 8.15726 1
344.237 9.78613 1
399.058 9.41089 1
370.06 10.8544 1
322.61 11.5638 1
296.842 13.0805 1
253.914 14.8876 1
269.094 15.4424 1
428.362 14.9284 1
472.066 11.6508 1
177.945 16.9629 1
134.274 18.1103 1
145.049 18.8798 1
157.963 18.3638 1
6.278 20.5275 1
27.1232 20.3785 1
42.8295 18.2764 5
439.61 20.9581 1
471.61 24.7172 1
237.643 24.1917 6
404.445 28.4314 1
417.014 28.4988 1
170.176 30.5877 4
379.043 30.4385 1
454.067 36.5761 3
484.016 36.5741 2
267.547 37.6631 3
370.202 45.4581 2
275.172 46.8421 2
142.398 48.498 4
284.665 65.8024 10
507.455 63.9183 1
466.229 65.084 2
439.68 66.4338 1
287.045 75.5183 2
124.758 76.6396 2
440.5 80.7115 2
286.498 86.8487 5
431.506 86.0699 1
138.844 88.3292 12
418.55 88.899 8
192.587 90.6732 23
209.64 93.5899 5
227.853 94.1558 7
132.046 93.9305 7
159.205 94.8569 1
476.598 97.1421 5
486.612 97.0564 5
506.108 96.6744 1
200.264 99.8929 10
245.845 99.8598 2
443.02 100.157 1
218.223 102.807 7
154.957 103.596 7
495.5 110.98 2
252.273 110.447 8
168.871 112.939 1
214.778 112.836 11
242.14 114.462 10
402.334 116.42 13
444.232 112.964 1
235.015 119.983 27
139.699 118.908 27
270.844 119.207 1
369.225 122.732 1
428.445 124.188 16
304.081 125.632 1
457.626 130.469 32
244.457 132.251 2
287.736 131.694 2
445.764 131.696 1
230.959 133.999 5
368.068 134.164 1
496.084 136.847 1
429.649 142.656 1
356.148 144.592 5
367.933 143.962 3
188.367 146.718 7
259.62 147.164 2
390.955 149.934 4
436.365 150.567 23
210.796 153.352 1
307.44 153.392 2
465.533 154.975 6
120.625 155.768 4
224.164 157.063 4
292.181 160.031 9
129.126 160.563 24
117.477 164.018 19
497.625 163.606 1
44.7449 166.166 7
261.354 166.923 3
31.7665 167.212 1
5.7142 168.652 1
224.175 168.299 16
366.255 170.09 1
435.263 171.251 6
282.589 173.173 2
129.381 174.442 5
474.765 174.443 3
155.294 174.504 1
399.378 178.541 6
386.698 183.137 24
414.474 189.395 1
138.476 190.792 4
387.804 190.803 43
238.639 195.775 2
264.133 197.064 23
396.701 196.851 1
381.149 202.122 1
227.938 204.69 1
259.053 205.618 5
162.379 207.783 22
503.88 211.225 1
370.181 214.562 4
492.11 215.733 1
261.317 224.571 1
99.9781 226.567 4
496.248 231.555 2
90.3239 231.195 1
250.857 233.433 10
319.171 230.904 2
442.724 235.179 3
449.502 235.45 4
39.1812 237.238 3
145.445 237.991 2
184.275 237.624 1
218.349 238.844 50
468.022 238.284 1
340.998 239.382 1
232.102 244.628 1
386.583 244.479 6
23.4361 245.064 2
38.344 247.913 3
467.674 247.272 2
51.2103 250.816 3
57.1343 253.641 4
69.65 256.794 8
213.093 259.888 5
9.75051 260.008 1
200.717 262.989 5
346.591 261.211 1
75.4564 263.689 3
182.208 267.247 2
379.126 268.191 5
469.799 268.961 3
201.404 270.421 3
17.838 270.629 1
159.783 271.757 3
29.2315 274.356 14
185.753 275.021 5
228.88 275.04 29
168.06 277.296 32
180.479 279.881 1
14.9576 281.415 1
84.7494 280.97 1
348.905 281.676 2
507.743 281.307 1
256.813 282.491 6
492.775 283.591 2
184.098 286.676 2
207.985 286.749 3
501.447 285.877 1
54.5738 289.222 2
186.878 293.021 1
402.411 293.451 3
350.785 300.857 3
256.796 303.161 1
91.8777 306.679 1
279.284 306.671 1
488.873 307.945 1
70.4542 309.88 1
194.98 310.835 1
348.886 312.957 1
258.157 314.655 1
358.891 10.7428 1
472.591 13.7213 1
448.135 25.1379 1
455.052 88.7997 2
275.292 92.1775 8
185.562 100.643 5
302.611 103.799 7
183.259 118.641 2
117.663 139.035 4
145.735 148.233 29
379.91 150.87 7
211.416 155.409 1
186.033 170.678 3
486.165 194.533 1
181.329 204.928 8
228.681 211.137 4
485.853 259.012 6
56.687 279.429 3
61.7016 11.8302 1
20.3666 14.1955 1
437.013 32.1924 8
490.546 46.9947 1
133.819 49.5525 1
433.12 50.0066 3
122.686 66.1332 4
203.236 83.2441 3
490.329 88.5775 3
382.986 108.041 14
286.126 109.167 2
395.765 107.356 5
115.503 111.677 11
208.104 111.506 9
299.486 119.679 2
388.145 124.473 1
499.038 127.696 1
359.203 135.493 9
109.847 149.131 8
361.363 156.287 9
459.895 155.838 11
281.84 163.43 2
221.894 197.022 21
436.479 198.942 14
208.324 200.982 8
482.75 208.157 1
363.434 212.9 3
132.943 219.992 1
49.9041 224.401 2
363.765 227.35 2
236.626 247.316 3
493.029 243.639 2
364.003 258.698 5
149.093 265.981 1
165.016 273.413 2
372.685 293.936 1
330.015 15.3851 1
354.612 14.7346 1
250.759 19.1254 2
277.705 18.7227 1
165.872 21.6568 1
431.722 19.9396 1
50.3839 23.9626 1
137.85 22.942 1
22.8711 25.538 1
449.129 27.1491 1
473.067 30.9217 1
173.626 34.8849 1
390.449 35.3405 1
258.32 43.4887 1
445.569 51.3707 1
142.142 56.3907 2
129.858 84.4073 3
292.209 81.3291 4
211.421 95.0444 1
231.396 95.9078 3
483.898 101.301 1
126.703 102.779 1
220.666 113.087 5
156.807 122.244 10
400.281 120.563 9
120.034 126.614 4
235.871 124.706 6
373.835 125.999 10
413.866 133.798 1
463.045 134.882 2
308.681 138.319 9
189.283 139.308 8
247.639 136.843 31
500.338 141.2 1
409.612 147.222 1
229.783 148.438 2
147.854 150.924 4
265.478 152.841 1
26.3286 175.042 1
51.6226 173.514 1
189.638 175.237 1
139.146 175.106 16
287.85 176.362 1
478.78 176.455 2
452.659 179.362 2
380.869 182.917 4
403.411 186.848 3
123.182 191.923 5
271.387 197.091 8
370.907 198.624 1
141.742 203.495 15
453.466 204.71 2
271.002 216.821 1
496.439 217.236 1
60.2185 231.744 1
321.018 236.13 1
373.518 235.207 12
251.99 239.266 3
449.318 238.032 2
219.942 240.869 1
150.657 241.307 2
483.283 261.93 1
82.7964 267.112 1
186.681 268.469 1
220.105 273.709 2
49.733 281.202 2
173.15 281.792 5
383.166 283.84 1
437.17 285.488 1
476.495 287.447 1
450.598 290.788 1
94.7852 293.246 1
421.45 291.499 1
260.653 294.119 1
409.877 297.68 1
379.552 19.1274 1
272.829 65.6219 1
453.732 76.7163 1
461.016 112.752 2
492.145 194.422 1
19.7643 275.153 1
200.802 79.5923 1
237.342 80.8636 1
391.886 104.842 2
112.213 111.37 6
357.039 134.901 3
106.258 143.123 3
448.257 156.41 1
362.856 171.915 5
214.019 196.006 4
482.294 214.667 1
357.907 244.16 1
61.5638 267.309 1
143.643 263.111 2
249.378 273.202 1
371.423 280.746 1
345.978 25.736 1
465.228 19.2441 1
287.362 31.4097 2
63.1332 32.0149 1
125.062 32.451 1
407.675 46.0245 1
480.228 47.0104 1
454.384 73.1431 1
138.624 83.2425 3
172.738 104.494 3
239.669 102.091 1
469.398 132.129 1
418.222 157.127 1
232.072 161.046 1
288.248 197.186 1
119.992 211.829 3
381.856 210.19 3
295.86 238.144 1
460.67 239.098 9
73.2339 238.569 1
318.805 245.003 1
391.692 285.363 1
272.418 284.391 1
291.64 35.1241 1
417.469 49.3395 1
273.787 98.204 1
472.284 132.325 1
389.786 138.973 1
165.793 243.878 4
221.776 74.9357 1
216.929 191.302 2
96.6009 200.192 1
88.3218 52.7951 1
330.406 62.5313 1
161.639 107.116 1
268.709 110.37 1
320.719 195.795 1
106.436 247.327 1
309.109 266.461 1
354.334 79.6303 2
99.8376 185.618 1
415.546 21.7906 6
365.502 28.6643 8
402.494 106.962 1
236.3 107.559 8
374.445 107.467 4
192.225 136.201 13
208.37 138.099 8
221.041 137.137 5
109.519 189.744 3
12.441 249.522 2
234.856 258.953 3
47.9921 269.003 2
262.369 20.2414 6
151.184 22.4907 11
154.709 30.441 2
369.101 43.2976 1
265.34 44.5837 1
476.062 62.2611 1
147.812 90.468 9
175.898 96.5042 15
203.654 118.266 6
117.886 125.824 3
167.402 126.361 6
386.091 150.733 3
40.9438 155.147 5
273.906 160.045 2
183.489 163.083 1
221.916 167.17 8
214.13 175.064 9
385.807 175.504 16
247.532 202.716 3
132.092 210.291 3
206.113 210.415 2
234.528 210.273 3
371.936 240.724 4
453.3 251.356 2
200.142 255.26 15
27.5333 273.296 2
188.598 270.643 5
227.639 273.464 1
170.275 274.592 2
456.705 281.21 4
68.8456 295.692 1
79.0667 295.992 3
452.334 299.481 1
428.989 32.1571 1
416.568 89.2076 4
456.848 127.133 2
371.198 164.601 34
122.625 194.863 3
171.195 200.049 5
183.578 204.846 4
493.731 229.495 2
480.86 234.758 17
488.519 29.9532 1
459.194 70.1634 1
189.518 82.5382 10
389.095 108.55 9
113.615 114.445 5
377.824 162.313 13
396.757 162.483 2
121.291 165.832 3
390.608 194.14 1
200.262 198.958 14
479.818 202.061 7
385.909 217.675 2
55.4994 243.265 1
180.102 293.781 1
477.682 46.3026 2
141.298 51.5157 2
464.844 76.4132 3
369.303 86.2331 9
242.173 90.3131 9
132.94 95.7379 1
466.394 109.267 1
403.021 115.505 1
263.694 116.058 8
180.884 115.385 7
409.282 127.287 8
125.185 131.878 5
280.383 133.197 3
247.7 134.375 11
304.412 135.698 9
406.011 141.828 1
186.96 149.151 9
44.1588 151.604 2
230.646 157.22 2
44.2028 169.226 2
143.008 175.124 13
437.682 174.487 14
200.856 175.432 2
281.39 176.033 3
400.222 181.078 6
368.269 194.768 2
381.134 204.997 2
120.369 215.623 4
392.862 216.747 1
467.895 241.092 1
257.716 270.4 3
359.976 271.725 8
232.284 277.349 3
182.27 281.598 1
256.809 285.064 1
382.97 133.279 4
164.646 226.884 7
202.283 83.8496 3
110.908 145.224 5
361.448 160.779 7
459.778 158.775 3
372.544 174.2 1
468.61 183.664 1
206.802 199.631 4
363.807 220.786 3
163.732 99.947 1
234.071 100.442 3
220.524 118.447 4
399.14 126.209 6
375.051 128.618 2
120.069 129.684 2
247.073 143.679 7
408.884 152.549 1
51.7664 179.115 1
287.221 180.496 1
273.784 197.178 1
372.185 201.143 1
143.872 205.36 7
396.852 223.477 2
61.2406 235.112 1
322.038 239.812 1
449.17 240.479 1
251.945 241.954 1
375.123 132.672 10
362.927 179.392 3
233.778 165.875 1
409.457 113.35 2
381.767 122.199 3
385.548 176.757 3
274.655 94.1068 3
374.21 196.509 2
220.003 85.1975 2
227.432 97.3527 12
350.209 247.387 11
357.95 256.148 5
336.235 234.576 3
361.049 259.637 12
378.471 293.308 9
178.524 105.976 2
158.71 88.8919 4
168.185 116.264 5
205.519 247.91 4
163.449 208.663 4
209.667 255.32 1
142.795 189.523 2
147.453 208.73 4
197.848 272.993 9
204.524 307.343 2
37.1661 227.168 2
53.6158 271.529 5
42.8152 267.053 3
45.2654 272.507 1
37.2045 265.673 4
65.5089 297.57 2
440.153 25.0453 3
471.504 61.2227 6
451.468 49.1862 3
433.623 60.1416 15
446.229 82.7993 3
485.133 131.647 7
447.451 95.5508 6
488.652 141.393 8
448.3 104.792 13
450.813 117.136 7
452.156 130.11 1
458.562 150.533 1
460.758 162.631 7
369.768 82.0669 2
487.491 205.4 6
480.231 200.344 4
380.376 119.054 10
381.587 127.919 1
370.228 175.062 1
294.402 107.39 7
363.872 205.352 4
144.987 16.4621 6
364.542 241.416 5
203.653 99.7846 11
143.599 44.9077 7
241.094 149.224 7
268.049 186.023 4
178.529 113.201 1
140.811 86.8973 2
142.652 94.0451 3
220.892 173.897 15
157.682 113.944 7
125.203 110.557 4
213.852 200.231 5
119.363 107.59 8
310.758 307.708 3
137.655 136.757 1
187.328 196.943 10
220.743 236.397 3
172.416 189.82 3
283.69 307.929 3
147.945 177.811 14
130.759 165.74 5
136.985 173.44 20
164.944 201.278 8
266.885 308.279 1
148.51 192.885 1
175.007 221.777 6
156.176 211 8
161.624 213.893 3
224.691 277.587 10
233.019 289.048 2
167.823 228.28 10
185.559 246.969 5
33.2501 106.852 1
121.201 211.214 3
185.228 278.009 2
37.7306 148.053 3
183.825 303.41 4
77.572 279.356 7
55.2994 261.383 4
75.0941 292.103 5
31.8129 267.541 3
48.7807 296.027 7
31.7223 286.286 6
44.8146 303.998 5
496.145 55.2297 1
433.228 29.8411 5
459.357 58.2238 14
492.021 118.136 1
437.297 92.7421 21
424.494 80.672 27
452.636 135.592 3
454.859 143.125 3
437.08 147.415 5
476.768 193.276 8
259.296 37.7071 2
490.898 272.489 7
362.12 158.17 1
298.045 113.261 3
297.219 127.076 1
218.119 99.4214 1
179.153 179.188 14
162.726 187.249 10
175.644 200.017 1
171.405 195.023 3
468.789 92.9342 3
465.324 100.981 8
460.416 139.165 4
395.642 156.962 1
249.273 83.2361 6
275.043 169.701 1
382.532 298.539 1
350.695 287.692 1
117.7 144.891 10
125.607 200.32 3
44.2468 156.275 4
75.094 214.546 4
65.4674 217.763 4
79.9354 275.203 9
38.6761 263.618 1
454.265 35.1765 1
443.789 87.9494 5
459.017 107.924 1
446.904 107.4 4
456.614 152.151 1
467.173 181.084 1
381.102 130.883 2
360.081 152.35 5
279.823 80.9388 5
361.545 208.658 1
235.786 121.817 7
242.595 151.43 2
199.866 114.795 3
172.044 103.053 11
193.457 134.419 4
341.896 290.076 1
224.086 175.032 4
162.46 128.855 6
198.637 173.893 3
198.397 210.05 1
246.982 281.331 8
122.855 185.96 1
184.069 265.818 1
130.707 214.884 3
146.084 261.19 1
59.9096 225.249 4
72.0201 274.855 3
467.86 67.2414 1
429.434 49.6079 1
431.416 65.3431 2
442.824 90.3092 3
421.761 86.4204 3
436.69 109.605 5
436.756 131.984 10
437.777 175.41 4
436.956 192.217 15
284.026 105.566 17
392.568 221.825 9
387.1 248.358 1
114.169 99.7208 3
172.717 234.469 10
442.904 54.0177 1
453.264 90.5433 2
413.604 128.056 1
376.892 155.705 1
389.394 174.164 5
227.904 82.7448 9
373.863 238.146 2
198.421 84.2775 2
277.352 165.709 1
234.111 127.633 7
267.959 182.264 4
200.441 127.187 1
117.678 71.623 11
175.653 131.339 1
218.757 201.356 2
232.551 248.506 1
135.761 167.722 1
111.506 187.119 1
148.35 241.741 2
152.514 252.244 2
446.249 154.43 1
397.506 124.786 2
436.677 196.887 1
270.568 67.3215 1
355.383 162.912 3
261.497 116.808 4
216.633 118.603 6
187.31 141.059 6
153.399 119.808 6
182.904 157.624 3
249.898 241.139 1
216.909 242.947 3
103.927 145.623 2
127.713 225.099 2
380.055 212.719 2
107.925 110.357 5
346.538 139.648 1
274.6 166.353 1
277.441 205.182 4
205.305 199.283 6
125.284 136.939 2
385.331 139.415 1
348.838 181.706 1
212.465 136.375 1
499.73 15.231 1
456.524 125.02 2
445.492 29.9969 5
426.858 18.6565 2
377.775 271.738 1
348.566 276.055 4
283.142 66.1271 2
281.496 62.1199 4
244.701 108.272 2
219.87 146.893 2
213.903 109.212 6
206.994 270.693 3
174.965 225.862 5
169.928 222.757 5
168.25 230.877 10
126.549 209.004 2
114.456 190.843 2
80.534 275.705 6
78.941 291.12 1
54.4818 263.291 2
50.5373 276.222 1
494.227 48.8985 1
493.512 184.481 2
492.03 174.954 3
491.68 167.071 2
490.031 146.819 2
489.374 257.315 4
484.519 120.398 5
484.159 126.823 2
472.248 49.8991 1
472.048 82.2935 3
461.606 253.109 8
462.676 262.112 6
454.053 209.146 4
445.791 171.863 2
445.812 186.7 2
445.623 208.358 1
445.806 227.883 3
444.684 147.012 1
444.097 67.8987 4
436.108 166.759 3
436.353 238.369 12
435.945 249.525 6
435.478 50.4513 1
433.911 22.967 1
433.431 68.6644 5
425.595 88.3231 3
424.831 94.8155 2
422.494 122.722 7
399.475 144.1 2
397.805 153.695 1
396.91 159.984 1
381.89 237.69 1
376.188 139.786 5
372.502 129.426 3
372.043 214.971 2
370.695 183.467 9
367.25 309.832 1
365.628 38.0733 3
364.425 237.309 1
361.007 122.042 4
361.286 276.691 5
350.404 269.5 1
345.297 293.652 2
344.366 301.368 5
334.119 148.997 1
321.67 230.469 4
312.798 307.213 1
292.006 146.401 1
286.973 99.3282 11
286.166 307.277 1
283.794 144.456 2
276.24 123.194 4
270.282 307.249 1
256.435 250.08 2
254.937 109.65 1
252.617 265.399 5
251.163 30.9167 1
249.962 307.975 3
247.951 289.571 8
240.319 143.558 2
239.217 23.9495 2
238.15 100.331 1
237.571 237.959 10
232.615 186.004 9
226.612 303.597 3
221.875 19.0858 6
222.573 105.61 2
194.053 122.897 3
194.118 274.828 11
191.93 202.1 3
185.788 114.962 17
181.959 240.192 4
175.379 197.738 2
174.371 26.6221 2
174.771 99.6454 3
173.573 195.028 2
151.029 95.0853 3
132.764 91.0017 2
128.609 106.064 3
124.736 65.0564 7
122.9 92.5078 4
120.815 83.2701 9
119.683 160.006 2
119.042 16.0526 1
112.209 145.973 2
110.07 122.318 1
106.309 16.0468 5
55.0746 301.504 2
51.5848 301.345 1
41.5373 264.796 1
38.8104 298.099 2
34.3626 263.089 1
17.608 290.649 2
16.862 302.133 2
489.75 263.496 1
478.306 95.2149 1
462.685 271.674 7
457.303 86.9481 6
437.521 106.272 11
436.725 190.394 4
436.308 114.878 10
426.39 55.8679 1
285.189 102.379 7
283.779 107.591 1
279.647 153.496 2
255.134 228.695 1
251.941 81.9318 1
248.066 106.051 3
232.713 168.452 16
221.852 125.084 7
221.47 101.42 4
194.503 258.531 1
186.583 109.327 2
187.178 97.1956 2
127.643 57.0017 6
117.688 73.7487 7
116.069 97.0015 10
44.4057 17.4 2
452.28 41.7764 3
443.803 32.3511 1
384.045 23.5551 1
349.256 285.256 2
313.154 223.814 1
259.795 121.296 4
259.817 198.322 4
252.209 26.4061 7
230.388 269.308 4
185.733 84.3062 9
166.712 270.434 2
123.564 99.6831 4
117.228 156.712 1
72.538 214.864 4
32.3679 240.462 3
468.629 63.5122 2
464.058 296.443 1
461.012 272.565 1
459.778 254.604 2
457.865 240.814 6
456.477 69.0766 3
439.543 170.732 3
435.222 71.3127 1
435.54 253.407 4
435.986 209.914 14
434.275 239.46 6
432.131 62.354 1
431.282 46.4699 2
423.658 82.3005 1
412.392 28.3654 1
402.202 28.6189 1
391.286 173.499 3
385.852 29.8833 2
383.838 212.617 2
379.319 168.511 1
373.895 138.231 1
368.507 164.003 1
366.995 176.646 5
362.21 28.2079 3
359.854 205.928 5
360.868 238.875 1
359.729 126.771 4
341.313 287.809 1
340.212 276.651 2
275.595 65.7805 2
271.672 176.158 3
262.918 45.2075 4
257.676 189.553 2
252.751 260.419 2
248.199 133.211 1
235.591 242.033 4
232.158 168.765 2
229.883 188.78 1
223.612 92.4017 6
210.301 286.471 1
208.054 107.142 3
197.009 115.313 2
190.015 172.018 4
190.713 205.889 4
188.003 99.4772 2
182.147 115.843 1
177.903 230.416 5
152.382 103.021 4
144.554 258.83 1
136.497 165.386 2
130.339 49.9128 2
121.104 66.5753 1
115.203 75.8278 2
114.442 85.6647 8
114.051 109.11 3
116.312 178.823 4
113.759 97.0464 4
106.231 128.603 2
85.4739 216.427 1
61.7262 224.621 1
44.6633 292.479 2
41.5331 234.775 1
441.173 106.607 3
438.048 172.219 1
436.436 192.534 1
281.64 156.551 6
234.855 46.2089 9
209.382 291.131 1
455.016 110.897 1
441.422 52.2987 1
397.044 186.988 10
306.221 138.593 1
299.331 104.602 6
290.245 84.6007 4
294.259 162.538 4
289.293 78.5985 3
284.045 176.583 2
232.412 125.834 2
228.246 248.2 4
225.253 84.384 1
201.295 202.011 2
194.525 84.1357 2
119.318 193.997 2
115.257 141.169 2
395.478 123.465 2
353.652 135.624 2
354.65 158.837 4
355.537 214.176 1
319.815 238.54 1
286.169 139.726 2
268.425 216.811 1
256.931 117.571 1
225.119 95.1198 1
216.882 115.36 4
216.453 275.676 4
212.183 240.636 3
210.268 180.855 2
206.173 156.917 4
183.675 252.264 2
177.336 155.306 3
148.605 111.925 1
140.526 262.78 1
125.48 222.592 2
119.629 196.591 3
107.936 97.6126 1
101.445 142.681 2
423.68 90.0124 2
164.167 232.31 1
109.204 175.65 1
274.018 204.685 1
197.811 195.396 2
120.908 133.139 2
339.066 168.223 1
209.32 130.6 6
177.331 212.042 1
382.838 182.296 3
322.919 226.188 2
250.032 95.7076 5
40.1171 301.272 4
39.9635 289.716 1
198.406 132.755 9
182.717 132.561 8
125.953 180.271 1
98.6175 206.513 1
190.054 115.072 4
80.1243 215.947 1
60.5167 222.708 5
113.371 156.374 2
29.6535 239.647 2
24.6913 242.353 1
199.761 19.1636 3
497.107 304.883 1
486.796 277.463 3
444.383 302.741 1
496.508 246.605 1
486.875 247.278 1
477.044 257.167 4
493.161 238.952 4
444.556 282.941 2
484.112 240.391 1
444.266 277.548 3
436.97 258.339 3
422.912 254.374 6
445.659 220.583 2
437.849 227.312 12
353.575 303.871 2
436.497 218.934 12
437.314 209.007 1
452.397 188.615 4
359.853 282.107 2
445.058 194.914 5
444.91 180.13 1
364.104 248.89 2
483.889 124.761 1
386.807 212.585 4
364.644 231.209 1
370.481 221.853 1
492.412 89.426 3
374.658 207.825 1
363.269 210.629 3
423.197 149.715 1
443.083 125.621 1
467.402 99.8403 2
363.082 195.305 1
456.119 95.8405 4
472.208 75.7405 1
490.718 42.6759 4
424.392 107.635 3
234.083 294.002 4
361.271 164.362 3
442.928 73.3101 4
435.544 80.2762 2
216.888 298.568 1
437.767 74.2022 7
397.592 114.723 1
442.747 61.4017 1
256.277 240.547 1
428.267 64.6863 3
361.856 126.443 2
256.36 231.053 5
239.979 245.557 2
460.319 22.1535 4
222.599 255.981 1
365.109 106.83 13
227.708 239.503 3
364.885 99.8276 2
259.591 202.774 1
205.397 250.759 1
303.286 146.466 2
242.717 201.011 4
249.082 183.79 2
169.747 253.427 4
254.593 162.894 5
205.941 205.283 13
273.44 137.542 2
293.882 97.0965 3
152.893 232.113 3
363.247 20.0803 1
239.136 136.96 1
237.249 131.352 3
263.383 94.3927 5
254.927 96.6639 8
72.6072 281.44 2
176.451 163.364 9
237.531 97.0921 5
211.031 120.649 3
131.116 187.771 4
103.852 216.492 2
257.259 24.8013 1
135.313 111.939 2
133.939 104.705 2
477.181 186.829 4
226.019 261.182 3
253.04 141.796 2
120.565 162.317 1
390.282 222.318 7
398.56 178.305 1
366.541 198.153 2
253.81 294.898 1
462.683 76.0695 3
375.284 160.336 1
312.029 222.001 1
352.736 143.917 1
381.836 113.272 3
171.554 202.247 6
136.3 190.325 1
124.758 185.005 6
36.7456 246.252 1
33.7523 238.984 1
474.071 257.66 2
424.239 275.037 1
410.668 281.404 3
435.87 254.165 1
419.329 254.409 2
369.477 271.078 9
425.111 207.988 3
442.935 168.199 1
361.268 226.999 1
329.701 236.345 10
436.388 107.547 2
399.84 128.749 2
476.88 43.5593 1
439.972 72.9278 3
373.021 135.1 1
253.269 244.118 1
431.764 58.6371 1
359.228 126.252 2
191.574 275.954 2
171.829 280.316 3
258.479 187.399 2
279.788 161.389 1
239.205 199.725 1
182.506 255.525 4
250.191 175.136 3
251.744 161.91 4
180.743 229.48 1
228.434 175.513 1
170.329 220.013 1
218.72 157.373 1
149.229 223.402 1
234.217 133.688 3
266.017 92.5526 2
190.207 169.467 1
66.5901 282.875 3
175.35 165.676 1
197.731 136.27 7
127.145 196.278 1
258.412 62.0773 3
114.353 207.616 1
255.292 54.0777 2
161.394 125.021 3
158.087 117.496 4
134.48 135.129 1
44.5149 223.645 1
153.943 86.3472 1
121.821 113.56 1
115.653 81.4563 1
29.66 167.49 1
121.453 64.1591 1
131.281 47.2955 1
466.496 90.5472 1
220.733 195.489 2
384.295 248.003 1
391.273 217.964 3
456.906 133.257 1
396.604 185.438 1
338.722 236.062 3
449.939 100.514 2
368.968 149.813 7
304.097 216.764 1
290.755 160.405 2
303.937 133.783 1
156.399 268.523 2
297.147 100.642 1
183.611 172.239 1
184.014 136.199 6
223.081 93.6247 2
113.736 123.797 4
137.177 55.3871 5
431.984 250.791 3
353.196 241.836 1
440.332 127.315 2
326.835 242.052 1
355.892 209.937 2
450.8 70.1948 1
394.937 125.893 1
248.03 243.236 2
354.175 130.339 2
379.188 102.55 2
266.095 215.034 3
207.068 257.757 3
230.367 228.131 2
213.13 237.745 1
266.214 172.188 1
274.877 157.626 1
204.338 154.317 8
169.858 159.787 1
226.766 77.3932 2
193.959 77.4441 1
127.32 136.111 1
148.212 109.712 2
100.49 130.648 2
108.069 105.831 3
212.262 189.67 4
163.807 230.093 8
222.705 96.9624 1
131.384 177.124 2
379.822 133.619 1
341.285 160.891 1
202.761 184.642 7
137.569 44.8864 1
256.24 121.376 5
498.684 181.959 4
462.994 66.4092 1
369.049 66.1473 3
368.796 99.6819 2
390.987 145.559 3
255.489 150.456 3
433.275 149.659 2
190.331 152.562 1
398.347 172.333 1
275.569 184.911 2
115.244 205.633 1
389.466 219.134 1
448.799 246.113 2
156.235 257.53 1
448.58 261.276 4
81.7049 277.969 2
456.66 283.806 2
426.99 30.4278 2
175.961 117.061 3
150.099 161.469 3
494.737 189.055 1
283.273 161.2 4
121.417 168.76 2
364.096 261.582 1
47.2759 265.921 2
426.692 51.0983 1
477.634 50.6642 1
140.888 53.8676 1
458.354 61.9509 2
464.496 81.5288 1
126.017 81.5965 1
369.848 89.3873 1
475.888 100.982 1
217.249 108.564 2
401.703 118.84 1
287.618 129.443 1
198.22 137.353 2
184.695 139.871 4
280.116 136.471 2
405.637 145.471 1
44.0998 148.073 1
187.788 151.677 1
258.941 151.817 1
44.1342 172.94 1
200.054 179.817 5
397.815 182.94 4
475.085 190.911 2
225.736 212.625 1
53.654 232.749 2
442.642 237.22 1
467.975 244.793 1
60.1256 257.17 2
273.019 61.3305 2
465.513 83.5088 2
421.601 89.1433 2
219.463 110.947 4
401.477 122.365 1
384.107 136.05 2
297.595 136.841 4
462.244 166.731 1
206.81 194.759 4
438.605 205.059 1
52.0574 219.733 1
363.572 223.621 2
135.082 232.045 1
209.161 100.053 5
164.99 102.348 5
233.77 103.141 1
220.505 124.631 2
158.605 128.446 3
228.083 157.252 1
408.519 158.903 1
145.329 178.282 2
123.808 198.749 1
143.944 211.453 2
379.86 139.803 1
281.237 196.477 1
486.352 28.5424 2
240.48 20.0204 2
497.331 235.708 1
382.952 301.398 1
50.0683 265.545 7
161.573 32.8359 1
378.915 225.803 4
207.535 119.261 6
169.516 100.643 3
194.035 132.251 2
347.605 277.883 1
160.287 215.561 1
223.416 279.705 1
113.561 214.386 1
200.37 281.666 1
98.8559 224.012 1
68.6378 283.102 2
49.0681 298.22 1
490.49 121.041 3
490.323 151.112 6
108.131 132.964 1
158.562 217.753 1
476.864 53.6928 1
466.712 97.4295 2
379.461 152.365 2
230.799 115.306 1
208.93 114.66 3
117.612 141.449 4
258.747 272.438 2
80.999 271.044 2
84.1445 277.43 1
49.0552 266.963 1
461.487 109.9 1
447.926 121.345 2
359.24 155.2 1
296.246 117.865 1
386.941 197.438 2
360.265 213.037 3
152.028 109.012 1
265.589 193.715 2
154.233 115.71 5
160.845 133.309 5
198.512 177.525 2
138.095 194.849 2
210.458 271.146 1
129.815 216.911 4
55.5955 228.675 1
36.6981 250.328 1
467.352 71.2272 3
429.206 69.0891 2
439.306 94.4262 1
112.942 103.562 4
106.622 145.255 1
136.656 197.623 7
451.91 79.4871 2
452.654 93.2526 2
192.591 81.575 2
274.952 172.757 3
202.756 124.298 1
202.358 193.071 2
133.026 170.381 1
233.637 246.237 1
394.168 130.491 2
397.307 220.923 1
275.745 192.313 4
185.228 141.452 1
155.618 125.369 3
107.802 114.754 1
127.491 234.633 1
391.756 134.761 1
358.814 178.487 2
104.725 119.791 1
493.342 224.843 1
400.782 166.652 2
383.552 303.419 1
241.306 165.703 3
219.274 169.872 5
126.477 106.625 1
34.2194 289.799 3
482.977 245.386 1
285.427 154.597 3
211.18 129.902 1
194.721 88.6194 3
213.742 153.294 1
194.042 126.613 8
178.723 94.1334 3
172.403 100.837 1
184.002 154.228 2
213.569 257.569 2
173.642 210.32 2
142.565 127.402 1
93.6792 16.0339 2
128.749 198.125 2
114.551 160.24 5
103.961 156.605 1
84.233 213.487 3
44.5055 163.575 2
32.6733 264.493 1
453.605 33.2371 1
437.99 179.126 4
369.114 112.807 2
342.778 304.412 1
248.223 98.205 5
147.976 178.216 1
126.832 199.284 1
400.172 23.4832 2
382.027 24.1769 1
411.229 120.041 3
377.176 150.946 1
306.448 114.455 4
303.556 106.765 3
228.495 109.393 4
239.425 162.709 5
261.697 239.747 1
189.089 124.479 3
170.321 94.859 1
140.678 40.7764 2
87.168 208.354 1
69.2732 216.617 2
90.938 294.829 3
429.801 63.7123 1
438.417 107.963 1
447.172 138.775 1
357.595 152.084 2
359.494 209.988 1
368.823 292.38 1
294.414 116.621 1
291.813 138.909 2
259.962 45.5496 3
315.606 232.019 4
231.594 46.1976 3
254.812 191.284 1
212.794 91.8687 2
218.706 114.653 2
249.657 262.131 1
219.065 176.636 2
193.578 101.443 4
192.169 117.795 4
188.189 135.55 5
186.939 147.64 1
168.469 104.611 2
189.909 172.767 1
186.268 205.942 1
176.81 181.868 1
149.52 104.661 1
136.964 120.628 7
111.964 87.4102 3
130.58 154.887 2
167.117 279.513 4
104.117 131.566 2
114.803 164.243 1
107.493 150.4 1
127.572 215.444 2
114.043 181.396 1
80.7519 218.116 1
48.8705 167.185 1
56.3529 255.083 2
360.718 181.547 2
275.305 164.457 1
265.063 180.339 2
399.065 185.602 3
345.069 244.543 7
286.213 175.123 1
261.349 271.868 2
224.888 251.123 6
126.399 90.1963 1
117.369 196.117 2
82.9775 208.419 2
388.544 131.557 2
377.896 207.106 2
350.406 137.671 3
349.589 160.36 1
271.517 93.2996 1
281.713 143.606 1
311.829 239.093 1
215.746 120.779 4
204.039 184.086 4
152.222 121.339 3
177.837 206.435 3
136.038 181.062 1
119.54 224.84 1
279.509 145.724 1
160.157 237.439 4
317.555 141.333 1
325.495 226.757 1
267.198 154.84 1
389.815 228.855 1
287.092 168.064 2
224.905 286.199 2
254.092 85.7161 1
182.351 92.9148 6
192.472 20.3526 1
21.0575 298.757 2
464.688 293.959 4
443.031 16.2856 2
359.653 167.466 3
265.685 90.247 1
259.892 94.035 3
193.015 290.718 2
249.14 30.067 1
188.503 162.414 5
150.314 219.158 2
124.883 142.113 1
115.4 102.004 1
58.2572 277.59 1
207.851 85.781 1
179.911 127.826 6
144.447 171.501 1
464.394 91.078 2
455.382 106.294 4
309.709 223.055 3
306.336 142.451 8
201.6 204.361 1
182.494 103.722 1
136.614 192.762 1
151.62 88.014 5
447.63 136.464 1
454.118 68.7908 2
368.197 289.815 1
362.605 176.527 1
323.839 234.373 1
292.456 111.443 2
269.129 176.598 1
248.953 161.031 6
252.65 62.6246 1
246.406 79.6932 1
169.75 280.945 2
205.213 92.9864 1
172.878 168.011 2
167.235 192.753 1
193.368 99.4509 1
136.965 245.686 2
158.426 124.844 1
171.14 69.6394 4
149.609 141.829 6
148.657 100.734 5
138.675 37.6238 1
112.236 106.325 3
123.266 55.3458 1
118.95 64.4985 1
112.712 83.5763 1
225.068 80.4675 4
169.578 232.441 1
378.333 104.976 1
306.586 135.942 1
258.85 274.649 1
217.395 148.514 2
189.501 81.45 1
138.318 148.921 5
135.386 59.1472 1
375.841 205.649 2
348.198 207.473 1
350.358 158.362 1
317.124 237.708 1
348.659 132.264 1
262.379 173.355 3
229.325 76.9869 1
176.731 203.87 7
144.645 208.161 1
121.522 222.131 2
143.64 107.984 2
105.232 173.358 1
161.414 230.945 6
188.471 189.305 2
324.293 130.08 1
250.387 166.044 1
205.851 129.649 2
294.367 221.256 1
215.516 104.575 2
428.526 276.701 1
396.215 291.864 1
445.068 242.931 1
460.03 153.598 2
407.61 185.214 1
333.626 240.249 5
445.099 151.161 4
362.776 193.116 1
229.557 260.864 2
165.886 258.087 2
221.197 205.972 1
251.671 175.622 1
233.87 188.409 4
159.837 240.824 1
162.737 234.611 1
370.73 67.442 1
365.147 45.029 1
269.34 83.6885 1
135.909 81.2367 1
413.544 281.329 3
491.342 128.367 2
131.334 185.686 2
198.558 134.728 3
366.154 195.343 1
184.85 239.622 1
204.426 165.024 2
50.8495 239.851 2
36.6079 236.864 4
439.033 274.047 2
423.771 273.061 1
435.834 221.418 2
360.81 222.015 1
332.253 241.107 1
449.311 128.04 1
358.058 190.608 1
309.233 219.099 1
251.751 257.158 2
467.817 89.0219 1
417.656 121.073 1
371.185 133.598 2
389.649 104.916 1
258.921 184.88 1
177.481 177.152 3
219.903 134.982 1
174.88 163.143 1
127.204 189.11 3
221.412 110.842 1
275.385 63.3428 1
135.219 162.748 1
175.519 126.903 5
256.806 59.0607 1
198.945 81.8868 1
151.033 84.0736 1
385.22 249.919 2
200.192 213.287 2
305.426 130.256 3
352.968 204.037 1
352.31 125.066 1
373.799 100.227 1
273.45 155.06 1
149.587 115.066 1
106.62 100.097 2
208.153 185.931 4
134.556 175.189 1
277.942 53.2246 1
212.256 168.886 3
475.83 77.0425 1
226.738 125.092 1
163.705 127.099 1
301.892 126.928 1
395.497 143.497 1
41.1093 149.052 3
305.399 155.014 1
212.098 165.528 2
41.3113 169.4 4
207.847 176.794 6
36.7733 219.65 1
379.112 227.877 2
453.993 243.479 3
372.372 244.169 1
256.764 270.641 1
16.4518 272.603 1
39.533 272.776 1
376.325 280.08 3
132.845 98.0433 1
244.032 243.059 2
16.4028 274.974 1
39.2521 279.685 1
163.694 84.133 1
483.332 86.0799 2
32.7455 148.966 3
174.103 183.058 9
263.919 183.015 1
389.894 201 2
363.702 215.883 3
194.813 94.9218 1
475.314 104.709 1
486.76 102.885 1
369.239 125.841 2
377.046 127.328 2
44.078 143.304 1
44.1066 178.073 1
435.397 177.711 1
281.289 183.475 1
477.431 201.76 1
442.472 239.987 2
370.102 127.71 1
193.712 190.293 6
248.919 147.356 1
228.368 163.041 1
277.951 50.9262 1
240.955 161.808 1
145.517 152.89 1
377.821 283.332 3
238.733 271.817 3
56.9943 295.123 2
283.147 92.6127 2
370.122 243.51 1
251.288 200.305 1
352.506 264.132 4
357.22 270.007 4
254.788 257.046 1
111.442 216.84 2
42.0901 272.888 1
403.809 152.335 2
41.3959 274.945 2
477.049 58.3553 1
468.175 94.8782 1
166.409 84.5807 1
205.837 117.762 1
379.993 240.694 1
188.07 182.368 1
438.541 98.2118 2
295.676 120.801 1
358.871 159.386 1
370.909 170.323 4
192.117 94.1023 1
249.359 236.735 2
108.614 201.454 1
129.838 222.046 2
461.77 115.662 1
440.319 153.296 4
398.096 193.042 4
184.437 144.176 3
195.955 122.19 2
202.948 298.084 1
481.17 247.102 2
261.083 43.4965 1
295.932 128.689 2
243.704 88.6774 1
117.924 94.2259 1
107.921 130.178 2
177.858 242.549 4
211.345 292.548 1
120.872 184.54 4
156.716 238.316 3
56.3549 224.425 2
66.6487 284.812 2
431.089 44.2007 1
437.753 177.878 1
376.393 153.638 1
380.538 161.329 1
382.351 263.002 2
237.504 84.8216 1
139.01 43.1607 1
196.1 126.341 4
202.37 199.922 1
133.062 125.793 2
229.5 247.955 1
435.192 95.0498 1
391.92 158.646 1
436.099 215.965 3
355.98 136.929 1
356.735 155.844 2
291.336 120.129 1
229.127 51.0289 1
357.888 216.848 1
219.147 159.934 2
111.391 101.688 2
110.685 114.942 4
196.64 266.265 1
121.227 188.747 3
126.015 218.405 2
289.814 121.686 1
290.451 166.255 2
113.292 77.0779 1
156.988 230.767 3
139.06 155.095 1
386.57 135.089 2
348.496 171.842 1
278.267 148.589 1
463.691 93.9345 1
294.878 151.705 2
184.806 84.8082 1
234.926 311.038 1
187.405 120.621 1
144.031 154.282 2
86.8072 284.82 2
443.521 104.519 2
460.328 261.484 1
397.114 33.9925 1
367.694 182.437 1
357.975 172.178 1
280.048 138.609 1
251.534 85.6992 1
246.546 131.009 5
217.455 89.0668 1
229.633 185.605 1
247.759 307.376 1
175.938 142.7 1
142.146 16.6062 1
151.423 100.412 1
153.993 111.532 2
168.034 219.499 1
75.2872 17.0312 1
65.9136 17.1093 1
39.9196 304.259 3
440.697 167.093 3
365.41 183.284 1
281.94 155.658 2
114.478 93.782 3
455.071 108.897 1
259.084 280.194 1
147.737 230.898 1
432.018 241.198 2
354.488 152.205 2
358.184 180.802 1
365.889 272.077 2
247.487 112.106 7
228.251 46.0196 3
252.741 191.736 1
214.582 177.016 1
190.426 102.381 3
186.899 116.684 1
186.135 135.977 1
167.003 71.4882 1
208.107 260.937 2
188.043 253.398 2
145.398 104.757 1
164.376 280.465 1
123.943 157.678 3
107.964 88.5686 1
109.798 96.6547 1
112.398 164.551 2
122.507 215.892 3
104.977 150.551 1
110.919 182.104 2
225.617 48.393 1
137.296 177.047 1
297.663 162.116 1
235.896 129.06 1
161.608 267.905 1
338.956 138.961 1
338.812 159.885 1
298.945 237.69 1
275.775 147.267 1
256.732 180.241 3
205.701 96.5992 1
204.315 134.352 1
174.031 207.436 1
301.552 142.771 2
143.978 156.428 2
466.397 306.445 1
360.727 110.158 2
263.39 89.8467 3
217.62 273.337 1
254.89 90.6226 5
248.081 130.513 1
193.569 205.827 1
185.55 124.445 4
147.935 95.6626 1
371.566 157.65 2
342.619 242.727 2
306.681 127.136 4
262.774 257.943 2
291.009 88.6001 5
141.357 149.804 2
128.016 76.1181 1
364.184 287.798 1
383.389 190.238 1
355.862 205.436 1
357.31 175.698 3
355.634 181.683 2
264.013 209.266 2
275.43 80.4332 2
215.428 136.862 1
167.067 281.713 2
198.816 92.3429 3
174.495 179.416 1
167.806 68.7257 5
144.794 100.568 1
109.281 84.2147 1
101.131 125.356 1
249.692 115.559 3
217.841 195.325 1
230.389 46.6272 1
261.652 274.352 1
269.7 204.187 4
187.315 81.6508 1
133.912 148.771 2
133.732 178.302 1
336.791 204.444 1
339.469 157.824 1
338.14 131.527 1
306.547 234.999 1
266.4 217.195 1
254.167 175.422 1
219.343 77.5815 1
211.155 115.199 2
201.276 156.07 2
376.75 183.477 1
231.844 265.811 3
260.627 85.5581 2
459.684 232.306 3
394.436 290.532 1
330.793 235.833 2
247.504 199.018 1
270.532 135.579 1
198.196 159.093 4
79.6138 283.976 1
69.2422 278.47 1
177.047 127.706 1
160.307 118.39 2
154.803 98.0077 1
123.248 110.112 1
389.598 286.597 1
190.383 117.237 1
380.856 279.652 1
397.589 200.339 1
217.588 212.773 1
269.832 43.1027 2
355.425 249.658 1
443.144 123.426 1
357.875 201.099 1
359.593 174.951 1
379.247 118.173 3
300.75 216.244 1
356.601 131.274 1
356.591 123.274 2
256.477 184.236 1
290.66 109.369 1
244.432 159.278 4
227.275 184.298 3
141.378 254.96 1
276.873 75.8785 1
217.226 133.29 1
194.689 138.052 1
172.391 162.719 1
182.132 107.862 2
224.026 181.199 1
217.713 193.184 2
199.911 196.404 1
397.706 190.521 1
129.081 123.191 1
125.616 108.524 1
372.707 203.694 2
337.781 221.434 2
343.75 120.775 1
207.574 184.299 6
151.857 152.554 1
205.531 269.068 1
391.951 128.475 1
461.806 90.3949 1
237.705 116.085 1
489.256 254.568 2
427.906 273.383 2
403.033 284.385 3
444.843 252.891 1
359.169 280.026 1
359.158 266.315 1
445.273 225.351 1
370.114 210.241 1
428.293 169.218 1
233.396 255.338 1
228.374 257.774 1
361.295 187.598 3
210.107 251.427 1
461.596 120.304 1
421.891 120.417 1
248.574 194.18 2
361.321 119.008 1
478.102 38.2211 1
281.697 125.638 1
130.731 193.116 1
433.725 47.2914 1
192.818 156.643 1
268.574 81.2424 1
133.772 106.967 3
112.585 113.693 1
135.29 78.8452 1
231.93 251.431 4
177.766 189.86 8
215.128 155.345 2
334.487 231.536 1
258.949 266.819 1
366.266 149.096 1
182.963 174.394 2
48.728 234.8 1
228.883 127.561 1
132.24 61.9598 1
358.925 252.224 2
333.798 244.404 1
390.289 167.543 2
357.308 183.38 1
238.319 222.665 2
417.227 118.628 3
467.739 84.3561 1
270.401 170.506 1
278.534 155.658 1
360.861 104.666 2
174.171 159.633 2
218.94 127.309 1
113.994 172.715 1
134.117 157.677 1
173.321 123.76 4
36.662 185.536 1
154.021 107.528 2
196.455 76.7209 2
403.207 154.634 1
258.094 210.335 2
150.411 117.591 1
192.713 193.535 1
77.1703 267.744 2
480.357 72.4452 1
461.848 79.6772 2
133.483 100.619 1
472.557 102.025 1
284.907 122.639 1
301.234 133.126 1
123.582 134.541 1
493.528 138.578 1
40.8824 145.859 2
258.962 168.286 1
40.8939 172.471 1
116.992 218.034 2
453.229 216.39 2
372.357 246.831 1
194.078 272.303 2
280.398 86.0739 1
476.508 195.958 1
249.198 212.12 1
163.874 80.5082 1
399.073 104.301 1
33.4623 146.062 1
476.247 177.646 2
44.0146 221.172 1
474.904 109.413 1
487.587 107.201 1
217.342 122.232 1
117.109 131.807 1
44.013 135.428 1
404.657 157.028 1
261.777 170.194 1
462.909 170.105 1
44.1156 185.783 1
279.939 191.42 2
139.419 208.205 1
253.775 208.412 1
381.448 138.1 1
280.833 194.054 2
138.995 90.7072 1
453.028 275.123 1
183.328 258.456 1
470.9 66.9599 1
393.481 146.009 1
445.227 191.433 1
461.317 258.136 1
206.948 179.682 3
349.288 259.572 1
32.4391 171.608 1
110.377 220.88 1
50.292 252.863 1
217.9 80.792 3
458.864 169.573 1
473.063 205.193 1
107.263 207.002 1
114.471 88.3157 1
107.629 136.153 1
111.679 193.182 1
34.0002 273.747 1
466.317 106.153 1
437.544 128.793 1
106.895 138.369 2
405.598 154.36 1
201.737 122.514 4
390.167 169.564 1
362.027 174.277 1
394.676 128.364 1
224.73 153.638 2
216.458 84.2298 3
177.317 223.951 1
157.501 264.06 1
69.5769 250.568 1
198.983 123.552 1
221.711 189.263 2
175.632 147.196 1
224.635 273.84 2
203.466 285.088 1
51.0819 278.409 1
384.025 261.9 1
127.838 129.21 1
141.731 154.824 1
424.03 72.3044 1
356.164 168.959 1
286.876 123.692 1
183.492 151.832 1
161.27 129.385 1
111.29 78.0381 1
107.455 117.213 1
129.319 183.343 2
215.171 198.356 1
200.652 136.109 3
248.117 22.0325 1
261.186 128.101 1
104.298 202.302 1
417.313 20.755 2
365.701 161.312 4
255.654 125.1 1
238.208 124.139 1
213.942 89.8801 1
221.757 129.372 1
226.503 186.516 1
216.735 174.15 1
146.467 43.5141 2
223.677 290.762 2
173.796 143.924 1
124.025 58.7063 1
190.605 282.002 1
112.329 160.795 5
136.705 242.957 1
140.088 252.194 1
448.007 145.146 1
362.059 184.557 2
62.155 263.705 1
292.985 85.128 1
286.455 170.846 2
243.039 162.307 1
128.384 79.0887 1
140.435 157.29 1
350.776 153.558 2
359.35 273.926 1
283.24 141.844 1
261.821 182.023 1
211.949 47.2684 2
187.252 92.4296 3
160.141 281.569 2
110.152 164.639 1
105.376 185.872 1
206.037 50.0945 3
441.424 56.5785 1
387.215 254.832 1
375.752 17.1416 4
300.265 100.387 1
297.565 151.144 2
214.88 14.3544 2
88.4144 213.28 4
433.698 25.0729 1
318.998 307.659 1
317.104 228.863 3
257.53 110.396 1
252.342 125.136 2
248.387 76.6808 1
241.438 123.746 2
192.719 97.1055 1
189.207 87.6994 1
187.841 132.66 3
180.27 183.972 1
170.895 68.2428 1
171.143 111.656 1
144.594 95.7093 1
139.655 15.9307 1
105.794 123.015 2
83.4761 308.914 2
72.091 16.9186 1
52.0687 308.053 1
441.73 116.675 1
183.754 128.408 2
376.467 23.6868 3
310.177 141.578 3
300.352 153.665 1
293.886 87.7368 1
153.796 247.452 4
130.626 75.8982 3
392.441 114.677 1
380.643 188.67 3
355.707 285.745 1
349.015 151.474 1
310.386 231.253 1
283.5 139.169 1
262.413 178.831 1
249.783 113.018 1
222.225 46.7114 2
215.444 91.6402 2
215.163 125.824 2
212.977 102.663 1
188.323 250.991 2
140.584 102.514 1
107.505 179.59 1
338.302 288.305 1
218.294 47.3903 1
319.205 224.05 1
288.939 233.639 1
266.511 126.391 2
251.065 170.473 2
250.97 216.518 2
202.798 136.2 1
231.106 301.395 2
179.175 123.994 1
366.928 281.198 1
364.978 173.66 1
248.035 264.526 1
250.345 250.315 5
225.949 283.029 1
263.417 111.67 2
249.48 69.4706 1
242.551 43.3165 2
204.458 146.194 2
174.025 58.6059 1
129.251 146.476 5
390.853 31.2485 2
289.021 107.811 1
292.874 216.746 4
294.065 91.1523 2
213.747 146.612 3
180.295 101.684 1
149.166 85.6382 1
132.447 118.221 2
131.078 74.2664 1
393.181 117.307 1
350.599 180.061 1
272.571 78.5142 1
216.01 194.415 1
140.113 98.0634 1
105.588 81.9119 1
210.773 194.186 2
225.193 46.1043 2
161.48 228.226 2
188.656 192.619 1
297.457 230.895 1
267.385 133.092 1
256.63 157.579 1
243.412 173.259 4
262.213 97.0573 1
211.653 127.604 2
172.206 121.03 1
248.595 271.096 1
274.385 211.09 1
261.571 204.309 1
244.031 196.922 1
190.77 250.507 2
157.264 193.318 3
306.982 132.812 1
202.551 252.896 1
274.853 76.2017 1
214.524 131.49 2
204.582 149.527 1
167.536 161.01 1
253.616 89.3913 2
475.703 254.338 1
357.909 277.5 1
334.397 241.008 1
227.108 255.251 1
446.235 92.3777 1
246.616 193.414 1
65.3469 258.306 2
223.806 109.52 2
262.401 78.8619 1
231.993 181.732 1
258.303 57.6691 1
331.481 229.499 1
441.245 113.788 1
170.957 157.719 1
427.606 270.32 1
483.267 172.492 1
471.67 160.823 2
255.654 234.284 1
248.088 190.592 1
27.2049 261.879 1
110.106 142.484 1
378.255 238.848 1
194.872 195.44 1
256.346 206.419 5
148.009 196.524 1
227.777 139.964 1
366.935 172.026 1
241.937 184.577 1
357.644 120.009 1
171.908 179.078 1
291.893 131.548 1
128.602 167.532 1
34.221 176.147 2
498.583 178.567 1
40.9083 223.543 1
114.295 126.907 1
237.249 140.126 1
40.8675 177.335 1
449.035 208.572 1
386.237 238.411 1
183.413 149.647 2
273.271 112.705 1
372.515 253.7 1
274.309 121.436 2
393.647 150.46 1
378.004 233.081 1
133.657 181.579 1
254.578 238.222 1
250.736 213.666 1
458.176 178.182 1
198.48 147.652 2
160.143 140.823 1
106.136 224.905 1
49.1123 255.027 2
54.1949 256.581 1
43.7925 253.485 1
35.2135 252.077 1
385.129 205.179 1
235.877 164.815 1
227.1 150.412 2
246.358 189.36 3
185.231 180.829 2
277.172 186.407 1
265.596 123.503 1
193.1 186.175 1
378.132 187.697 2
174.89 155.934 1
180.567 138.276 2
100.524 151.182 1
261.207 125.262 2
243.068 159.625 1
292.143 117.697 1
104.486 134.874 1
117.963 170.214 2
146.939 207.703 1
109.854 211.01 2
239.889 263.212 1
281.329 147.572 1
243.937 143.517 1
208.18 125.825 1
192.221 162.742 2
231.475 103.218 1
171.675 92.7762 1
145.806 222.439 2
276.488 83.0046 1
179.332 134.986 1
170.407 146.671 1
216.957 246.532 1
191.952 258.939 2
148.77 213.179 1
171.049 286.468 2
136.533 250.036 1
148.926 278.14 1
77.5349 288.387 1
128.987 142.491 1
138.55 151.626 1
345.404 157.979 1
207.37 128.002 1
166.285 240.403 2
444.23 20.7888 1
398.624 112.04 2
356.216 148.788 2
250.642 98.0849 1
221.266 41.7207 1
224.023 187.219 2
171.96 89.2121 1
167.274 81.1693 2
141.256 99.9042 1
172.507 290.758 1
117.245 67.3411 1
133.928 242.77 2
124.539 212.488 1
102.623 127.842 1
300 156.386 1
341.326 138.242 1
340.913 153.649 2
268.305 102.649 1
253.017 47.9103 1
241.417 136.865 1
334.611 138.874 1
301.295 150.6 1
265.166 257.307 1
261.722 305.537 3
246.913 166.414 1
144.097 215.376 1
94.1618 295.896 1
95.6979 304.725 1
65.2181 222.431 1
413.38 15.3799 1
396.276 26.5782 1
374.746 306.243 1
329.7 145.067 4
249.851 124.932 1
242.344 264.86 1
215.987 18.3095 1
201.769 119.506 1
186.966 87.6443 2
187.374 127.777 2
168.568 189.465 2
139.703 94.9977 1
237.928 75.1217 2
233.782 57.333 1
377.662 23.4204 1
262.07 303.209 1
163.982 258.871 1
338.833 151.917 1
299.42 229.625 1
272.461 105.767 1
153.886 280.536 1
333.716 136.575 1
271.13 126.302 1
204.225 65.0521 1
260.238 110.809 1
338.635 285.596 2
359.963 172.588 1
290.805 123.762 1
249.848 259.081 1
242.419 291.846 1
252.525 132.008 6
244.631 124.75 1
242.696 68.8277 1
234.925 42.57 1
176.847 293.944 2
229.84 21.7291 1
171.79 58.4716 1
241.43 157.726 1
297.108 218.435 1
311.787 137.006 1
134.071 89.1145 1
304.703 228.791 1
260.145 209.48 1
277.177 107.62 1
203.914 174.247 3
209.849 103.704 2
158.077 280.792 1
337.379 153.9 1
271.598 129.823 1
206.956 79.7478 1
259.264 113.439 1
175.686 122.422 1
338.578 273.084 2
324.463 232.439 1
249.307 78.8516 1
245.047 46.0754 1
151.679 192.642 1
147.908 98.1203 2
225.244 193.434 1
135.285 145.905 2
132.636 86.471 1
383.73 130.205 2
346.592 152.736 1
275.782 101.585 1
270.353 76.6147 1
189.952 78.4503 1
208.032 189.029 1
375.156 147.838 1
146.531 233.177 1
437.332 271.752 1
251.504 58.2534 1
252.16 51.4774 1
303.049 109.855 2
298.421 98.9239 1
379.329 185.628 2
281.917 206.007 1
242.329 133.064 1
241.413 210.878 1
225.725 253.208 1
144.069 253.383 1
159.451 194.55 2
257.704 74.3076 1
170.901 123.775 1
170.371 180.606 1
164.937 151.216 1
158.141 233.558 1
459.802 236.337 1
442.943 157.976 2
372.795 186.895 1
419.684 117.16 3
166.933 182.849 1
281.835 94.2948 2
441.512 156.142 1
395.282 214.775 1
169.982 175.613 1
383.064 252.666 1
377.321 240.716 2
483.395 169.25 1
427.935 175.04 2
248.106 187.407 1
429.31 130.692 2
32.4056 222.234 2
450.775 112.698 1
253.504 158.257 1
482.34 81.9507 1
32.3958 144.151 1
141.501 180.35 1
437.433 101.771 1
169.586 168.678 1
224.947 124.106 1
34.2211 142.108 1
34.2482 181.829 2
40.9858 217.677 1
33.937 220.802 1
472.182 108.839 1
427.759 119.139 1
451.041 123.268 1
40.7044 130.99 1
236.809 142.55 1
495.666 148.54 1
444.954 159.92 1
40.8721 184.914 1
36.9881 198.914 1
451.422 127.977 1
496.711 158.313 1
395.289 166.209 1
119.417 137.119 1
274.144 123.625 1
401.662 152.024 1
388.607 178.275 1
133.874 160.97 1
410.93 103.338 1
273.508 187.124 1
106.965 192.616 1
162.826 253.993 1
278.714 105.258 1
242.242 191.181 1
110.374 91.6401 1
118.711 186.486 1
279.51 107.673 1
168.077 149.301 1
166.916 171.176 1
209.525 161.074 1
126.095 124.21 2
158.324 247.705 1
215.694 275.352 1
295.186 165.709 1
260.691 100.254 2
164.563 268.875 1
152.73 236.17 3
273.023 83.1164 2
173.534 135.256 1
134.697 42.65 1
136.641 102.603 1
166.638 287.035 1
130.692 245.01 1
132.324 250.242 1
241.52 106.496 1
156.948 246.031 1
392.885 112.255 2
351.759 148.702 2
323.537 145.225 1
242.416 298.358 2
211.611 174.283 2
189.603 127.302 1
175.799 88.7393 1
137.196 100.471 1
167.017 284.816 1
205.989 190.564 1
261.823 104.599 2
256.721 166.181 1
304.601 150.529 1
267.498 257.431 1
228.611 286.53 1
200.654 306.541 1
96.8811 295.996 1
372.398 306.491 1
352.175 116.459 1
270.909 86.3523 1
247.512 253.798 1
240.727 306.426 1
234.859 290.01 2
224.078 144.191 1
213.326 18.5531 1
179.501 303.177 1
170.484 289.034 1
175.014 16.1817 1
264.409 295.373 1
204.842 231.793 1
250.948 180.838 1
146.923 157.626 1
394.911 114.889 1
312.841 228.216 1
217.378 197.31 1
290.248 225.687 1
266.822 108.16 1
265.12 128.156 1
247.588 171.352 1
271.842 204.967 1
193.176 294.195 1
231.399 41.5726 1
143.966 98.0995 1
296.788 225.167 1
267.164 131.084 1
296.371 90.8332 2
166.658 210.459 1
253.499 115.789 1
345.812 268.376 1
221.836 191.726 1
209.818 124.47 1
257.88 92.3529 1
172.752 252.307 1
161.73 198.16 2
134.278 143.288 1
134.953 130.926 1
308.229 131.242 1
241.141 188.379 1
233.302 116.093 1
480.138 180.664 1
246.815 185.452 1
293.486 133.524 1
141.1 183.042 2
41.1861 142.115 1
444.995 216.195 1
480.64 185.709 1
32.7074 218.338 1
429.725 133.071 2
450.265 109.743 1
