5195 47508
888.265 36.4112 1
220.973 64.7213 27
225.918 71.0817 14
852.101 75.3689 3
222.697 77.3264 4
223.028 80.8223 8
228.618 87.6285 45
218.197 90.8504 17
824.555 92.1917 1
220.522 97.5873 3
886.158 99.2257 1
615.239 101.606 14
269.52 103.676 13
626.171 104.244 10
172.19 112.322 31
636.104 109.814 27
766.763 106.938 33
871.487 109.485 2
221.856 110.931 22
270.222 110.483 5
809.879 107.834 24
826.833 112.369 9
240.264 115.871 35
826.927 112.22 3
834.36 112.503 10
730.85 112.983 1
737.472 113.156 3
859.984 113.38 11
191.153 116.491 10
697.816 114.4 1
707.67 113.709 5
574.095 110.793 24
176.858 116.894 4
199.443 117.115 29
230.554 121.359 9
596.725 119.479 43
704.116 124.488 1
273.977 132.579 90
188.809 128.234 31
608.108 125.628 20
640.705 126.346 5
199.613 129.195 18
654.591 127.884 4
157.232 128.426 29
687.518 129.283 7
265.61 129.493 33
293.388 130.725 26
302.879 132.113 14
186.962 135.29 16
276.144 139.133 52
181.525 137.571 2
227.051 137.395 4
200.386 139.251 17
157.246 142.009 19
267.64 143.921 16
301.817 143.298 37
155.577 145.377 3
356.851 146.321 2
548.889 146.393 11
227.791 147.409 15
315.393 145.793 37
335.803 150.973 36
161.531 151.297 11
546.54 154.31 15
563.82 154.924 30
352.505 154.735 58
358.141 153.729 4
248.55 150.667 27
341.109 155.014 6
322.733 156.998 34
266.903 157.5 49
275.662 158.397 20
352.298 159.253 7
370.107 164.456 22
541.645 164.305 49
311.117 162.809 20
556.235 162.083 22
168.49 169.473 48
222.554 166.026 28
382.186 166.287 60
543.541 168.785 1
379.688 169.301 2
573.167 173.796 37
200.685 171.22 1
346.682 168.089 41
309.168 171.319 17
560.898 171.893 33
569.61 175.062 5
276.927 169.943 28
405.305 172.183 55
539.697 174.572 14
117.357 174.421 14
131.678 174.378 24
149.409 173.731 27
220.931 176.281 54
243.683 170.601 67
51.0237 175.744 7
60.9136 174.042 23
75.4925 175.71 15
103.942 175.011 9
239.862 176.385 5
40.0354 176.771 5
578.318 181.925 19
206.132 180.255 13
235.151 179.536 3
266.851 175.283 63
388.373 179.075 68
219.829 180.769 26
178.543 182.404 21
213.161 183.656 2
540.116 187.415 30
808.272 183.46 23
197.635 185.09 30
549.057 186.399 9
368.149 181.252 69
686.858 187.259 19
697.985 186.55 26
712.7 187.483 7
800.894 187.283 38
352.105 187.909 37
565.285 189.098 38
647.874 187.89 47
659.461 187.303 24
669.539 189.011 23
602.721 189.228 40
604.338 190.849 1
613.791 189.098 20
632.473 188.29 16
639.964 190.105 3
38.7282 191.072 5
93.7871 191.323 2
105.228 190.952 5
587.796 190.137 27
814.369 187.443 29
19.9538 192.443 2
413.281 192.706 4
447.431 189.426 82
540.801 192.183 11
555.62 190.604 30
218.342 193.691 21
231.641 188.438 25
234.461 187.325 25
422.993 192.016 43
432.73 192.521 23
441.652 193.308 11
527.01 193.033 26
214 193.947 9
485.457 192.494 67
494.634 193.175 17
515.552 193.489 15
391.048 195.37 31
459.195 196.572 9
789.855 192.851 43
376.15 198.281 13
470.385 193.947 56
766.923 195.271 28
356.756 198.313 7
368.602 198.567 37
670.918 197.547 16
737.064 195.474 53
750.612 199.86 12
837.705 196.411 18
331.27 198.087 23
686.802 197.942 10
707.07 196.11 29
468.494 198.244 13
682.671 197.633 54
302.24 201.373 22
295.841 198.867 3
545.286 201.052 44
555.285 202.715 2
574.956 198.271 51
769.919 202.474 3
218.903 203.067 13
520.219 203.073 41
527.118 203.598 1
745.374 208.164 17
67.673 204.385 8
106.721 201.269 7
495.176 203.303 98
502.048 205.306 3
250.562 201.518 44
116.257 203.755 38
120.894 200.473 31
33.638 206.832 6
129.253 206.76 14
231.041 204.151 34
209.963 206.684 41
243.87 205.754 16
549.15 213.404 59
24.6741 209.723 9
376.815 208.005 37
524.506 208.97 5
41.7346 208.99 8
893.699 210.388 1
67.7571 213.327 29
470.853 221.519 96
477.577 213.069 4
333.065 210.912 44
343.991 208.848 7
857.889 212.335 5
875.223 212.478 6
205.015 212.466 15
821.757 208.096 16
674.211 215.551 34
866.126 213.992 8
56.255 215.799 29
69.5796 216.418 4
127.492 216.483 14
297.817 216.924 26
455.468 216.042 57
463.176 221.987 25
777.172 213.205 22
197.075 218.506 31
333.666 220.122 5
356.429 215.377 51
724.285 218.133 4
312.936 217.898 20
418.261 215.973 29
674.449 220.105 6
763.028 217.9 27
772.831 220.487 11
846.49 220.521 38
853.728 220.182 4
20.2583 220.527 5
250.306 218.357 40
109.454 222.473 26
630.683 219.77 27
635.33 221.112 4
668.488 225.406 15
713.78 215.786 41
580.495 221.348 48
621.72 222.748 3
87.0588 221.249 13
542.819 223.628 12
867.291 223.53 10
105.649 226.439 6
345.68 224.047 19
487.785 222.103 40
538.352 229.868 45
576.912 227.468 8
612.369 224.2 12
42.7347 225.345 11
521.745 228.145 51
557.424 226.675 28
13.2343 227.287 1
477.539 225.699 7
491.275 227.181 1
650.857 226.151 29
724.876 225.226 33
179.077 227.873 25
197.301 229.025 32
520.786 228.874 6
812.671 226.364 62
137.981 229.544 49
153.661 228.376 37
436.888 227.088 66
640.701 229.511 18
675.705 227.61 27
833.374 225.022 16
422.21 227.767 8
431.178 229.127 7
542.566 232.058 21
826.207 230.462 3
102.033 237.149 26
593.399 229.332 33
750.272 230.114 66
809.809 231.344 2
414.017 233.34 40
748.666 233.008 10
839.51 230.713 7
292.235 230.832 25
504.748 230.774 25
12.2297 234.292 1
797.047 232.081 35
148.903 234.979 7
217.364 230.344 81
822.284 237.837 42
135.854 243.135 19
767.998 235.671 11
203.649 238.238 45
338.887 234.151 24
804.301 236.288 13
105.353 238.282 4
747.362 237.32 1
855.005 234.784 5
33.767 235.792 13
469.36 238.536 39
760.601 238.222 23
143.098 241.27 12
172.594 240.363 41
589.072 243.515 29
813.937 240.348 2
887.027 240.13 3
119.224 242.14 22
355.311 238.583 57
642.79 241.552 46
733.351 239.008 37
771.904 242.452 43
204.79 242.387 1
487.955 238.481 35
514.814 244.502 35
525.85 240.955 34
460.671 244.196 33
655.102 238.682 20
788.206 242.507 59
383.896 240.097 20
577.142 238.579 61
70.3984 241.915 13
135.468 248.99 8
143.484 244.56 1
613.114 241.689 103
631.157 245.18 35
879.203 248.138 4
430.534 243.475 43
624.393 244.816 5
767.743 250.911 15
853.589 246.009 7
368.95 250.455 79
401.49 249.224 13
279.041 244.059 36
457.641 246.723 11
514.576 246.075 16
561.128 242.881 77
572.331 247.496 6
168.461 248.864 36
192.138 249.996 46
450.326 245.806 42
464.074 248.405 1
878.596 249.582 3
103.491 248.814 13
490.69 248.769 20
509.668 249.442 1
605.232 249.809 23
737.802 251.871 26
766.194 249.953 4
889.274 249.025 1
236.323 249.064 42
262.529 250.415 54
544.153 249.516 35
668.037 251.211 45
727.374 253.33 7
482.766 245.949 16
566.579 252.767 7
648.309 255.429 79
881.415 252.797 2
93.0113 249.154 9
244.137 256.033 7
257.55 253.633 26
538.829 254.923 37
640.158 253.216 18
691.547 252.331 63
57.4137 254.055 22
145.04 251.183 65
155.975 250.37 29
159.087 264.329 29
177.168 249.63 48
341.049 258.841 38
111.269 251.695 25
224.143 253.091 36
258.766 255.042 1
586.294 257.221 25
191.501 255.367 6
84.6472 252.193 16
422.461 252.643 82
858.289 254.869 31
875.187 259.324 7
573.421 259.242 77
671.082 264.703 62
471.784 262.422 95
875.652 260.214 1
890.454 259.663 1
230.964 258.755 53
365.368 263.863 9
650.624 262.894 3
811.777 257.871 25
253.861 262.264 10
785.42 256.407 51
862.92 261.164 5
829.763 260.725 10
848.331 262.265 19
30.9618 263.233 4
310.959 261.871 54
335.548 261.775 18
540.22 265.427 13
821.926 261.42 23
824.516 262.314 3
837.125 259.783 19
844.327 264.121 2
477.266 268.356 10
499.276 270.596 100
578.101 266.97 12
695.046 265.032 60
881.15 262.447 3
143.027 263.394 17
444.379 263.307 63
455.197 269.567 19
673.313 266.258 24
689.422 264.194 13
742.802 263.803 54
734.139 265.806 6
14.1652 267.737 3
292.761 263.625 34
530.573 270.072 12
207.521 272.657 44
388.792 272.394 58
404.957 266.482 56
718.463 263.279 90
879.93 268.467 1
305.657 269.021 54
544.002 272.908 8
327.174 270.527 89
53.8279 273.042 19
151.793 274.897 17
348.925 271.074 50
890.897 272.235 1
23.5269 272.212 4
159.314 276.266 19
415.53 273.51 23
554.067 272.065 27
677.134 277.132 24
731.751 278.348 71
741.86 272.577 6
52.9045 274.763 1
137.003 274.731 9
752.983 274.242 7
766.042 268.561 77
783.934 271.33 15
428.8 281.148 23
775.121 274.967 1
116.843 275.543 23
192.789 277.508 31
256.192 275.624 20
451.654 276.853 17
660.502 276.821 54
810.331 276.503 13
126.721 274.222 25
279.313 272.965 59
390.802 277.596 18
616.794 280.801 75
14.4874 279.448 1
305.014 284.508 15
858.948 275.519 10
444.741 279.15 11
840.575 280.241 4
759.56 275.451 6
832.457 278.212 15
294.464 277.697 25
345.978 281.89 26
616.945 282.63 1
98.3861 281.544 77
469.4 279.791 32
629.02 281.245 6
721.226 282.809 3
742.447 285.315 36
878.14 281.279 4
534.575 279.202 32
669.49 288.638 24
708.58 278.638 57
97.2205 285.577 3
131.67 285.094 8
192.327 287.427 31
602.732 283.592 31
648.899 282.495 32
661.21 292.792 30
689.491 281.15 32
695.333 281.29 11
749.409 281.839 28
98.5114 292.31 11
245.558 283.72 54
653.851 285.148 11
678.051 285.181 11
107.114 287.629 1
306.688 287.02 22
548.641 286.173 35
637.004 288.993 26
798.915 284.68 31
71.6594 290.301 13
542.04 289.282 7
559.091 283.64 20
69.3778 290.594 6
303.243 290.251 1
609.911 289.232 8
118.114 287.686 32
57.5955 291.439 24
158.999 290.954 9
458.883 292.565 40
708.346 296.642 42
48.8054 293.698 19
144.595 297.072 27
665.964 297.462 18
777.109 297.014 8
509.883 295.679 30
222.027 298.792 20
493.778 294.199 48
802.746 295.17 14
397.872 298.64 14
413.727 297.197 54
416.27 298.744 1
433.313 298.731 44
536.488 298.987 17
386.723 299.472 11
426.12 293.388 13
820.343 296.349 27
373.26 292.679 24
512.887 304.539 7
578.206 303.208 10
756.69 300.841 21
880.13 301.11 3
368.625 299.378 17
738.614 301.338 43
41.6627 307.776 9
196.926 303.819 3
360.511 302.852 6
20.7593 304.512 2
78.3613 304.299 12
598.423 305.192 11
710.432 304.264 6
300.972 303.119 50
338.749 303.554 69
349.397 303.416 16
120.711 310.549 22
227.849 306.707 28
298.475 305.873 10
441.019 307.046 17
790.728 308.427 22
880.437 311.913 4
149.047 315.23 33
286.875 304.724 36
291.759 307.239 1
450.493 306.32 22
273.165 304.684 32
621.551 316.089 38
47.3911 311.131 13
262.308 305.307 12
818.3 308.405 9
245.983 307.844 42
766.164 306.986 45
227.573 311.513 12
545.436 311.571 12
32.8484 309.665 11
177.977 315.03 65
243.232 312.196 1
632.343 312.539 5
677.433 308.55 32
228.959 313.749 1
748.286 309.974 12
814.095 312.659 8
856.262 312.036 7
880.904 316.162 4
117.372 312.695 28
125.705 318.918 16
151.289 315.639 4
115.053 320.698 16
331.39 318.31 22
347.656 315.246 10
202.084 316.247 24
33.3104 319.282 17
282.506 325.215 65
723.696 325.06 50
879.733 321.742 7
308.447 318.43 16
459.88 315.646 65
548.169 319.289 15
578.699 317.617 24
603.605 319.966 30
530.473 319.276 16
635.714 317.638 28
844.346 321.467 2
789.743 320.744 34
139.691 319.733 46
408.38 323.207 67
512.036 322.465 47
561.887 323.588 13
630.428 325.287 31
198.201 325.582 29
477.767 324.009 64
271.423 325.422 6
613.734 327.446 35
43.9329 331.042 17
428.962 330.892 112
470.098 326.44 4
738.922 324.639 22
816.454 323.546 22
854.949 328.792 6
74.503 320.96 24
182.948 324.052 5
373.943 327.229 33
881.325 327.601 2
347.641 328.724 71
521.973 326.185 32
568.619 326.399 37
669.181 322.624 8
161.864 328.706 46
169.755 329.992 9
252.632 330.345 48
309.719 331.858 7
390.272 328.223 23
715.53 330.416 35
202.046 329.654 6
445.604 328.237 17
826.393 328.572 5
270.854 333.886 17
318.138 332.563 8
423.061 339.668 25
254.901 334.557 8
872.753 334.214 1
94.8247 339.172 18
179.547 337.475 43
621.812 340.272 22
804.645 332.241 41
184.952 337.099 16
837.396 335.287 31
880.17 337.425 2
384.921 338.693 29
603.968 336.6 86
653.417 340.664 98
668.436 339.372 2
731.072 341.56 18
793.13 340.061 25
359.432 338.883 37
185.66 341.333 1
291.201 338.949 71
347.386 345.109 27
661.285 341.732 13
792.773 340.656 1
202.774 340.777 15
627.328 342.314 1
864.562 340.816 19
866.036 342.101 1
284.179 346.653 30
458.507 341.588 4
480.257 344.263 18
695.283 343.64 36
194.533 342.685 9
377.007 343.612 9
652.195 344.089 1
168.383 344.967 34
618.267 345.257 31
785.304 344.879 14
117.266 347.121 39
753.331 349.442 7
28.381 345.848 10
841.915 348.454 20
227.385 347.297 46
313.69 350.45 43
250.831 342.23 38
287.604 348.44 2
353.32 348.395 30
482.007 347.337 5
556.781 346.953 22
858.258 348.902 3
168.937 347.832 23
715.169 346.051 26
825.527 344.209 9
26.1782 349.187 3
370.16 351.271 15
399.123 345.609 33
609.152 350.814 11
303.746 351.563 11
852.349 351.107 9
525.58 356.296 31
152.889 351.836 14
312.272 353.643 2
580.103 353.345 17
696.108 355.693 37
736.91 350.52 47
156.909 355.34 1
226.009 355.717 5
324.177 356.908 36
570.259 355.29 2
47.4273 354.547 11
238.699 354.492 44
347.401 356.642 50
541.418 354.642 42
779.682 356.306 8
37.6574 355.62 8
501.242 349.457 62
403.388 361.878 23
123.364 364.568 20
154.512 358.933 1
201.778 355.984 29
17.759 360.083 5
228.831 361.525 3
701.661 361.39 6
835.79 356.689 11
586.346 361.8 13
688.809 364.704 32
703.124 362.992 4
38.6093 364.531 1
138.251 365.097 38
740.374 366.541 50
485.447 364.886 33
51.2137 368.314 22
732.171 366.302 9
820.564 366.436 18
760.2 365.253 37
853.201 367.882 2
860.962 367.809 3
868.57 367.372 2
876.239 367.134 5
884.575 367.945 1
892.647 367.269 1
793.93 370.633 11
242.732 369.933 13
511.281 365.566 42
568.599 362.443 17
620.906 369.815 2
627.825 370.029 2
693.272 369.768 16
15.4513 370.744 1
125.624 370.747 12
431.003 369.375 19
634.856 369.29 4
641.265 368.9 7
649.565 370.276 1
681.589 370.093 2
693.621 370.53 2
329.529 368.67 14
702.508 370.979 16
240.335 372.531 6
711.525 369.667 59
46.9905 371.9 5
341.823 369.553 21
13.0798 374.84 2
59.1208 376.385 7
526.222 371.204 38
791.742 372.705 37
825.249 377.329 12
828.779 375.422 6
121.447 373.939 4
256.496 375.451 52
271.829 374.843 27
297.429 374.353 23
311.842 374.432 8
379.183 370.308 17
518.402 375.484 5
7.62683 377.147 1
395.043 373.64 81
171.137 378.59 25
352.273 379.319 5
461.329 375.909 15
710.417 378.419 4
143.9 376.578 29
222.692 382.013 6
364.711 374.152 32
513.419 378.993 5
571.854 383.566 51
187.36 381.06 11
379.386 383.479 37
479.568 377.163 39
504.058 383.2 2
527.505 386.599 50
542.156 381.972 14
804.179 382.601 13
59.4872 386.124 26
151.953 383.638 23
222.57 383.918 1
557.042 387.894 19
833.709 384.988 7
213.89 379.981 32
279.877 387.988 23
294.955 384.899 40
575.295 385.683 1
124.866 386.564 15
366.161 386.118 7
76.1848 385.525 26
589.014 383.486 102
807.962 387.483 2
401.204 387.385 35
550.895 393.124 13
141.682 388.488 26
260.084 389.648 5
309.234 389.267 5
839.006 389.665 28
226.172 392.494 12
692.369 396.15 11
804.738 392.861 4
202.584 392.992 10
556.346 393.32 18
600.746 392.012 25
152.683 390.213 18
649.709 393.443 2
663.861 391.717 15
827.059 394.262 24
294.964 390.042 31
327.847 388.229 13
574.771 393.239 13
851.875 388.743 35
126.212 395.997 28
317.629 394.478 15
337.755 401.646 47
479.99 396.219 15
491.307 395.03 18
804.179 396.308 2
46.6624 396.796 2
845.623 396.933 4
215.581 399.384 35
394.346 397.086 48
435.024 395.503 38
829.029 398.007 14
813.868 397.957 5
39.6042 399.024 12
299.293 400.429 5
855.467 401.569 15
134.21 406.757 30
150.928 400.972 13
194.021 398.084 47
301.881 400.419 4
341.066 401.991 1
240.811 400.315 53
381.654 402.007 29
58.6749 403.314 18
269.319 408.026 17
363.478 409.916 30
778.47 405.631 7
798.754 402.229 19
351.137 403.847 7
581.722 410.145 8
598.316 404.339 32
613.396 404.212 66
661.314 404.081 17
712.982 400.062 24
585.68 403.692 21
244.074 407.011 11
337.697 409.474 5
436.029 407.642 1
174.488 410.018 28
426.82 407.547 34
888.746 409.188 1
204.555 408.002 8
440.582 410.127 22
798.822 410.37 3
126.658 413.522 29
165.499 408.633 7
361.475 411.299 3
371.373 410.408 9
383.89 410.493 11
813.949 411.037 3
109.698 419.003 4
277.42 414.401 15
653.862 410.664 23
572.688 411.27 56
631.557 410.605 18
78.5154 414.912 8
519.195 412.538 10
92.2629 415.103 27
258.7 414.808 13
341.18 416.906 19
790.379 415.321 31
831.172 413.168 14
854.015 415.148 1
674.453 416.032 2
129.156 417.226 10
234.394 420.731 15
580.935 418.099 6
641.54 417.96 31
615.756 419.041 61
740.675 418.418 19
752.421 419.3 14
758.549 420.128 2
771.46 419.122 26
783.034 419.249 7
796.17 419.73 2
174.839 419.46 22
243.187 420.174 18
322.759 419.574 30
338.155 423.069 21
409.017 415.786 37
865.117 417.114 7
281.135 421.338 20
295.48 418.752 57
315.713 422.526 20
600.589 420.448 20
655.007 422.148 14
135.369 424.552 18
288.493 429.627 10
353.853 423.396 27
381.665 422.577 42
564.6 419.694 8
262.838 423.631 35
267.963 424.761 1
318.097 422.988 9
863.686 424.518 1
34.1979 424.315 3
395.522 429.498 4
882.039 425.783 2
448.344 422.645 55
619.381 427.076 8
828.673 425.734 24
556.048 428.799 6
574.405 428.123 22
195.633 428.642 4
429.305 424.756 36
446.625 429.455 2
498.825 424.036 31
544.656 428.364 22
570 429.238 1
746.987 429.251 2
401.674 430.318 3
697.828 427.889 34
715.635 430.931 1
738.295 427.194 10
722.3 431.059 6
731.388 434.756 10
606.242 432.6 28
768.362 433.014 6
137.309 434.067 11
786.128 433.287 22
119.178 434.464 11
759.92 434.431 15
781.965 434.647 6
819.884 433.472 15
700.185 436.804 2
867.066 432.72 3
88.5597 436.721 4
877.94 437.212 1
75.2626 438.255 14
590.87 441.628 6
669.012 434.996 26
61.8858 438.552 8
77.0002 438.334 3
597.62 439.021 2
605.951 439.419 2
665.321 437.526 5
214.711 441.421 12
356.772 441.486 8
123.703 444.124 3
126.458 443.438 3
187.912 444.081 16
467.963 443.163 5
829.207 447.041 5
879 444.867 5
25.6123 441.953 4
443.004 446.02 6
345.98 448.636 3
401.041 444.595 15
818.568 447.08 17
807.523 447.023 8
879.453 449.08 1
567.949 449.64 10
867.804 446.194 8
193.876 450.459 2
544.788 449.199 6
549.539 449.834 4
283.322 451.272 8
294.066 450.934 13
328.977 450.782 13
339.907 451.261 10
345.635 451.69 1
510.561 456.552 7
822.988 453.069 2
689.351 453.979 2
538.083 455.062 2
715.393 455.084 4
391.881 456.451 19
194.6 457.787 8
339.278 458.003 1
648.197 455.278 7
683.594 455.627 3
706.535 457.639 4
456.816 461.186 2
339.817 463.334 3
781.42 463.752 7
792.656 462.695 6
849.696 463.071 1
758.654 463.468 5
535.278 465.01 3
811.422 465.732 3
339.899 468.735 1
756.394 469.296 1
823.821 471.629 2
403.642 475.92 1
339.389 477.292 1
532.86 477.973 1
853.627 5.16142 2
4.82437 12.0632 1
10.7627 24.2458 1
13.6867 31.4476 1
880.503 38.2448 1
87.3597 40.2278 4
863.064 40.5922 4
227.718 66.8107 18
666.671 72.0163 37
883.99 70.4702 1
228.581 76.1145 5
873.55 77.285 1
860.184 78.8755 3
365.53 82.7479 7
224.642 86.5674 3
237.108 94.1812 29
893.097 91.0591 1
845.823 95.5856 5
863.609 94.3514 7
315.513 98.6257 17
825.837 98.3977 17
281.667 102.658 9
813.231 102.725 1
890.805 102.986 1
882.386 103.464 1
222.497 105.049 18
611.339 110.891 23
776.23 112.134 42
283.851 111.199 8
577.462 109.469 1
840.783 109.203 11
228.302 113.557 5
848.763 113.116 6
253.688 111.021 45
168.463 113.8 2
765.069 115.965 19
870.512 115.931 4
213.993 117.314 22
818.179 120.479 11
229.533 118.347 5
585.008 117.933 11
642.712 117.075 7
831.275 121.296 20
237.635 118.075 9
274.81 119.12 5
890.503 118.543 1
853.666 120.891 5
195.336 120.879 3
206.859 122.564 15
252.913 127.037 36
571.779 123.539 28
287.282 122.726 17
218.797 131.297 88
273.757 125.382 1
591.701 126.043 2
170.705 128.257 33
599.753 132.298 18
229.545 131.248 11
699.944 128.487 6
803.145 128.052 6
193.127 132.273 6
242.03 133.033 37
285.944 131.527 29
693.037 136.586 23
275.498 136.383 4
349.103 138.204 39
682.879 134.653 11
255.475 138 17
168.179 138.55 35
296.864 140.505 11
315.962 138.296 15
358.984 138.536 5
881.124 137.104 1
218.215 143.119 13
228.653 142.946 4
308.611 144.003 1
186.974 150.752 38
197.128 149.644 26
278.44 147.839 20
286.42 146.666 1
254.803 148.149 9
336.24 148.87 6
678.334 148.923 5
580.521 150.389 22
819.154 151.467 20
219.899 152.454 6
631.374 151.552 3
321.916 152.957 3
214.213 153.794 4
561.105 154.394 6
645.326 154.458 3
761.945 154.363 7
168.22 154.436 24
316.608 155.398 1
595.006 155.473 4
254.377 161.901 33
624.59 157.652 7
573.208 161.748 17
194.163 160.999 8
329.799 162.443 3
199 163.289 18
371.992 160.958 38
187.897 165.231 25
347.494 165.09 1
357.768 166.049 14
14.2907 165.965 1
175.033 157.757 12
214.713 164.675 9
277.881 166.208 4
332.638 169.506 10
321.78 168.839 33
230.241 168.414 13
521.975 170.65 1
607.731 170.828 16
235.408 171.527 11
373.08 175.869 21
550.283 172.297 33
800.963 169.119 6
388.578 172.832 2
192.271 172.64 8
384.563 173.877 3
209.311 170.902 10
352.755 177.252 30
378.219 173.662 1
445.55 177.399 14
301.014 180.103 31
325.145 180.437 20
556.147 178.994 5
122.562 179.14 6
229.811 179.5 1
278.399 181.25 38
399.419 181.198 15
65.4554 183.132 22
107.853 180.933 4
133.154 181.757 12
146.949 183.471 17
161.239 182.774 27
380.791 179.502 3
34.7587 182.153 6
52.7995 180.986 9
252.28 184.306 61
460.28 184.134 32
594.684 180.825 20
22.8097 181.922 2
239.192 182.834 11
555.703 184.608 1
401.392 187.317 5
187.611 190.145 20
197.53 188.86 4
584.255 188.294 4
792.01 193.745 5
760.256 194.074 18
567.107 195.768 18
577.315 191.871 8
659.083 196.403 59
690.631 192.931 4
825.445 191.528 34
652.646 194.265 11
704.653 195.931 10
593.239 197.028 26
607.974 196.437 18
669.782 194.449 2
680.653 193.93 5
80.7438 198.543 38
91.7361 197.59 22
112.812 196.607 10
120.724 195.106 4
129.103 196.03 13
141.281 204.425 23
153.953 204.427 31
162.336 198.043 12
171.781 199.593 31
177.653 199.509 12
564.84 193.34 5
21.4234 196.717 2
34.218 197.128 9
50.3104 198.657 10
56.2143 197.198 8
66.2236 197.165 4
73.6612 195.863 3
100.013 198.77 12
243.631 196.771 6
252.323 196.504 9
410.002 202.892 58
509.22 197.93 12
533.279 197.809 9
542.349 197.354 2
553.676 198.971 5
231.302 198.451 1
398.877 202.109 22
465.823 198.381 1
499.678 198.007 2
697.502 201.455 9
776.576 198.67 12
813.725 199.763 25
5.5902 198.88 1
220.188 199.838 5
831.028 204.184 28
893.047 199.459 1
624.078 198.74 4
796.156 199.741 1
87.1842 207.185 21
263.198 205.535 49
436.142 200.653 17
760.581 202.427 4
378.83 202.368 1
389.668 208.194 16
474.292 204.147 13
561.007 204.253 7
694.789 202.149 1
736.571 207.431 6
235.973 202.926 1
370.081 203.042 4
706.556 204.982 3
184.665 204.264 9
583.453 204.869 14
309.394 207.946 23
317.483 206.335 9
561.646 211.33 19
574.036 211.83 13
795.78 207.987 31
809.38 205.25 15
57.4591 207.055 6
508.262 207.03 14
552.469 208.586 3
764.269 207.12 12
779.509 207.902 18
481.476 208.444 12
623.921 208.541 24
741.081 208.677 22
757.034 211.235 12
73.6684 210.997 10
258.33 208.092 9
287.374 209.758 19
410.786 208.738 9
439.35 208.919 15
397.163 210.924 9
427.052 210.652 17
640.619 211.993 36
686.461 214.028 29
698.166 210.776 40
4.39971 210.322 1
72.5733 210.78 3
111.113 212.051 18
831.322 212.834 10
114.862 211.652 4
133.857 212.728 13
220.272 213.926 22
252.024 212.251 4
592.936 213.74 18
596.319 211.711 3
614.464 214.599 15
674.75 211.455 7
35.8773 213.297 10
233.735 216.798 35
269.155 213.719 9
384.539 215.66 28
564.422 212.599 5
572.06 212.136 5
580.644 212.654 15
186.3 212.824 3
212.221 217.646 24
242.899 213.821 6
271.398 213.852 6
520.411 214.982 16
528.433 215.275 6
535.681 213.227 2
808.925 212.892 31
101.92 214.497 2
140.575 215.506 19
379.835 215.837 3
514.159 217.72 11
756.828 214.604 4
765.106 214.533 6
788.248 217.715 19
365.751 215.396 6
416.139 214.84 3
463.859 215.77 1
470.368 215.06 2
484.656 216.494 19
885.357 214.933 1
25.6668 219.365 14
339.452 223.295 25
402.971 217.542 21
501.558 217.962 20
693.533 218.805 9
259.394 218.796 31
318.717 216.79 5
695.139 224.859 11
715.496 216.947 1
858.325 219.553 9
87.0729 215.924 13
119.634 219.414 28
267.169 218.39 2
431.931 218.313 11
615.265 219 3
663.698 211.537 14
817.893 219.63 9
826.252 219.311 9
849.842 218.624 1
67.1041 222.751 22
79.7344 218.905 14
325.34 222.476 21
407.52 223.327 33
612.978 219.097 2
809.452 218.991 4
50.4239 220.442 15
354.579 219.879 1
395.325 221.404 11
96.7192 219.252 4
150.493 217.21 32
462.624 221.255 2
520.324 221.032 2
368.445 223.3 24
496.263 222.34 1
781.24 223.202 19
886.069 222.589 1
205.325 224.974 23
406.077 223.649 3
424.83 223.599 13
449.936 227.599 35
737.56 222.231 28
768.978 223.46 2
777.687 222.944 4
185.016 224.499 13
297.606 224.58 20
309.517 227.723 26
341.319 223.66 6
446.336 223.964 5
849.919 224.2 1
124.93 226.642 20
720.208 224.65 3
137.952 225.823 3
154.52 225.295 1
246.574 226.328 21
4.59132 226.189 1
257.529 229.304 19
666.168 226.931 6
192.31 227.916 1
369.558 229.615 8
388.76 227.762 30
394.457 227.468 2
616.832 227.946 9
17.1574 228.859 1
97.6716 231.371 11
513.341 231.02 13
541.338 239.116 19
791.626 230.14 8
120.768 230.32 7
267.496 234.358 5
483.596 231.013 32
657.982 231.808 13
779.087 230.955 15
871.519 232.753 6
59.9289 231.722 9
128.169 230.355 12
530.812 230.508 10
735.342 230.863 17
821.179 230.867 1
854.09 231.087 3
862.265 230.735 5
303.027 235.762 12
359.355 233.207 4
709.131 234.495 20
713.021 231.427 2
721.733 236.96 30
883.206 231.096 1
688.57 233.953 54
846.353 234.854 9
5.94236 232.843 1
185.277 233.722 18
625.333 234.654 12
629.413 235.38 3
653.45 234.635 4
663.281 238.548 31
832.247 234.763 13
158.333 236.581 16
566.346 231.392 21
575.515 234.513 1
587.685 238.543 6
602.657 234.499 33
616.847 234.445 4
637.381 239.549 23
814.168 234.758 1
350.854 235.095 3
369.566 238.215 16
422.736 237.754 28
752.361 236.258 3
395.934 236.829 24
547.38 237.348 4
822.824 238.39 3
838.929 236.535 1
43.3018 237.852 18
76.9652 237.264 1
453.65 236.54 10
506.2 238.951 3
121.063 238.045 9
377.012 237.899 10
512.179 238.07 3
661.178 238.052 2
185.581 239.572 8
285.064 237.107 5
478.8 239.212 7
224.521 240.002 5
369.227 239.995 1
381.843 239.799 1
771.988 240.089 7
798.067 240.708 20
126.238 241.789 5
303.25 245.813 20
404.766 239.785 15
533.369 241.044 7
680.977 241.925 17
53.516 242.911 28
153.299 243.383 14
249.758 243.266 8
802.953 245.556 17
843.742 241.681 6
552.369 242.505 5
761.508 245.363 8
783.61 243.131 15
857.8 242.933 5
108.129 243.998 2
166.139 243.961 1
205.113 252.471 80
293.667 249.813 30
401.208 253.143 17
15.8025 244.807 2
348.71 245.814 13
596.663 245.091 9
320.344 245.303 10
423.108 245.714 5
482.903 245.589 2
671.638 245.828 1
867.983 247.103 12
42.118 250.352 17
118.39 248.087 18
185.021 248.777 3
470.941 249.596 7
499.321 249.833 20
862.338 246.889 4
893.294 246.518 2
8.96592 247.438 1
199.165 251.515 15
438.493 247.274 21
526.33 251.441 21
580.298 248.668 13
645.135 248.547 7
683.688 250.464 5
755.174 248.633 34
843.392 247.841 7
141.345 249.187 2
160.482 247.974 3
602.17 248.289 1
90.7587 249.482 3
542.667 249.825 1
621.631 254.232 48
884.106 249.215 1
344.068 251.492 13
399.004 250.729 3
559.63 251.836 19
661.205 251.527 16
18.0707 251.994 1
552.711 251.579 10
720.179 252.182 11
785.416 251.361 4
277.869 253.688 14
31.122 253.587 5
51.0422 254.254 4
196.494 253.277 3
469.079 253.889 6
496.301 253.866 3
515.753 259.094 81
684.229 254.431 4
697.975 254.583 6
745.785 249.436 47
800.467 254.394 7
172.024 261.643 52
325.518 253.16 37
376.58 257.108 37
844.729 254.63 1
102.277 256.223 3
268.626 257.194 11
282.505 262.961 31
491.146 256.596 7
570.875 255.004 1
583.339 259.307 11
527.147 257.698 8
597.94 257.455 71
633.263 258.582 24
886.872 256.875 1
155.117 260.111 24
156.697 258.481 3
182.976 259.471 19
250.249 257.977 1
305.425 256.364 18
344.7 259.28 3
541.105 259.639 16
753.852 259.387 20
11.4402 259.017 2
62.5513 259.653 6
113.637 265.243 10
640.937 265.7 9
792.998 260.652 9
105.672 260.198 6
224.702 262.999 6
265.064 263.488 45
763.966 260.7 32
95.8014 262.221 20
194.875 262.791 10
450.646 257.824 11
560.713 261.04 23
52.8072 261.851 4
354.579 261.761 32
656.161 264.236 9
705.132 262.114 24
321.13 264.238 3
580.752 262.588 4
771.435 263.516 10
277.284 265.469 44
394.636 263.024 27
485.156 264.476 32
546.977 264.995 8
667.21 263.543 3
230.309 265.57 7
377.991 265.282 8
641.887 264.537 2
758.489 264.641 1
867.801 264.466 6
890.23 264.773 1
33.342 267.717 10
249.358 266.075 17
404.773 264.643 3
606.189 269.329 15
777.473 266.07 5
856.02 265.214 13
298.514 267.764 3
368.212 271.996 14
416.091 266.69 6
534.563 269.056 4
587.776 267.574 12
595.893 267.222 9
802.711 266.362 37
865.816 266.397 3
20.5257 267.059 3
312.856 268.463 5
336.32 270.711 14
352.851 268.332 1
398.306 270.547 7
422.935 268.571 8
561.923 272.444 22
823.225 268.784 14
833.579 268.23 7
34.2317 270.018 4
318.293 269.777 5
474.624 269.564 2
498.168 272.743 19
664.304 269.747 6
884.627 269.719 1
361.608 271.162 22
439.37 272.843 40
486.384 271.886 17
683.534 274.703 15
718.844 272.281 5
734.959 270.678 2
747.477 270.911 4
808.1 270.638 5
518.42 276.102 50
75.5727 274.302 13
207.596 274.708 8
257.021 272.98 3
699.788 275.911 20
818.133 277.833 25
851.324 276.172 14
45.5477 274.787 12
66.9984 273.956 9
250.258 273.482 3
405.482 274.195 29
594.053 273.75 14
709.63 273.495 9
456.247 274.16 3
542.765 276.258 11
757.705 274.601 2
828.331 274.613 5
846.439 274.133 2
157.832 275.116 2
367.866 275.142 1
434.987 274.819 5
468.347 275.779 7
293.678 276.729 1
386.435 275.749 6
549.517 277.89 7
567.892 280.332 45
740.426 277.194 2
875.952 277.193 1
49.9833 278.545 7
135.021 278.651 2
215.351 277.504 8
557.228 278.673 4
598.542 279.795 10
636.305 274.645 30
675.476 279.339 10
864.477 282.099 18
300.369 279.301 2
626.178 279.855 5
780.676 280.794 39
24.7954 280.667 10
61.1134 280.296 6
201.361 280.416 12
286.643 281.504 9
476.674 279.243 20
661.004 280.023 2
750.928 280.259 2
117.577 282.097 15
327.294 281.548 33
423.475 283.305 17
436.413 284.06 14
447.379 285.332 18
32.8644 285.388 13
406.364 282.326 6
699.529 283.216 5
798.05 282.24 1
808.115 286.354 13
112.815 283.529 7
141.517 284.327 11
390.992 284.089 4
156.775 285.798 4
300.547 283.48 2
312.662 284.412 1
859.395 284.079 10
13.1342 284.654 1
321.291 287.265 15
359.543 286.318 16
383.519 287.806 37
757.055 285.315 3
790.522 286.92 9
839.068 289.465 35
265.809 288.713 28
483.425 288.646 30
728.337 292.005 18
819.943 287.128 16
354.595 287.643 10
813.612 286.589 3
885.234 286.791 1
409.566 288.017 17
630.14 288.009 4
666.09 287.632 1
704.626 288.1 8
716.847 290.795 29
81.3334 290.692 32
101.36 288.621 2
134.327 289.992 6
216.035 288.771 1
397.744 289.187 14
615.392 289.065 3
659.664 290.324 3
672.235 288.784 3
692.742 288.578 10
768.381 291.196 28
783.135 289.237 3
870.626 288.897 8
873.642 288.825 1
66.5256 289.346 3
257.372 289.445 12
583.116 296.547 11
622.455 289.273 10
753.839 290.933 8
845.919 289.301 6
90.9386 291.15 10
359.67 290.053 2
646.404 300.515 49
735.578 290.897 16
124.234 293.073 8
313.253 292.819 37
680.187 293.412 34
760.262 291.362 3
54.6163 292.7 2
134.06 298.982 23
283.833 292.974 23
566.915 293.373 47
796.995 292.766 4
31.293 293.878 15
261.102 296.751 9
293.025 293.756 7
306.044 294.752 7
554.492 294.029 22
9.41343 294.347 2
37.1498 294.969 12
516.7 294.656 10
611.969 300 50
666.557 294.32 3
767.929 294.742 4
872.089 294.711 2
343.853 295.566 1
381.885 295.039 4
865.591 295.823 3
883.19 295.59 1
106.098 298.005 9
591.598 296.979 15
626.413 297.087 3
745.237 295.855 1
59.2446 303.163 22
83.0458 298.447 8
818.508 297.711 7
835.235 297.739 14
842.636 298.266 12
202.196 297.887 4
271.627 297.853 20
489.01 298.043 9
17.8674 299.198 1
119.19 298.846 2
322.981 301.629 23
653.895 300.157 7
44.8675 300.27 2
156.495 300.334 22
564.296 302.26 32
780.793 302.118 32
102.769 300.55 1
194.16 297.614 21
236.089 301.366 14
500.849 306.636 48
586.439 302.872 11
644.623 300.604 1
207.918 305.865 8
414.086 306.108 25
481.261 298.949 11
548.288 304.056 13
553.637 305.519 15
861.945 304.681 4
385.058 306.266 47
402.621 303.721 21
773.534 301.47 8
52.9887 304.582 12
318.398 309.084 42
413.809 306.258 10
430.716 305.929 11
521.95 307.656 38
884.445 304.102 1
32.1771 305.655 6
382.196 314.191 19
375.348 305.773 11
445.443 309.567 14
841.65 306.022 3
46.874 306.306 5
161.311 311.468 18
240.488 306.608 2
874.711 306.805 1
361.02 308.613 17
365.082 307.296 6
748.269 307.321 3
847.312 307.23 9
461.818 308.633 8
718.365 308.809 31
803.176 309.406 13
23.9946 309.709 3
86.0371 312.127 49
128.304 310.418 16
196.4 310.798 19
352.403 309.537 2
423.232 311.579 18
674.22 308.484 24
102.689 309.995 5
332.89 310.535 8
403.796 311.942 14
652.721 309.674 9
807.29 310.261 2
62.5887 311.781 8
300.369 311.204 2
321.154 311.181 9
478.499 314.601 9
487.145 312.539 28
574.51 311.49 17
885.217 311.13 1
286.934 313.67 20
388.648 313.508 30
470.04 311.702 8
559.208 312.51 36
775.484 309.633 6
47.6887 313.73 3
136.288 317.46 33
276.134 312.994 3
372.021 314.276 15
517.344 312.926 2
528.297 313.438 9
659.323 314.495 25
762.643 315.249 10
93.757 318.962 29
254.956 316.507 57
450.195 317.087 12
622.989 316.215 11
837.661 314.665 9
37.8795 315.642 3
608.873 317.47 6
189.862 317.286 12
239.051 318.296 7
327.453 316.344 1
502.412 319.344 10
681.059 317.55 6
691.522 319.776 44
803.701 317.075 12
884.882 316.717 1
214.465 316.363 18
220.852 317.356 6
231.346 317.693 4
381.502 317.347 2
407.869 317.1 2
534.973 317.353 2
545.981 317.557 1
55.1001 318.24 10
80.4012 318.744 8
127.573 318.106 7
416.256 318.998 21
509.69 317.947 1
116.607 321.165 7
297.95 319.105 4
466.583 319.622 9
504.092 318.739 2
566.085 319.338 11
655.202 323.755 13
855.877 319.974 11
473.518 320.661 11
585.184 321.111 15
619.626 323.424 18
643.004 322.402 9
259.941 321.861 11
339.259 321.991 12
351.842 322.054 22
387.107 320.761 4
525.543 320.919 2
797.923 321.277 7
849.314 321.072 1
107.799 322.144 8
149.888 322.208 2
245.628 322.004 20
734.802 325.382 23
37.1434 322.549 3
60.3343 325.387 12
65.8286 323.024 5
132.179 324.789 3
405.621 324.047 5
422.76 322.499 3
885.137 322.724 1
72.5055 323.819 1
176.903 323.713 8
359.628 327.562 26
868.429 323.564 13
122.889 326.787 7
283.231 328.956 36
493.093 325.899 10
537.834 325.363 14
593.503 325.815 29
724.841 328.372 19
456.358 325.854 18
693.565 326.074 11
218.286 328.441 21
242.706 329.177 6
255.602 327.093 8
605.105 331.797 8
654.006 327.253 11
766.61 324.805 6
825.543 327.35 6
837.251 327.749 23
138.617 328.198 7
220.941 329.062 26
356.567 327.776 1
543.979 331.801 34
567.519 328.024 7
756.119 327.951 25
411.816 328.605 2
461.596 332.737 11
481.428 329.072 5
623.566 327.967 5
637.122 330.285 15
745.146 329.961 10
67.9757 330.853 11
420.967 330.607 10
433.332 329.365 1
514.35 333.924 30
551.86 332.576 6
662.949 329.535 13
681.682 331.907 26
711.691 329.58 5
724.603 329.907 1
832.026 329.448 3
885.39 329.492 1
44.0569 330.581 2
176.304 330.202 1
264.404 329.916 7
475.54 334.706 32
813.391 331.136 12
856.971 330.753 2
132.679 337.886 22
527.708 331.543 6
703.794 330.497 20
766.028 332.535 15
796.196 331.123 1
877.177 331.314 2
59.3036 332.139 9
351.905 332.917 14
371.902 333.245 15
533.859 339.24 41
164.603 333.816 3
225.701 333.591 2
323.359 333.802 14
291.735 333.016 7
614.385 333.932 11
628.898 334.927 4
671.532 334.597 9
738.536 334.757 3
757.502 334.654 2
842.388 334.43 2
32.6215 334.713 13
209.327 341.841 13
240.266 335.994 17
339.831 336.42 2
512.889 335.758 1
550.271 337.855 10
658.582 336.357 2
712.232 344.086 25
50.2195 339.263 16
87.6179 344.399 17
101.068 343.161 6
117.378 337.754 7
377.814 337.198 2
393.753 337.518 5
493.631 341.487 14
312.325 341.195 15
322.976 343.961 13
334.196 332.925 17
420.1 342.899 23
446.861 344.068 68
572.405 338.14 3
641.607 341.235 22
811.213 338.18 1
874.88 339.395 8
61.0086 340.067 8
231.927 342.185 4
261.391 342.727 19
126.559 341.513 11
161.14 339.175 12
174.499 342.377 3
252.299 340.046 4
562.088 340.431 18
638.648 340.338 2
739.808 340.513 4
840.224 340.109 2
147.258 341.705 11
488.456 344.997 19
541.263 340.951 11
755.238 342.849 27
755.215 347.623 26
66.5235 341.383 6
609.159 343.053 8
730.536 342.35 1
881.833 342.136 1
246.026 342.924 1
273.577 342.544 2
412.319 339.338 18
319.196 343.611 1
337.848 343.38 5
371.808 342.798 6
707.351 343.932 27
805.436 350.313 26
816.456 344.733 10
824.254 344.023 4
54.3102 345.121 2
214.548 347.745 31
298.1 350.631 24
364.583 355.383 45
394.328 346.324 16
519.646 346.362 5
791.208 346.542 8
185.419 350.393 38
215.682 346.889 10
310.133 347.642 1
462.271 347.755 14
499.755 347.497 10
669.429 347.265 46
68.5692 349.97 45
586.684 342.445 29
829.292 347.305 2
259.792 351.203 14
459.582 348.807 2
488.606 348.26 4
771.123 347.83 19
109.406 349.584 3
127.227 348.75 16
148.657 349.982 1
158.622 349.593 7
381.112 350.935 56
722.967 348.46 6
750.754 349.822 7
801.315 350.152 10
842.259 349.492 11
864.1 352.403 10
243.898 350.427 1
602.978 359.062 50
201.679 353.262 12
335.528 352.243 31
469.85 351.596 3
514.925 353.535 7
705.474 353.187 21
83.853 361.153 20
114.679 353.623 3
170.771 354.695 14
209.609 353.873 3
425.255 355.126 52
538.82 353.134 2
29.2738 355.018 7
43.8585 357.169 7
259.583 354.963 8
347.06 354.745 5
435.848 355.959 5
747.752 356.753 32
822.519 354.816 14
362.35 358.304 20
856.772 356.564 11
525.801 356.395 1
553.856 357.354 23
179.956 357.209 11
270.441 357.407 18
486.512 358.089 13
509.078 357.7 4
532.716 356.863 5
563.655 357.653 12
841.927 357.167 6
22.3043 359.607 6
251.698 358.937 10
494.552 357.629 3
574.093 358.72 27
101.234 363.147 17
158.596 362.962 15
785.092 363.186 13
229.714 359.624 1
622.08 354.843 16
33.9512 361.074 1
193.785 354.932 9
275.694 360.525 3
738.497 361.245 1
777.561 363.783 23
238.105 362.481 11
260.572 361.751 6
386.796 362.412 23
404.804 364.04 28
527.73 363.444 11
535.953 362.951 10
82.1446 361.035 10
218.049 359.527 35
351.681 366.86 12
504.653 363.315 1
593.374 365.776 17
709.214 360.608 5
20.7563 364.023 2
67.0975 363.967 9
415.853 364.593 7
498.445 364.455 20
551.734 364.468 17
694.547 363.943 2
270.845 365.308 7
465.863 364.898 1
518.512 365.361 6
810.075 365.686 37
59.223 365.753 1
827.921 367.717 8
43.0254 366.981 5
86.2053 367.279 6
159.971 370.075 4
373.492 367.751 3
564.672 368.03 7
260.653 369.252 3
278.184 367.812 8
393.937 368.104 8
835.74 371.31 24
340.642 368.848 4
382.244 368.978 5
585.738 369.743 15
140.91 370.911 6
521.936 369.373 1
704.7 370.984 8
362.574 370.411 5
68.7638 371.61 12
368.697 371.781 3
720.002 371.937 19
857.137 371.946 4
863.186 371.691 7
350.284 372.685 4
775.7 377.757 22
879.72 372.037 1
887.891 372.029 1
408.312 373.798 6
750.863 376.768 36
805.178 374.548 14
18.6527 374.221 1
415.407 374.204 3
428.795 375.128 21
438.703 374.895 9
598.788 374.18 11
626.769 377.279 10
663.139 374.609 5
671.751 375.854 13
680.272 375.93 13
690.272 374.801 1
814.19 377.097 11
358.615 376.193 7
551.709 376.304 12
572.23 375.473 2
384.407 377.214 6
485.864 380.217 4
718.531 377.361 21
44.1654 379.842 9
53.0056 378.743 3
213.896 378.53 7
526.582 378.05 1
564.033 377.582 4
66.9436 379.356 12
370.478 386.261 43
541.165 379.685 7
786.321 380.135 15
13.0531 379.972 1
183.699 380.41 3
254.939 379.693 6
302.885 381.674 10
448.144 382.695 15
498.213 380.949 8
688.787 383.536 7
120.808 381.297 5
241.204 380.827 32
266.02 383.526 37
275.386 382.2 12
294.008 381.586 8
316.045 382.463 9
328.733 383.035 8
352.274 381.14 11
434.717 387.191 31
800.08 382.893 11
234.818 381.862 1
426.776 381.389 14
517.287 384.891 37
580.85 381.951 13
721.953 381.855 2
832.927 382.119 8
131.837 383.553 1
137.971 388.563 22
342 385.175 12
461.526 383.489 11
492.444 382.589 9
697.964 382.203 29
4.34623 384.52 1
91.8819 385.269 34
368.451 383.978 1
390.399 384.548 13
114.369 385.882 15
218.596 384.639 1
227.206 385.574 12
412.901 382.787 24
530.742 384.03 5
819.974 384.84 8
192.008 387.145 10
438.574 385.479 1
508.967 387.745 22
171.464 386.613 1
398.694 386.659 2
813.033 390.932 11
421.439 388.715 21
631.7 389.344 20
661.787 388.108 4
679.504 388.136 2
718.424 390.992 41
839.655 387.55 3
871.179 387.38 2
43.1106 389.013 10
55.5124 388.329 1
432.584 390.746 9
458.546 392.741 26
727.169 388.824 1
849.809 387.905 7
287.22 389.822 2
326.652 389.855 1
384.43 390.503 11
563.698 390.031 1
105.242 390.571 1
25.2661 391.107 2
95.7345 391.686 4
136.355 391.33 9
353.176 396.496 17
413.74 391.94 7
47.918 392.464 4
163.21 393.747 18
490.321 391.285 7
548.911 392.71 1
828.003 392.572 1
91.584 397.333 5
178.246 394.633 10
333.738 392.89 2
446.05 394.063 20
502.312 390.64 26
671.109 393.038 24
308.603 394.932 10
867.207 398.171 4
14.5295 395.15 1
533.827 395.487 2
7.33592 396.435 2
58.9218 396.262 3
115.459 396.617 12
142.995 396.422 17
199.344 396.531 8
242.877 396.769 8
286.511 397.275 4
368.691 396.347 1
391.662 396.559 2
559.17 402.013 10
176.325 397.594 2
639.527 396.785 1
654.392 397.264 10
184.153 399.677 16
580.494 398.514 15
778.489 398.595 2
819.678 399.005 8
855.706 398.179 1
91.4521 398.761 1
432.18 399.202 7
487.265 399.298 2
225.459 405.777 28
277.414 400.709 11
346.948 400.694 4
608.049 400.433 5
724.834 400.1 3
478.005 401.011 1
558.99 400.22 1
832.974 399.45 3
864.731 401.141 6
45.9825 403.276 16
65.6785 399.285 19
375.198 402.096 5
507.058 406.014 33
74.7639 401.092 4
250.582 403.178 14
284.845 403.018 4
366.229 403.787 1
389.949 406.126 8
684.741 403.63 2
154.74 407.317 31
551.777 406.726 13
640.082 405.917 10
649.223 404.996 8
745.271 402.975 5
186.762 406.664 9
207.234 405.543 6
263.558 406.286 7
297.702 406.861 13
309.187 405.383 22
397.473 406.914 17
149.021 409.268 42
198.277 406.843 11
223.123 407.584 11
679.385 406.265 1
863.71 407.017 8
174.186 407.717 2
412.897 411.871 5
464.386 408.434 29
279.505 408.895 1
422.287 410.792 5
479.486 408.397 13
628.313 410.059 1
704.843 415.455 35
774.918 409.623 1
850.554 409.663 3
348.245 410.824 20
581.213 410.648 8
600.818 410.556 2
665.535 412.758 11
59.4358 412.968 7
140.329 411.617 12
182.359 411.715 2
208.723 414.14 14
638.748 411.137 3
825.538 411.992 5
840.323 413.061 24
292.914 412.701 1
332.376 412.554 6
501.339 414.121 15
590.442 412.849 1
671.063 412.523 1
678.999 412.025 4
859.713 413.678 6
298.868 415.64 5
391.168 415.744 30
411.525 413.265 3
434.892 415.528 19
90.7575 414.142 2
270.129 416.238 4
422.278 413.984 4
145.183 416.665 3
189.549 416.826 9
315.423 416.202 3
375.685 415.671 1
382.477 415.583 2
405.888 415.026 3
442.127 415.737 5
482.726 417.691 19
104.906 415.886 11
364.5 416.196 6
662.945 419.024 32
36.6648 417.165 3
459.367 418.283 6
548.985 418.4 4
565.108 418.369 4
636.795 418.213 2
699.75 418.723 18
473.885 422.493 15
839.009 419.375 6
229.715 420.955 23
83.1601 420.904 22
256.944 421.344 1
393.779 425.306 7
404.401 419.756 1
590.976 421.149 5
608.478 420.521 8
669.317 420.758 8
133.078 421.703 1
367.465 423.183 13
857.61 422.861 2
888.546 422.964 2
203.587 423.99 17
627.261 427.337 41
644.694 424.214 12
779.798 424.087 4
91.1761 430.134 16
307.253 424.802 4
326.88 425.309 1
660.567 424.676 2
679.849 425.289 7
755.67 424.981 5
822.278 421.851 8
157.881 422.891 24
294.905 426.955 14
416.294 426.124 17
471.917 428.377 17
489.289 425.654 2
539.472 425.614 1
582.811 425.631 16
458.039 428.725 13
523.695 427.134 25
277.139 429.732 19
286.064 428.51 8
507.975 427.466 28
594.52 433.161 28
841.917 427.282 10
138.996 428.306 1
210.676 429.496 6
346.782 430.189 17
361.967 429.087 18
376.287 429.561 10
856.066 430.961 5
27.1313 429.899 5
251.672 427.49 18
269.944 430.247 12
877.322 430.336 3
314.082 430.883 14
624.483 431.195 5
631.321 430.248 3
639.516 432.634 15
671.865 431.714 2
887.392 430.812 1
128.44 434.187 14
484.809 431.318 6
450.606 434.426 17
819.738 432.162 1
829.623 433.209 7
154.363 433.467 1
427.88 435.591 14
441.95 433.555 5
566.37 434.243 21
573.159 433.835 2
836.835 432.888 12
893.519 433.06 1
474.111 434.945 9
550.046 434.826 13
678.574 434.655 1
744.424 434.218 10
539.113 436.235 14
710.216 436.498 20
727.558 435.144 3
872.405 436.879 4
610.313 439.939 3
619.751 436.301 7
652.969 436.287 7
773.456 437.366 19
809.061 437.243 4
843.002 439.943 18
797.943 437.681 10
295.354 439.525 3
753.361 439.921 17
785.052 439.956 11
882.219 438.889 1
888.69 438.999 1
229.443 441.182 22
740.099 442.658 8
330.444 442.361 1
563.506 441.87 3
723.502 441.849 8
82.387 443.139 15
248.807 443.104 29
280.663 443.216 2
395.387 443.419 2
602.559 443.146 5
618.147 443.314 12
628.893 443.414 4
40.8413 443.962 4
612.283 443.876 3
637.291 444.247 3
644.991 444.178 3
664.343 444.233 7
819.101 443.631 1
418.679 444.376 7
437.31 444.335 4
214.817 449.798 6
801.183 446.145 2
361.788 447.721 18
371.056 447.501 13
834.803 446.383 2
860.307 446.872 3
873.034 446.696 1
202.335 449.239 14
383.501 449.596 15
19.9906 450.292 1
251.268 452.561 10
575.096 450.653 4
828.267 451.753 6
588.322 453.387 8
614.229 453.253 4
624.611 452.98 5
638.72 453.371 10
655.858 453.608 5
664.896 453.943 12
789.499 452.986 1
836.96 453.398 7
843.219 453.371 2
88.1735 454.363 2
361.566 455.465 6
559.27 455.797 10
568.603 455.602 6
544.503 455.211 9
346.97 456.635 5
814.673 456.448 1
210.464 458.385 10
200.985 458.056 2
173.504 459.457 2
376.648 459.458 1
718.8 459.522 1
5.83376 460.613 2
313.133 461.275 1
574.436 460.557 2
100.133 462.619 3
302.583 462.342 1
356.439 463.022 8
530.621 462.113 3
393.401 463.355 1
547.391 463.325 1
217.978 463.306 1
401.18 464.172 1
713.648 467.222 3
836.895 464.252 1
865.198 464.262 1
190.043 464.685 1
428.091 465.019 1
450.643 464.866 1
821.125 464.896 1
855.302 465.033 1
877.016 464.719 2
888.104 464.701 1
439.572 461.705 10
500.497 462.763 3
593.043 466.12 1
625.566 466.032 1
373.503 466.602 1
660.593 466.581 1
85.6353 467.626 1
693.108 467.556 2
730.926 468.106 1
539.094 469.075 1
760.909 468.74 1
778.94 468.623 3
789.253 468.342 1
827.931 468.63 1
817.515 470.068 1
474.233 472.663 1
485.877 472.182 1
546.901 472.67 1
555.853 472.899 1
514.085 473.174 1
695.853 474.534 1
731.291 475.239 1
765.323 475.01 2
828.162 475.018 1
201.03 476.704 1
744.49 476.14 1
774.088 475.301 1
783.818 476.196 2
210.131 477.342 1
244.882 477.389 1
254.016 477.005 1
572.63 477.658 1
79.1881 478.48 1
345.203 478.397 1
354.711 478.68 1
380.107 477.893 1
4.49229 25.5009 1
876.736 29.8765 1
858.752 33.7148 5
865.288 69.6709 6
844.362 71.3948 13
882.87 93.408 1
616.608 134.335 17
220.262 140.653 3
605.149 156.923 7
268.952 164.958 16
166.698 173.946 25
291.459 231.08 2
91.0746 243.306 18
745.556 244.82 34
231.198 256.759 1
225.787 282.298 46
724.541 277.364 3
471.526 306.574 26
25.2247 316.665 3
95.0267 325.157 22
17.5822 326.645 1
587.056 326.053 9
315.75 325.619 15
84.0472 330.957 37
136.584 344.889 25
139.939 338.448 3
191.68 340.294 1
236.529 353.481 1
320.908 353.937 4
216.944 360.842 17
738.053 381.552 19
597.51 402.035 8
555.963 427.993 9
586.679 442.87 3
794.527 451.057 3
853.178 450.819 3
676.401 455.399 5
383.998 464.79 2
496.512 472.797 2
842.922 26.9413 1
887.351 63.316 1
815.99 93.18 22
785.12 99.3606 17
164.27 108.053 14
857.407 114.541 1
243.455 118.903 2
345.041 128.057 24
180.067 131.487 15
536.862 144.826 8
209.56 144.069 5
283.624 161.719 20
336.31 171.011 13
77.1969 174.852 3
131.818 174.973 1
33.2488 176.266 1
202.283 178.384 8
182.282 176 31
167.788 187.221 14
407.572 190.059 10
505.326 191.792 21
456.574 193.597 1
520.345 193.913 3
828.929 193.504 2
840.654 196.596 2
315.011 198.103 16
664.879 207.422 15
606.437 215.723 13
846.112 217.037 4
138.933 219.674 3
594.466 221.072 14
836.936 224.491 7
807.891 235.49 1
216.456 241.53 7
388.603 255.778 17
460.823 256.72 19
373.512 261.626 10
295.003 259.637 4
521.93 263.904 29
524.897 266.095 1
428.745 266.915 10
625.536 268.532 28
357.372 278.724 9
84.8293 282.32 25
568.143 286.032 9
239.632 293.002 15
787.852 294.391 15
800.399 298.436 3
444.714 299.051 7
492.158 300.802 5
39.1478 309.093 1
179.093 315.956 5
25.9945 332.046 3
715.771 332.246 4
506.409 332.969 8
153.756 334.992 24
437.787 336.86 6
385.926 341.501 1
414.857 349.582 8
742.952 349.108 2
101.959 354.223 6
118.456 361.749 9
51.8708 370.866 2
331.119 375.325 8
232.408 376.747 18
299.325 375.073 1
283.803 376.058 23
310.339 376.478 12
479.458 377.748 1
508.286 376.919 8
336.361 378.209 15
688.969 385.211 15
60.5873 389.148 2
424.854 394.683 6
553.965 395.244 1
363.633 397.396 6
494.13 405.732 28
696.254 409.085 15
327.011 409.738 11
516.36 411.144 13
530.088 411.782 18
199.86 415.835 7
469.533 416.072 7
864.984 416.765 3
303.343 422.026 7
740.285 418.64 1
70.6167 420.475 6
191.858 423.812 4
263.585 425.421 1
596.227 434.281 1
732.768 437.368 1
26.0241 440.277 4
854.431 441.278 14
14.1333 444.304 2
105.895 442.88 16
138.265 443.035 16
180.38 443.466 6
196.386 443.999 5
536.814 447.9 7
693.648 449.613 2
234.862 450.6 2
309.495 451.59 7
82.9573 462.561 2
486.412 461.496 4
766.221 462.501 2
785.673 463.829 1
508.189 461.385 7
598.497 32.3682 5
631.626 32.7166 8
14.6805 38.279 1
882.559 44.769 1
71.5265 45.9861 2
871.294 45.1706 1
41.7316 48.8575 3
496.371 49.1229 2
238.619 57.6695 35
272.45 55.9905 6
819.867 69.9905 8
661.281 77.95 7
847.875 71.7445 2
234.962 78.4577 13
308.765 80.4161 36
793.429 82.0766 10
876.04 82.8059 1
388.971 89.8045 40
413.965 91.5706 31
240.249 93.4594 2
887.01 95.1369 1
867.161 97.8139 1
316.744 99.918 10
828.812 101.922 6
209.104 104.495 13
593.418 105.991 29
811.588 107.354 2
183.237 108.502 18
286.615 108.911 2
255.339 110.717 1
781.808 107.752 9
199.089 117.581 4
872.406 117.784 1
742.046 120.076 12
276.625 122.472 2
253.029 125.765 4
770.536 127.455 12
287.157 130.098 2
232.471 136.548 5
586.917 134.897 7
695.452 136.133 2
257.779 140.835 3
348.995 140.339 12
296.791 141.198 11
364.685 145.667 35
604.179 146.264 13
247.293 149.374 8
881.843 148.827 1
583.824 154.357 4
188.371 154.089 5
200.584 152.876 4
682.371 152.76 1
845.756 151.509 2
818.071 156.017 3
565.095 158.457 4
174.381 156.945 17
606.43 159.296 1
255.235 161.352 1
517.791 160.588 29
553.64 166.466 9
575.032 165.105 1
491.903 170.034 7
241.895 172.103 2
587.427 172.818 38
879.317 171.791 1
775.418 172.487 5
218.911 177.192 2
369.295 177.977 5
329.114 180.027 2
353.263 178.803 2
417.772 182.898 16
437.628 185.357 14
271.491 189.607 13
304.948 182.362 1
69.4786 185.874 6
252.362 184.016 3
462.919 185.186 1
765.302 194.751 8
634.965 197.124 39
686.2 197.306 3
709.766 196.719 8
740.005 195.863 9
804.976 195.407 18
96.3989 204.861 6
568.827 202.257 5
598.022 197.948 2
18.7743 201.138 1
40.1252 201.161 6
117.647 199.693 1
173.63 199.674 1
547.268 200.866 4
196.155 200.517 12
407.725 201.944 5
261.879 207.699 1
801.236 205.794 3
87.7137 210.522 4
312.377 211.138 6
716.711 210.195 23
767.574 209.964 1
641.037 214.686 6
78.9005 213.747 1
108.982 216.231 4
442.187 214.961 5
548.405 215.84 3
675.914 215.685 1
249.555 217.093 1
30.5931 218.894 1
213.353 224.838 10
469.483 223.755 7
343.654 221.888 2
834.229 224.04 5
862.726 222.541 4
56.6802 227.435 11
326.096 227.046 5
814.508 224.276 1
131.166 224.148 3
406.134 231.002 22
451.757 228.896 3
309.402 232.253 9
253.79 238.705 12
21.5449 232.01 1
737.864 231.833 1
485.097 236.936 16
688.508 234.494 2
873.279 234.932 2
268.547 235.444 2
431.872 238.565 18
606.157 239.271 5
723.457 237.703 1
639.689 239.147 4
666.508 240.529 3
557.161 240.961 4
56.0387 244.06 2
93.3339 246.109 2
802.744 245.603 1
298.893 247.791 4
404.621 250.246 1
203.91 251.982 5
428.748 250.718 5
42.3096 257.362 4
500.776 253.243 1
528.664 253.21 1
614.414 260.43 18
649.969 252.584 3
786.676 255.829 1
22.5022 256.629 1
515.199 257.946 2
121.38 258.643 13
169.707 262.6 8
470.33 260.684 3
698.257 259.481 2
159.275 262.023 2
179.925 261.728 1
266.847 267.834 7
708.059 266.51 11
764.267 265.732 5
302.471 269.749 1
375.891 270.739 3
417.554 274.715 4
445.145 275.101 1
491.504 275.76 1
523.469 282.278 19
314.047 278.786 9
712.661 278.205 5
820.002 278.288 1
853.278 277.842 2
150.467 278.844 8
249.232 279.836 2
336.597 281.998 8
117.76 286.379 3
425.483 289.117 3
865.147 284.88 1
270.682 288.518 2
451.112 290.472 12
168.364 289.039 7
485.681 289.672 1
821.445 291.742 3
840.774 291.371 5
41.7865 291.227 2
411.253 291.542 3
695.793 290.513 1
719.291 294.545 5
539.37 293.808 10
888.16 292.75 1
139.019 296.377 9
314.331 297.718 6
559.651 296.018 6
614.899 299.088 14
647.048 296.956 2
749.458 297.158 1
114.941 305.722 8
266.461 301.516 2
350.31 301.986 11
701.61 301.434 26
248.654 299.079 12
326.379 304.581 8
688.993 302.151 32
783.107 303.808 1
58.7603 305.476 2
571.443 304.577 2
503.497 307.815 9
860.257 304.062 5
560.063 307.796 1
734.647 306.6 19
829.116 308.114 37
166.561 314.7 12
460.496 313.402 2
490.498 313.121 2
888.738 313.168 1
288.184 315.171 2
196.97 315.694 4
393.866 318.988 6
138.108 320.46 8
216.527 319.018 2
750.074 319.248 41
767.212 318.907 32
96.0103 321.504 2
477.536 321.601 1
569.375 322.133 1
302.835 327.016 14
329.14 322.968 2
617.124 327.398 4
265.585 324.752 2
282.501 329.634 1
487.834 334.028 3
604.741 332.067 2
683.429 337.741 9
745.773 333.211 2
38.0016 336.193 8
328.183 337.194 6
448.097 342.982 6
167.254 343.255 5
709.657 345.274 12
876.635 343.094 1
82.5464 343.764 8
495.051 346.386 2
674.947 347.106 9
186.575 350.588 2
297.808 351.335 6
381.792 356.013 6
267.546 350.949 23
587.867 352.151 1
869.414 351.391 6
618.016 353.151 7
48.6663 360.238 5
830.588 353.485 7
29.2961 358.352 1
512.586 358.766 1
602.598 359.628 8
102.402 364.938 1
229.394 363.938 2
542.507 367.363 6
782.46 367.071 7
839.347 369.718 7
146.531 373.335 6
394.826 371.763 1
707.976 373.399 1
721.558 376.206 2
882.831 375.024 1
639.48 375.56 26
673.184 380.38 5
755.81 380.765 7
20.5911 379.852 1
569.826 384.509 6
584.032 380.626 2
780.016 382.625 5
48.5632 383.514 2
71.0979 386.403 15
413.977 383.56 1
703.259 381.501 3
297.295 385.996 5
474.385 387.181 24
112.947 389.58 2
513.441 388.985 3
687.321 390.214 6
854.341 389.129 1
393.996 389.93 1
721.471 391.986 2
461.96 397.899 6
354.592 397.13 7
66.9667 397.956 1
408.259 397.957 27
95.6197 398.817 1
50.8197 406.333 6
135.093 401.489 9
226.073 404.988 1
870.385 405.449 3
505.852 406.869 6
556.578 407.145 6
267.724 408.741 4
584.206 410.559 1
351.081 411.541 2
250.449 411.657 3
829.881 414.359 2
60.4801 415.808 1
705.307 415.257 4
843.047 415.678 1
41.6177 417.44 2
95.8741 417.624 2
218.012 413.779 23
391.989 417.501 1
613.49 419.795 2
446.563 422.803 4
526.596 422.099 3
875.597 421.574 6
676.436 423.133 1
184.193 425.391 14
739.499 425.856 6
771.987 425.868 6
794.625 426.543 16
219.887 431.412 11
392.227 428.168 9
232.935 428.754 22
274.813 431.053 1
296.445 430.194 1
90.893 432.269 1
456.943 434.589 3
522.673 431.838 2
363.175 434.664 3
638.727 435.255 1
711.83 436.446 1
822.03 435.84 4
204.522 441.854 6
423.109 435.823 15
553.221 438.839 1
771.758 441.755 2
653.191 443.346 6
754.54 444.341 1
786.049 443.591 1
886.118 442.947 1
670.892 446.216 1
43.4819 448.33 1
371.165 450.123 1
27.5706 452.986 1
858.196 453.889 1
515.624 455.034 6
838.822 455.555 1
252.619 457.806 1
565.029 457.82 1
604.631 452.508 7
226.866 460.487 1
285.289 461.889 2
347.23 460.097 1
359.087 462.412 1
580.769 464.865 2
679.658 466.162 2
93.8483 467.984 1
845.201 469.483 1
859.98 468.226 1
848.331 38.8422 4
559.142 48.2705 1
584.578 51.9744 3
655.655 56.1002 1
562.689 70.0182 3
215.664 103.673 9
238.86 138.049 6
656.304 142.173 26
479.026 171.474 7
203.934 205.023 16
357.481 212.614 21
409.767 255.005 9
686.773 278.637 8
371.56 324.452 4
133.36 344.059 1
712.076 368.429 1
792.444 363.585 11
684.894 422.421 2
318.293 466.644 1
566.139 32.1905 1
285.025 91.8095 2
159.241 111.697 2
560.954 118.399 11
298.331 127.266 5
380.208 164.261 1
412.029 172.059 4
175.468 174.388 2
706.578 179.317 3
765.965 182.289 3
800.045 181.674 1
597.615 185.075 1
161.836 189.651 1
341.368 193.309 3
568.006 243.968 1
174.04 249.48 1
637.564 248.14 6
426.439 261.648 3
245.213 289.035 2
256.788 305.407 1
628.481 329.138 1
380.535 341.889 1
612.858 346.249 1
486.096 371.395 4
122.528 397.076 4
56.3423 405.242 1
692.155 404.966 7
650.398 416.395 3
273.576 419.4 1
788.748 418.242 7
68.9516 439.507 7
866.333 439.872 1
445.404 461.442 1
481.243 459.914 1
62.9608 29.0153 5
644.852 40.4449 1
842.052 47.9362 2
23.5783 52.3934 1
589.721 51.4955 4
75.6902 56.7638 1
245.689 60.0833 2
815.878 76.6304 2
577.227 80.957 1
394.179 94.3509 2
830.755 107.242 1
594.773 113.952 4
259.681 118.276 5
785.651 116.733 1
875.495 125.467 1
221.076 135.439 1
350.335 145.904 2
694.365 146.219 5
592.141 160.739 1
557.151 173.396 1
436.352 187.104 6
614.45 204.554 8
665.16 201.373 15
817.566 207.161 7
161.505 207.351 7
850.023 211.056 5
700.923 223.05 4
748.758 220.415 6
565.163 224.965 3
34.0388 227.568 2
220.83 226.863 2
67.6171 234.136 5
256.642 242.554 6
443.806 246.119 5
489.063 243.802 1
156.848 249.959 2
755.726 251.976 2
824.723 248.125 4
209.418 258.287 1
618.372 261.164 3
131.615 264.991 2
238.074 265.158 1
473.075 264.563 2
176.658 268.938 2
276.334 270.941 7
696.86 277.154 2
344.206 279.779 2
737.347 283.126 2
501.333 286.44 17
283.302 298.31 5
659.032 304.061 4
705.665 309.886 6
505.93 312.322 2
846.452 325.757 3
288.988 330.048 2
353.824 340.759 9
684.735 347.084 3
139.33 353.552 15
221.467 351.045 2
640.831 350.262 4
715.427 356.254 2
754.3 354.658 4
305.187 365.022 12
801.046 363.652 5
863.195 360.266 1
372.77 361.466 7
599.949 367.381 1
160.356 371.488 1
21.891 386.633 1
300.692 391.17 2
792.881 391.094 9
570.366 401.507 2
841.807 399.719 2
517.783 401.204 4
876.114 406.103 1
715.888 419.104 13
812.465 423.512 3
256.535 438.022 2
372.712 441.665 10
526.593 436.848 3
434.424 447.91 2
83.6129 454.995 1
854.175 458.926 1
159.517 460.517 1
205.651 460.872 1
367.365 185.197 4
570.762 226.898 3
363.973 252.301 6
763.693 256.274 1
438.533 290.952 5
868.241 304.971 1
738.451 318.186 8
399.961 368.134 10
839.027 60.4915 1
761.613 96.7541 1
318.291 125.254 1
488.045 133.322 1
398.081 164.136 15
788.925 165.896 6
532.621 175.315 9
332.116 257.889 1
619.132 340.987 2
543.125 363.669 2
498.431 393.836 1
787.702 416.385 1
439.492 425.476 2
551.001 59.7046 1
605.453 60.6665 2
136.523 109.719 1
849.09 105.282 7
293.322 160.328 3
510.372 167.261 3
669.012 206.534 1
236.36 242.546 2
710.785 241.634 16
190.775 288.456 7
492.744 280.494 4
399.322 317.469 3
96.8893 377.082 3
616.708 380.38 3
248.994 410.23 1
539.82 408.156 2
735.185 414.854 1
799.392 82.4678 1
408.337 136.192 1
640.488 137.555 4
210.721 311.788 3
366.535 339.952 7
465.861 390.423 3
199.11 210.209 3
651.728 167.528 1
268.261 123.424 6
626.028 125.183 9
223.183 143.592 3
679.192 141.981 13
181.667 160.177 5
142.316 177.028 16
169.267 178.33 4
60.9995 190.651 6
130.097 189.779 2
248.658 191.08 3
438.123 190.817 1
547.879 192.939 3
374.558 198.663 1
788.248 202.305 6
704.458 204.534 5
752.742 203.158 1
690.656 204.843 2
221.713 206.497 1
178.791 206.245 4
516.487 209.606 6
498.354 211.181 7
304.958 210.509 3
48.9515 212.635 9
630.867 212.266 3
659.982 215.299 13
681.812 213.945 2
642.005 222.725 3
398.866 223.275 1
498.112 230.753 7
52.9112 233.372 4
414.07 239.975 4
24.3714 243.713 8
561.508 243.552 2
589.213 245.054 7
701.077 243.034 10
48.5847 247.446 6
475.447 251.543 6
631.938 251.356 8
486.022 257.429 2
549.53 257.348 4
314.535 259.674 5
400.046 262.639 1
658.145 268.141 5
590.34 269.189 1
276.203 277.526 3
849.181 283.697 7
731.956 286.894 3
372.689 289.768 13
594.891 292.328 17
811.18 291.874 5
233.518 294.261 1
598.7 293.726 9
364.281 301.88 1
493.586 305.625 2
251.161 307.336 1
679.8 308.358 1
834.999 308.518 1
82.8678 323.089 1
208.428 323.828 6
439.968 319.578 10
809.464 323.221 5
26.7976 324.194 1
30.7523 327.514 4
697.234 333.038 7
483.665 334.714 2
825.327 337.273 2
431.672 340.479 3
582.928 341.181 38
855.555 339.899 9
293.601 343.659 1
508.928 347.576 3
409.947 352.085 14
383.128 356.639 3
591.036 358.183 4
145.407 360.876 2
513.163 363.841 1
716.975 365.717 6
135.95 367.995 1
738.365 370.85 4
558.457 371.019 9
535.643 375.66 10
464.836 377.234 1
164.959 376.9 3
434.902 376.459 5
726.208 383.948 1
346.371 387.133 3
586.945 386.867 2
449.513 387.239 3
184.266 391.999 1
592.588 392.254 2
541.478 391.9 20
228.541 395.007 6
281.361 394.907 8
680.537 398.481 4
695.282 399.157 2
148.662 400.38 2
166.241 401.978 14
424.726 401.522 4
174.997 402.278 2
411.732 401.034 9
738.82 408.573 2
607.546 410.434 4
506.045 412.32 6
537.206 412.835 2
546.267 413.054 11
401.503 412.78 6
630.503 417.822 4
625.65 418.254 4
764.28 418.415 1
233.299 420.566 3
418.778 419.9 5
123.61 427.385 3
236.523 437.086 11
235.093 436.137 1
625.832 437.6 5
614.874 439.081 3
201.433 442.798 2
208.004 442.986 6
305.04 450.462 3
469.98 460.978 3
205.434 107.459 6
245.476 111.9 4
220.43 125.666 1
239.943 125.37 3
553.205 158.358 10
582.855 171.402 2
311.972 178.678 11
263.238 176.545 1
384.746 186.56 7
806.64 191.163 2
207.466 198.547 3
426.82 200.859 13
489.535 199.686 4
516.411 200.136 2
675.225 201.887 4
722.358 200.872 5
726.446 200.552 3
596.806 204.127 1
324.962 205.956 2
534.735 205.878 9
277.456 207.403 40
486.436 207.38 3
530.869 206.75 1
541.154 207.999 1
709.233 207.999 4
747.175 207.456 1
788.215 207.645 2
732.711 211.343 19
444.438 209.061 2
496.547 210.234 1
550.492 211.881 1
878.612 216.557 1
837.733 218.805 4
164.151 224.497 31
493.078 233.44 3
438.45 238.13 8
673.112 235.457 2
810.779 244.61 12
298.635 245.089 1
246.764 252.651 12
318.932 255.314 1
867.997 256.861 2
439.133 261.7 1
464.374 264.933 3
217.659 267.024 2
623.56 269.212 1
791.394 272.344 3
859.911 273.483 2
840.138 275.896 3
143.795 289.561 7
636.157 284.704 3
852.067 289.245 3
455.06 289.236 1
112.076 295.558 10
73.7473 298.275 2
458.197 298.277 1
765.071 299.691 5
795.75 302.153 10
626.415 303.021 24
561.765 303.312 1
732.95 302.266 6
856.396 302.821 2
529.717 302.701 6
661.235 304.997 6
522.17 307.958 4
636.409 313.187 2
270.813 314.52 3
823.381 321.344 7
649.959 319.388 8
794.962 325.698 3
768.095 331.556 1
409.842 333.732 4
287.891 339.077 2
692.942 341.654 1
108.393 340.34 6
436.364 344.166 8
373.461 348.733 1
368.571 359.897 3
851.017 361.253 8
843.149 365.283 5
389.715 371.274 1
474.496 374.093 1
613.323 373.765 6
637.481 375.118 1
176.681 381.759 1
268.338 390.512 1
254.598 392.433 8
402.991 395.717 2
517.042 396.538 1
827.175 402.415 1
792.066 403.5 2
167.644 407.852 4
449.626 408.36 10
761.964 406.205 1
457.379 407.946 1
152.893 415.194 2
871.773 424.259 5
792.543 425.161 1
383.546 430.359 6
367.136 433.393 7
206.068 432.672 1
641.769 431.679 5
419.919 434.465 2
405.239 435.766 4
349.281 438.948 3
479.516 444.402 3
470.494 447.987 5
466.384 449.695 1
404.302 451.002 3
556.518 41.6508 6
647.956 53.5709 1
788.06 191.866 1
705.104 195.945 2
154.198 241.933 1
565.493 362.241 1
760.21 386.01 6
347.517 396.457 1
690.306 447.179 2
608.507 100.652 4
310.653 130.235 7
209.611 170.121 2
166.125 188.705 1
627.04 188.346 1
379.075 229.698 4
102.658 244.739 1
689.88 259.984 1
354.804 277.448 1
588.966 281.789 23
373.963 296.152 1
451.56 410.93 1
370.567 424.772 1
696.794 140.382 1
233.187 157.363 9
267.559 171.922 2
350.633 182.46 2
469.389 186.771 8
157.236 200.957 4
416.458 203.13 1
795.787 213.143 6
557.189 215.053 3
622.725 214.931 2
505.519 221.948 2
255.531 234.896 1
433.483 240.984 2
664.174 245.834 3
807.397 249.397 5
303.174 250.437 2
499.239 257.383 2
115.929 267.209 2
666.458 277.719 2
780.602 282.199 8
427.63 290.142 1
98.5669 297.915 3
754.388 296.222 2
415.363 312.636 6
392.115 320.339 1
758.166 323.822 3
328.949 327.437 1
477.032 325.815 3
266.84 331.681 2
678.352 340.394 3
532.575 340.224 8
264.064 346.377 3
85.2007 349.708 1
290.24 355.386 17
427.205 352.115 6
101.631 368.905 2
540.888 371.527 4
672.568 385.854 8
336.987 401.315 1
645.815 412.559 6
828.609 420.243 2
476.669 424.335 6
611.771 117.951 4
261.298 150.504 6
815.522 206.606 2
794.363 388.275 10
531.972 141.41 7
378.403 160.669 2
707.15 177.513 1
801.346 175.682 3
309.074 155.052 5
500.148 157.929 4
166.683 217.49 4
746.341 224.595 5
222.564 233.098 2
697.378 234.733 6
133.881 241.804 2
334.95 242.672 6
314.786 250.042 4
413.227 246.094 5
767.111 260.391 3
577.683 272.027 3
615.199 268.997 5
179.4 272.364 3
656.72 309.012 2
701.754 314.34 6
221.761 347.014 2
684.281 353.654 6
638.835 355.651 1
434.675 361.269 2
190.554 366.587 5
528.35 169.439 9
789.453 180.705 9
787.999 219.958 3
759.8 202.671 2
681.316 128.41 3
848.428 296.849 4
807.572 260.364 5
734.007 203.713 3
796.578 272.277 13
829.781 314.371 3
827.599 314.626 1
713.16 204.139 1
810.618 302.934 6
845 343.294 2
747.346 257.531 1
752.161 265.509 3
680.614 206.029 4
846.817 382.264 3
684.044 223.234 5
834.368 375.685 5
852 394.276 1
871.497 415.596 2
704.606 254.159 10
833.081 387.023 2
585.142 139.258 6
837.343 396.165 1
656.489 218.968 4
765.031 325.888 2
726.63 290.424 2
572.922 141.747 17
769.073 343.377 5
820.105 404.75 2
628.209 214.115 4
818.173 413.483 7
734.04 332.51 4
562.131 161.489 1
565.478 167.533 8
794.744 398.127 2
606.364 221.262 1
702.035 320.428 7
801.543 435.539 7
566.92 208.079 1
613.949 268.845 4
633.042 297.779 2
551.312 226.318 3
548.342 224.609 1
582.392 269.12 2
504.782 193.401 1
723.375 418.959 2
490.415 210.762 3
533.767 255.053 5
546.92 270.72 3
445.715 171.152 2
604.889 346.952 2
509.413 264.077 1
442.739 200.948 3
580.778 342.058 4
512.261 281.921 7
393.702 167.447 23
659.796 437.258 4
422.396 201.402 1
649.775 430.314 2
520.906 318.306 4
359.016 170.788 2
475.178 287.424 3
334.907 154.859 1
362.795 187.831 8
233.996 57.1261 4
417.451 243.358 3
374.435 204.032 1
401.917 232.141 5
232.934 68.5657 8
492.714 332.689 1
233.567 74.9177 1
369.824 217.004 1
320.257 172.38 3
561.417 412.996 3
400.744 255.487 3
544.659 405.163 2
549.999 413.404 2
240.768 106.412 9
450.557 321.746 3
251.64 129.808 2
314.669 199.588 1
496.674 388.521 1
224.81 119.813 1
320.321 221.35 2
289.613 200.667 3
417.583 338.271 1
178.792 107.497 4
408.412 337.66 2
400.054 335.118 4
419.84 382.015 4
452.708 415.445 5
187.077 172.079 2
435.612 419.882 2
404.986 406.795 3
315.967 320.399 1
266.326 277.083 14
264.855 279.99 4
375.065 393.353 4
210.201 229.508 2
205.547 227.345 1
300.706 328.45 3
401.677 432.301 1
426.15 460.537 2
155.077 186.911 6
150.24 216.488 8
142.844 207.75 4
266.14 337.508 2
331.844 403.985 3
309.859 414.509 3
100.014 209.197 6
94.2093 204.42 3
96.5586 217.913 4
305.829 431.791 3
250.192 376.015 1
255.04 384.483 1
249.534 381.502 1
313.559 450.749 2
196.508 331.965 5
250.894 395.5 2
265.626 414.065 3
28.8547 191.106 2
233.238 395.543 1
135.123 304.837 2
44.978 231.136 5
145.677 330.822 3
134.43 331.391 2
204.918 400.74 2
28.4352 229.837 3
78.6861 283.355 3
91.8392 301.729 5
112.526 333.536 8
131.546 357.126 4
100.468 330.438 3
124.541 354.411 1
67.661 305.998 2
212.272 450.972 6
72.1258 339.608 7
75.001 352.245 6
50.4946 326.014 1
36.9352 340.209 2
66.7631 438.774 1
50.5119 439.237 5
862.536 138.173 2
847.666 138.213 5
715.803 30.6791 1
818.812 189.832 3
864.17 239.935 5
870.396 253.337 1
781.456 172.045 3
800.339 204.833 1
759.878 171.951 7
783.366 198.246 2
622.711 42.025 6
845.105 268.644 4
813.772 266.55 4
633.725 89.6106 3
707.746 165.588 18
830.811 303.347 2
799.337 273.074 1
818.752 303.893 5
831.857 321.092 1
850.222 342.456 7
786.988 280.03 4
866.157 383.622 2
845.261 371.901 5
824.739 360.15 2
695.505 234.344 6
780.521 324.604 11
813.868 358.104 8
514.109 66.965 5
574.827 130.168 1
648.455 201.107 4
661.565 220.537 5
651.31 211.821 2
867.348 429.423 6
646.763 211.251 1
775.072 350.188 10
555.822 128.357 2
740.318 313.457 6
721.444 304.961 7
646.696 234.808 7
835.336 424.189 3
631.808 227.354 8
662.147 258.672 7
604.807 203.134 1
769.015 368.89 4
666.438 270.821 1
685.913 299.775 4
566.076 182.328 2
599.642 219.303 4
756.372 380.625 2
773.608 403.937 6
640.058 270.509 8
589.58 227.168 2
748.993 386.991 9
671.141 316.187 2
801.149 455.948 1
720.26 405.624 5
595.658 287.361 4
584.286 276.061 13
721.847 425.757 6
537.737 245.66 3
703.645 426.609 5
490.218 214.212 2
501.909 226.091 1
580.011 329.011 7
447.236 200.758 10
544.041 298.597 7
508.649 272.836 4
681.594 453.844 1
296.266 87.969 15
582.535 370.589 1
543.746 346.276 4
584.118 390.872 4
462.11 273.42 6
471.092 291.646 2
546.393 369.493 4
575.755 402.185 5
223.297 50.968 1
433.821 265.459 5
295.721 137.748 2
352.778 203.645 9
336.841 204.123 7
307.231 178.711 1
182.954 63.1288 2
199.773 86.8587 2
246.461 143.322 2
533.363 430.262 4
297.163 206.03 1
532.481 440.618 4
257.839 172.964 6
264.497 188.379 8
207.748 132.754 3
473.886 396.867 10
494.998 420.865 7
523.264 461.251 4
401.927 342.763 3
339.365 286.911 9
170.359 120.003 2
163.053 121.171 4
178.123 142.24 5
295.379 258.527 1
216.409 188.457 2
280.048 264.359 1
180.649 171.736 7
283.286 271.482 1
428.776 418.917 3
245.303 237.047 4
310.352 315.292 7
193.681 208.328 3
268.677 284.077 2
347.056 362.856 1
59.5284 79.4049 1
332.734 361.026 3
293.872 324.717 6
300.26 335.125 2
252.025 296.194 2
395.317 450.305 1
233.634 309.121 1
174.31 258.296 1
335.996 434.837 4
356.542 456.364 4
186.358 303.575 6
245.04 374.013 5
42.992 180.653 1
249.294 386.777 1
186.089 324.347 6
69.3829 222.486 1
160.873 314.973 2
166.926 321.958 1
77.0462 253.329 6
247.302 427.619 6
68.8394 253.143 3
235.94 425.756 3
223.928 412.683 4
259.388 455.549 4
239.264 441.354 4
73.5598 280.791 2
157.312 376.089 3
164.126 386.394 16
106.06 328.056 8
225.45 455.374 4
199.953 432.138 1
75.3166 314.42 4
54.9564 300.96 2
171.015 426.685 7
143.554 426.239 4
109.686 402.527 15
60.0754 355.06 8
29.4149 342.907 1
76.1924 427.155 3
50.407 411.556 1
41.9498 409.128 3
31.7162 405.221 5
851.022 148.151 1
280.492 219.754 12
332.612 302.308 6
70.1558 359.524 3
49.2783 352.231 1
673.315 188.742 1
762.388 308.729 1
483.735 140.672 13
415.553 82.4612 1
522.718 298.376 5
187.323 118.532 2
339.55 291.359 7
169.985 130.131 1
365.043 328.81 1
392.827 400.631 1
363.435 375.595 1
267.146 307.896 3
113.234 230.565 2
45.3884 438.416 2
703.739 90.2188 7
581.949 75.0142 19
733.598 236.069 1
566.171 72.9434 2
719.38 243.365 4
732.643 295.408 1
538.582 159.66 3
623.05 239.741 1
803.388 418.93 7
747.527 379.371 1
543.823 254.317 1
544.389 281.424 3
591.061 331.213 2
612.496 361.549 5
290.408 65.6639 6
503.134 276.314 9
461.258 286.462 6
440.116 276.149 2
262.369 108.871 3
232.699 110.165 13
366.763 246.084 1
384.832 290.135 2
492.237 402.585 1
342.273 269.945 8
267.106 188.703 2
495.506 424.946 1
198.073 134.707 2
207.739 160.503 8
154.33 133.931 4
240.629 232.547 3
60.5449 84.8463 1
159.756 185.022 6
377.893 406.277 3
193.198 290.523 2
235.121 386.247 4
201.591 358.845 1
105.748 267.572 2
161.069 387.13 3
80.3663 347.697 1
72.4552 348.44 1
689.703 409.138 2
279.603 87.0012 20
170.915 170.45 1
355.641 393.27 4
286.13 322.911 1
232.348 403.555 2
755.974 110.836 3
793.032 179.313 3
697.617 181.815 3
490.797 138.429 5
554.625 268.734 2
336.231 128.321 5
325.204 169.55 1
258.851 126.402 5
83.4375 173.576 1
209.909 394.487 1
106.306 316.664 6
780.709 119.701 1
670.306 129.157 8
689.227 154.21 2
698.549 227.35 1
691.692 278.899 3
750.76 360.938 1
569.885 266.727 6
634.113 355.541 1
595.17 370.477 1
453.055 242.543 3
391.209 188.097 1
496.648 289.494 1
343.908 150.851 4
409.925 237.597 1
529.829 352.672 2
434.16 285.976 1
359.668 249.945 7
327.911 238.389 8
278.409 196.122 5
429.891 359.686 1
389.073 359.749 2
321.128 367.932 6
229.566 292.502 2
293.861 367.233 6
166.576 271.684 7
187.91 361.674 3
155.87 374.601 2
109.285 372.169 4
608.894 176.846 1
430.64 202.991 1
876.389 222.516 2
842.619 448.793 1
829.055 460.523 7
816.116 281.501 1
807.554 404.597 5
804.155 411.919 8
802.417 416.47 7
799.612 103.562 5
779.7 236.436 1
767.409 284.063 3
765.369 375.362 5
760.919 129.337 3
724.141 466.707 1
722.62 303.463 1
704.965 401.513 1
697.117 391.437 3
669.933 425.803 1
644.248 275.934 3
645.191 306.427 2
600.132 334.053 3
597.469 310.379 5
579.954 375.954 3
565.554 125.626 2
553.876 234.171 11
546.844 441.328 2
531.824 425.193 2
525.23 189.334 1
519.515 284.415 1
485.389 278.916 1
474.334 299.454 6
462.71 189.931 1
456.395 444.958 4
391.921 377.07 1
380.415 249.642 10
363.042 240.326 2
352.567 254.507 3
322.898 399.107 1
292.482 251.95 1
280.259 334.648 4
266.344 450.209 10
251.676 168.769 2
249.295 353.739 1
247.675 337.117 2
246.584 161.702 3
242.66 156.689 1
227.072 321.972 5
194.965 140.544 3
186.272 191.974 3
174.242 223.574 4
168.554 421.635 2
170.131 303.064 8
147.465 226.419 8
138.415 378.537 6
129.346 347.87 2
119.489 254.966 3
72.2413 344.15 1
66.7481 389.169 2
27.5382 301.885 2
866.04 330.018 2
864.143 453.231 1
853.89 38.2223 2
845.825 119.376 1
830.629 75.0712 6
832.653 291.541 2
825.632 29.6268 2
800.803 213.401 1
792.882 113.852 7
794.741 266.248 1
792.938 315.359 1
791.272 278.976 6
789.74 107.531 9
779.689 453.7 1
778.085 332.953 8
764.371 147.258 4
763.017 230.439 4
737.069 400.391 4
723.908 450.012 1
686.21 323.754 1
676.507 118.373 6
668.069 232.832 1
658.539 431.08 2
651.166 268.803 2
650.652 217.723 2
648.258 361.11 5
648.06 375.412 3
640.23 65.1841 6
639.546 227.601 2
638.955 301.236 3
631.072 265.989 2
623.113 404.796 7
622.809 249.937 2
607.876 258.379 8
610.807 144.18 10
607.325 233.645 2
607.144 310.22 13
600.143 32.4013 1
594.924 335.254 2
588.878 310.337 7
586.999 418.244 1
584.422 196.839 15
579.831 184.05 1
566.935 350.73 6
543.615 38.5344 5
536.434 288.34 1
534.351 262.644 3
525.02 235.735 2
515.77 339.568 2
513.342 277.24 3
508.45 289.906 5
505.696 258.385 2
506.097 276.739 2
483.095 423.863 4
483.186 152.715 4
477.669 245.317 2
463.961 160.574 4
470.044 344.729 1
452.932 353.653 5
453.427 201.57 2
449.946 336.753 1
425.318 455.662 6
415.798 379.559 2
405.809 293.794 1
405.351 197.492 1
379.186 279.41 6
375.347 361.632 3
329.34 293.866 6
331.272 288.09 4
326.408 345.222 5
324.66 461.363 1
318.044 96.7213 1
312.048 255.087 5
308.351 168.059 1
295.105 238.262 11
290.465 408.541 1
288.061 353.626 1
271.137 230.637 3
270.373 345.828 1
265.571 320.532 2
265.169 396.152 4
261.309 169.976 2
237.249 412.807 4
235.786 332.841 5
233.443 446.383 1
232.677 147.06 3
231.14 98.584 14
221.905 101.05 3
188.508 307.964 4
173.297 148.234 6
176.869 214.157 12
177.513 236.194 5
157.84 169.923 5
148.638 207.9 9
122.309 267.652 2
109.356 416.927 1
108.566 200.394 3
106.882 398.469 1
101.452 402.298 2
87.3194 318.433 1
81.9571 246.117 5
69.0349 456.951 6
39.6401 276.627 3
37.2175 379.501 5
36.8144 332.756 1
772.041 191.705 4
743.808 192.628 1
652.58 34.2856 5
632.526 132.663 9
589.705 75.3342 1
795.861 185.968 1
729.77 372.679 4
550.666 179.92 5
547.261 341.191 1
501.537 137.172 6
480.807 141.245 1
386.635 197.545 1
269.329 450.919 1
259.197 131.118 2
261.677 221.488 1
170.643 303.724 2
141.856 375.162 1
111.473 174.956 2
836.387 99.5938 1
831.895 358.432 1
828.189 238.467 1
731.534 127.738 7
724.689 208.304 4
703.584 166.893 3
692.367 345.866 1
670.372 399.444 1
666.456 432.597 2
620.683 61.8757 7
602.433 311.566 3
569.59 408.1 3
543.346 215.188 1
547.284 350.957 3
513.585 71.9823 6
514.136 145.236 12
399.964 329.708 3
370.109 100.767 6
369.372 316.846 1
365.898 363.283 2
326.411 430.494 5
297.341 217.013 1
288.112 64.6287 1
288.32 260.163 2
284.465 83.7595 1
275.775 288.647 1
239.881 323.856 5
225.506 221.166 6
201.55 238.011 4
173.547 313.136 5
157.486 105.318 4
135.519 260.495 3
82.9415 45.6175 2
64.6119 334.271 1
64.1962 421.902 3
598.234 315.34 1
520.004 387.497 1
466.345 397.48 5
96.8903 270.296 2
788.471 181.322 1
743.522 108.991 2
629.675 107.291 1
600.265 345.1 2
482.691 137.115 2
397.358 78.8336 1
340.656 354.939 1
254.678 117.132 2
741.732 222.151 3
669.42 127.128 2
616.524 313.747 11
549.382 118.032 1
532.745 347.626 2
526.107 283.196 1
466.056 338.632 5
412.936 258.579 2
408.855 232.952 2
402.414 97.6301 2
406.33 208.11 1
351.511 213.241 1
331.122 232.495 5
313.732 362.452 9
292.535 192.653 21
273.349 89.6181 2
260.313 357.029 1
231.433 287.264 1
164.151 269.569 2
142.706 109.842 4
136.872 266.738 1
129.818 235.471 1
463.288 132.251 4
341.734 346.68 1
223.214 245.469 1
652.148 207.61 1
808.252 399.367 1
767.13 438.134 1
763.041 424.322 1
731.626 424.377 1
714.934 442.423 2
762.775 283.557 1
580.376 460.715 3
694.088 298.235 4
559.707 433.897 1
630.11 350.115 12
616.39 352.953 1
540.744 419.229 3
518.588 429.362 1
839.567 96.1784 1
559.515 328.091 1
515.604 370.086 2
753.926 124.387 1
609.623 229.262 1
451.137 375.246 2
365.667 447.626 2
497.437 310.733 1
412.012 358.373 7
476.993 232.415 1
394.764 309.932 1
339.502 359.264 1
432.324 259.382 1
570.143 104.127 6
623.452 34.2964 1
232.173 412.281 1
343.356 286.393 4
183.379 421.224 1
412.668 178.223 1
348.007 206.923 4
70.6149 448.949 1
267.144 184.116 1
192.437 195.542 5
144.026 209.083 1
147.737 195.244 1
175.266 162.339 2
844.434 411.584 1
816.641 418.911 1
719.123 436.787 4
708.162 441.904 7
731.173 409.901 2
773.242 355.387 5
673.276 408.247 1
706.202 313.911 1
624.429 383.188 1
633.46 338.524 5
802.051 163.158 8
763.474 163.857 3
504.453 419.184 3
614.786 305.028 2
566.457 350.231 6
482.223 435.268 1
673.205 239.477 1
833.779 65.4824 4
516.904 355.112 2
485.407 385.202 1
550.798 310.753 1
591.395 262.658 1
494.628 352.086 1
527.062 290.973 8
621.14 196.476 4
406.055 380.312 2
520.652 253.818 2
444.662 313.008 1
432.328 318.25 1
356.99 370.422 1
360.976 363.98 2
396.2 326.142 3
420.819 289.721 2
246.576 436.553 2
273.286 409.229 2
331.112 343.198 1
566.929 95.3666 2
338.492 315.739 4
379.954 270.694 1
391.764 247.709 7
449.807 179.858 2
363.367 255.69 4
151.926 442.53 1
153.465 422.397 1
382.162 190.733 1
331.475 186.189 13
280.704 236.023 5
206.27 281.045 2
86.0915 397.691 3
302.478 162.973 1
108.139 303.694 3
96.2113 307.181 2
237.868 143.63 5
48.1437 319.167 4
234.917 100.473 1
87.3713 233.854 6
31.2136 246.477 3
227.878 44.71 3
28.1888 176.116 1
672.59 324.838 3
599.07 171.641 5
178.763 451.578 1
334.588 229.079 2
853.398 125.082 1
546.53 176.478 1
588.792 120.255 4
602.673 93.5154 4
505.885 145.281 4
134.389 410.133 1
303.251 232.27 1
151.161 247.012 2
82.28 278.07 3
837.038 192.323 1
662.115 366.821 4
737.537 262.088 1
826.909 142.646 16
846.523 88.5658 3
536.18 388.764 1
727.299 182.746 1
830.875 59.1932 1
761.728 103.654 2
669.76 184.734 1
640.159 185.161 1
682.826 123.624 1
560.722 185.218 3
320.209 387.79 1
551.236 145.652 2
584.059 93.0853 2
566.621 111.564 1
368.708 293.349 2
468.902 170.677 7
290.23 271.919 3
431.546 111.525 5
199.077 337.564 1
329.078 194.873 1
244.761 279.125 2
280.818 225.275 3
138.042 357.84 1
213.785 253.167 3
312.843 142.53 1
230.663 217.051 1
301.996 127.729 1
131.913 257.437 9
289.292 87.7591 5
132.698 184.866 3
157.416 157.142 1
137.67 172.07 3
64.9765 238.518 3
214.298 64.9004 1
74.1049 170.908 1
52.5846 171.643 1
393.243 183.977 2
805.112 201.188 1
635.709 347.421 3
612.929 259.845 3
691.678 143.842 2
438.527 347.926 1
625.096 99.0624 2
485.31 151.966 5
367.299 155.452 1
152.775 367.44 5
284.913 188.943 7
155.037 206.706 3
784.299 332.178 8
794.721 225.576 4
700.467 169.843 1
548.824 314.313 1
469.341 334.619 4
595.521 174.624 1
415.775 327.014 1
525.518 162.116 1
548.038 105.226 2
475.836 126.326 1
357.863 182.004 2
217.545 306.901 4
323.887 187.101 4
104.661 346.956 2
185.921 218.797 1
143.436 105.871 2
633.343 269.309 1
561.73 229.563 1
312.109 243.118 7
344.478 198.908 1
537.555 272.755 2
273.219 274.503 4
689.781 292.926 3
243.892 386.596 3
348.979 417.869 1
36.5761 437.959 1
319.852 450.855 2
170.984 98.3712 7
198.824 105.372 3
177.618 100.507 3
284.108 182.609 2
823.078 203.799 1
603.563 207.847 1
480.853 212.336 1
381.905 235.652 1
454.051 254.643 3
829.979 286.955 2
209.899 290.592 2
146.819 303.125 1
675.217 299.137 3
207.849 307.295 1
509.943 308.367 3
798.564 312.72 1
298.637 323.924 1
560.958 334.819 4
35.3419 368.234 4
233.914 386.083 1
865.596 387.639 1
588.221 398.231 1
535.006 419.531 2
575.811 418.78 2
355.812 434.488 1
503.743 273.289 1
43.9197 383.817 1
269.728 116.47 1
472.045 173.973 2
334.953 193.304 1
574.89 240.733 3
156.757 331.587 1
861.44 329.775 5
159.803 415.124 2
56.8312 89.8996 1
584.688 160.484 1
820.81 166.659 5
275.746 191.627 1
609.301 201.281 1
175.052 209.222 1
690.65 222.888 1
466.44 230.814 3
341.747 230.636 1
308.719 238.251 1
814.413 251.24 2
43.089 260.288 1
202.089 258.73 2
504.131 282.439 3
490.597 287.054 3
662.075 299.25 1
696.621 309.476 4
536.14 345.18 1
628.972 354.61 3
188.305 356.803 1
293.706 359.509 1
804.301 358.845 2
779.688 388.256 2
740.806 391.36 2
308.615 249.344 3
737.126 313.452 1
76.901 367.064 5
588.153 375.981 2
374.679 150.256 2
145.123 317.757 1
169.609 229.991 4
701.713 238.698 1
575.52 276.93 3
180.795 284.277 1
578.251 286.072 3
453.747 210.431 2
541.499 314.039 1
681.185 447.486 1
644.06 439.481 1
182.043 115.318 2
264.799 242.451 3
399.266 419.148 3
59.2901 183.669 1
53.3789 190.584 1
275.265 449.544 4
172.021 394.723 3
716.381 194.681 1
642.465 149.391 7
582.894 130.326 3
593.453 207.592 1
761.027 441.515 1
280.95 141.465 1
613.361 430.385 7
529.854 433.669 1
66.3232 226.069 1
211.299 370.309 1
198.113 435.938 1
180.217 424.888 3
79.9273 371.508 1
40.1419 374.123 2
45.6698 414.795 1
558.861 143.926 8
846.722 403.445 2
328.564 367.626 1
432.998 172.046 1
173.322 321.725 2
71.148 391.25 1
824.101 106.155 1
816.52 161.014 1
741.357 216.196 1
557.54 147.462 1
694.29 266.744 2
795.61 357.965 4
556.187 219.256 1
465.27 226.539 2
295.297 146.085 1
418.649 254.618 3
596.345 410.514 1
265.882 192.519 1
338.908 274.918 5
510.849 394.254 2
240.514 234.62 4
105.968 221.614 1
162.668 265.361 1
199.773 363.166 1
110.404 310.005 1
116.521 373.711 3
364.234 255.841 1
792.846 172.428 3
542.156 137.485 3
529.362 181.077 2
368.708 133.538 1
193.353 145.098 2
490.404 164.354 4
610.652 276.232 2
570.338 276.068 1
433.197 291.002 1
327.463 295.319 2
128.399 250.932 4
825.676 225.16 3
822.847 310.084 1
686.172 113.518 12
493.983 218.314 2
512.466 457.478 3
372.458 157.63 1
359.518 315.997 6
366.144 442.602 6
206.475 112.35 2
218.523 371.595 1
849.529 170.155 1
826.728 128.983 3
805.009 97.9616 1
792.53 89.9183 3
696.024 27.3744 2
658.398 46.4366 3
587.878 127.402 2
656.003 405.71 1
640.642 461.127 1
523.89 180.458 5
506.103 433.602 2
443.439 258.085 1
385.172 328.312 2
202.994 197.446 1
243.714 321.266 1
284.977 455.734 2
102.375 33.6586 10
85.9409 32.4088 2
60.6545 274.202 1
798.93 396.944 1
174.623 127.573 1
141.43 310.85 3
655.735 113.267 8
619.97 190.489 2
533.513 192.819 2
385.861 248.533 1
770.247 173.615 1
728.984 91.4435 1
631.54 70.3242 4
612.99 61.9022 5
653.982 279.104 1
592.836 149.723 3
529.463 155.445 6
503.102 147.55 2
518.96 434.906 1
340.802 140.929 4
368.126 258.361 2
293.154 219.618 1
217.927 218.628 1
236.151 327.73 3
150.899 107.648 3
149.635 134.604 2
164.874 201.471 1
186.34 286.692 3
157.548 363.004 1
175.756 430.702 3
113.482 365.538 2
120.28 418.06 1
682.659 342.052 1
748.874 111.789 4
192.372 325.028 1
681.561 281.702 1
670.522 357.028 2
493.989 156.181 2
398.918 100.75 1
319.329 238.353 5
225.471 292.105 3
174.344 367.693 1
229.818 245.797 1
483.886 181.707 3
868.026 272.873 2
808.696 145.842 1
723.953 362.82 1
760.95 225.676 1
588.046 216.281 1
507.11 399.213 1
591.064 96.9631 3
349.842 293.668 5
305.815 263.887 1
288.262 171.723 1
69.1047 407.662 4
808.3 432.386 1
833.093 348.625 1
729.969 359.292 1
534.037 454.457 2
460.323 456.745 1
426.804 178.465 1
323.435 456.224 1
371.563 92.9768 5
332.52 177.601 2
289.772 78.5359 2
176.634 305.565 2
100.547 347.907 2
53.6048 444.956 1
610.671 135.147 3
354.213 168.467 1
174.524 451.268 1
785.388 372.114 1
709.129 392.104 3
650.132 60.1929 2
553.65 368.419 1
476.189 152.866 4
360.841 439.493 1
327.07 210.608 1
327.99 128.892 1
140.762 423.01 2
806.056 93.1418 1
688.514 353.255 1
687.491 341.755 1
754.94 104.632 3
678.238 123.542 2
564.164 408.303 3
460.784 239.802 1
364.215 316.361 1
225.044 430.391 3
193.857 165.112 2
695.909 174.953 3
380.904 364.828 1
292.356 125.933 1
714.135 254.103 1
655.289 201.207 5
661.044 125.707 1
525.898 338.14 1
542.003 110.407 2
516.525 175.195 4
512.129 156.201 4
335.465 238.296 2
231.256 234.984 4
506.402 159.327 2
592.009 166.22 3
874.285 374.905 3
796.336 250.245 1
529.425 272.1 2
270.516 455.48 2
201.696 345.843 1
362.083 225.71 1
205.221 137.86 1
757.687 403.608 2
714.421 402.439 2
752.429 334.646 2
560.522 447.583 1
728.735 313.195 4
852.66 88.4403 1
457.955 279.584 2
320.786 374.883 5
218.936 437.003 1
375.425 282.645 3
452.504 183.93 1
377.436 224.196 3
61.4146 369.88 3
130.906 269.023 1
48.5018 286.293 1
276.469 99.8357 2
162.03 145.73 1
414.821 226.045 2
328.394 140.896 5
710.832 325.616 1
843.238 207.983 2
666.467 319.729 2
832.245 189.11 1
735.732 258.487 1
833.281 83.6973 1
664.917 179.105 1
637.56 180.022 2
326.533 363.026 1
535.591 178.405 2
509.892 183.126 1
250.842 368.283 3
558.343 110.813 3
464.369 167.684 1
102.224 394.124 3
344.54 187.405 1
339.936 161.425 4
331.514 122.165 1
68.2267 311.583 2
156.67 151.937 1
735.996 121.582 1
245.332 316.217 3
257.478 192.833 2
694.887 158.988 1
356.08 246.616 2
175.568 285.074 3
194.396 104.361 4
191.229 189.997 1
487.042 188.532 1
876.457 254.532 1
645.039 268.945 2
577.254 281.64 1
756.615 309.717 1
721.299 314.902 1
697.241 318.127 1
367.791 346.193 1
398.275 392.296 1
332.676 135.944 4
192.409 204.191 1
437.333 215.608 1
238.743 283.698 3
516.747 320.834 1
782.217 319.428 1
672.519 340.592 1
351.593 387.923 2
90.7217 408.153 2
363.438 137.361 3
765.021 172.974 1
660.483 180.015 2
317.856 191.77 2
470.575 313.31 1
204.672 365.785 1
746.524 127.186 3
299.866 150.475 2
616.168 147.249 1
575.406 191.869 1
159.924 213.366 1
752.517 222.22 4
772.768 254.538 1
47.2444 265.583 5
536.921 311.867 2
660.037 321.224 1
238.141 149.511 1
156.364 311.215 1
813.903 348.519 1
334.848 181.919 1
296.81 182.869 2
657.16 354.647 3
209.058 155.956 1
742.558 410.624 2
607.841 182.597 2
586.601 180.411 3
203.556 191.998 2
148.344 168.177 1
832.219 134.743 3
579.689 142.044 1
706.087 226.758 3
536.687 168.339 2
528.069 308.072 1
608.113 367.097 1
101.745 231.751 1
200.117 367.516 1
107.592 359.337 4
215.008 248.644 1
124.95 263.201 2
817.254 337.385 1
602.533 292.356 1
381.306 226.181 5
121.724 215.742 1
115.419 227.21 1
131.925 275.652 1
92.623 346.193 1
130.517 441.398 2
115.972 440.487 2
845.907 172.465 1
817.135 142.65 3
682.007 258.874 2
632.691 332.446 1
217.336 78.2631 1
175.379 77.1171 1
146.466 366.631 1
193.736 435.823 2
418.023 397.497 1
185.804 103.811 1
712.618 124.01 1
688.008 147.154 1
706.214 218.167 3
621.828 201.299 3
491.307 151.977 5
526.523 345.623 3
302.692 187.776 1
387.143 352.331 1
181.871 293.419 5
112.636 370.534 1
459.451 233.728 4
538.198 136.139 1
813.856 379.139 1
604.005 226.025 1
409.254 260.27 1
405.122 460.138 1
347.674 230.554 5
134.608 200.046 1
799.406 260.191 2
806.857 461.808 1
722.466 127.235 4
723.949 119.08 3
680.802 264.64 2
627.908 61.6859 4
688.46 335.762 1
538.857 152.116 6
433.082 208.688 1
279.823 76.5717 1
286.205 244.894 2
213.731 264.076 1
68.9777 427.828 1
623.78 93.4456 1
712.212 395.304 1
178.249 295.3 1
760.383 174.244 1
663.226 52.7338 4
628.428 69.9215 1
679.346 364.938 5
574.301 74.0077 3
523.478 153.009 7
525 173.813 1
498.637 148.491 6
430.617 183.381 1
483.691 407.736 1
468.43 359.327 6
336.728 138.632 4
192.147 241.083 1
206.243 312.918 1
300.889 356.261 1
680.211 184.201 1
646.016 110.547 1
564.902 144.404 3
393.514 102.197 1
283.646 150.894 1
262.465 270.951 2
477.162 181.33 2
647.457 398.417 1
398.254 437.794 2
814.221 443.036 1
820.84 326.422 1
797.407 148.208 2
787.917 141.923 6
556.785 419.07 2
321.491 404.921 1
362.463 177.006 1
170.624 450.21 1
76.089 181.087 1
607.777 134.061 1
560.372 95.4351 2
166.341 450.46 1
268.364 222.391 1
240.392 161.46 2
774.4 70.5155 1
748.382 104.88 1
519.368 420.254 1
532.767 188.039 1
519.021 150.169 1
503.531 68.1311 1
435.333 153.359 4
424.341 112.814 2
402.019 90.4301 3
361.28 91.7064 6
276.808 60.3951 1
117.263 414.408 3
701.845 142.924 3
547.427 132.949 1
531.801 110.294 1
501.216 172.741 1
423.689 156.807 2
287.648 363.209 4
323.44 145.393 2
697.915 301.021 1
215.653 433.117 1
235.246 155.771 2
807.488 428.084 1
723.088 353.769 1
331.938 250.443 3
116.833 422.6 1
295.26 173.255 2
175.869 298.608 1
107.931 367.497 1
786.756 388.269 1
803.599 88.3732 1
753.96 100.392 1
563.645 140.454 2
568.394 88.2464 1
555.551 102.976 1
456.469 163.954 1
206.062 388.117 1
315.549 122.005 1
126.136 166.596 1
95.2691 185.317 1
448.74 159.018 4
295.988 117.905 1
479.047 275.285 1
706.354 239.993 1
445.128 236.654 1
344.552 241.806 2
445.706 251.895 1
461.809 228.633 1
363.477 229.801 1
359.498 296.018 5
464.377 204.742 1
320.352 211.831 1
141.89 264.036 1
141.324 187.898 1
314.242 368.954 1
271.598 195.547 1
827.333 183.382 2
367.477 280.31 3
221.999 336.837 1
507.608 174.827 1
370.595 152.044 1
331.033 117.668 1
721.367 247.334 1
206.446 261.071 1
357.635 133.321 1
712.309 179 1
305.562 191.018 3
389.96 335.245 1
700.619 400.039 2
82.662 406.346 1
557.274 132.591 1
166.906 145.268 1
88.5225 185.037 6
314.166 185.714 3
818.269 201.125 1
853.262 207.07 3
875.783 206.972 2
701.23 218.579 1
801.967 218.477 1
550.908 221.418 1
571.933 220.781 1
820.842 245.567 1
829.975 244.566 3
105.08 274.093 2
499.652 280.798 1
504.704 327.559 1
43.6435 337.614 2
662.7 356.72 1
654.004 392.954 1
234.972 228.249 2
441.961 219.68 1
171.399 282.753 1
823.449 305.89 1
833.568 248.455 1
710.425 174.105 2
759.953 411.886 1
163.753 285.335 1
146.802 355.607 1
37.5054 347.839 1
774.053 321.864 2
655.044 389.055 1
217.392 339.832 2
363.896 130.123 1
152.578 151.761 2
204.859 187.668 2
123.508 246.589 1
174.88 278.861 1
301.907 262.28 1
360.982 319.31 2
837.288 242.963 1
766.01 354.237 4
422.001 205.806 1
444.224 232.726 1
143.763 156.808 1
291.073 152.474 1
471.988 351.852 1
101.786 321.124 1
811.527 122.252 1
643.488 327.161 1
476.617 352.545 1
318.588 225.256 1
479.642 252.463 1
141.528 141.65 1
180.442 299.338 2
595.643 95.9401 1
290.615 163.577 2
111.168 189.716 2
97.8365 414.106 1
732.476 89.2001 1
730.712 146.726 5
690.332 176.076 1
665.264 134.408 1
686.495 290.269 1
598.154 145.599 2
607.038 374.1 2
500.296 144.102 1
408.694 178.891 1
288.556 139.107 1
330.048 436.603 1
89.3713 448.736 2
603.221 67.1378 1
647.821 142.81 1
685.065 411.067 2
568.222 79.6253 1
550.231 123.616 3
604.496 303.82 3
459.08 361.569 1
366.2 209.462 1
306.06 105.37 1
325.859 403.843 1
321.37 129.968 3
556.776 450.015 2
802.479 461.779 1
789.809 398.38 1
777.277 135.452 4
762.48 348.544 3
735.509 146.846 1
718.706 451.88 2
617.947 431.853 1
611.578 156.645 2
605.206 106.674 1
529.837 150.082 1
495.414 61.1117 3
456.202 158.959 1
454.306 455.463 1
366.762 92.0665 1
299.824 210.687 1
296.654 287.269 1
284.258 436.715 1
158.147 448.657 3
725.784 193.619 1
291.785 287.882 1
107.488 428.454 3
654.764 60.1526 1
670.352 122.61 1
615.538 95.0328 1
569.42 75.376 1
552.207 114.807 1
485.73 65.0608 1
475.183 408.841 1
428.835 153.996 3
414.461 114.656 1
350.26 95.3732 2
288.044 217.436 1
265.598 86.1159 1
250.149 56.3847 3
232.933 280.321 2
386.451 96.9775 1
697.238 313.514 1
655.849 293.41 1
706.337 129.271 1
556.276 340.305 1
341.018 179.164 1
451.158 147.24 1
111.132 431.306 1
523.956 149.615 2
253.535 175.26 1
369.878 76.2047 1
273.661 225.501 1
741.78 103.242 1
713.754 143.777 1
418.243 110.117 2
355.189 94.9832 2
273.819 84.2776 2
437.448 157.49 2
459.943 123.774 1
407.823 148.738 1
491.578 412.611 1
214.742 75.0026 1
150.376 163.546 2
549.898 139.501 1
256.328 366.84 2
201.165 375.245 1
302.942 119.076 1
148.699 125.704 2
319.551 233.693 1
601.952 211.518 1
725.549 412.913 1
690.87 312.09 1
297.409 194.997 1
649.562 325.415 1
783.023 161.555 1
600.29 228.763 1
500.899 164.657 3
218.365 294.253 2
390.562 152.703 1
779.617 157.063 1
856.808 408.084 1
811.471 351.851 2
579.152 158.844 2
54.8442 326.04 1
341.252 311.71 1
832.412 150.411 1
461.85 201.556 1
39.978 300.506 1
685.114 308.106 1
484.248 163.927 2
166.542 96.0627 1
356.721 124.821 1
386.16 157.976 3
633.856 175.19 1
452.883 300.262 1
25.183 341.614 1
19.8197 343.517 2
329.73 146.343 1
66.6099 317.937 1
855.529 294.256 1
326.28 124.054 1
309.113 184.995 1
143.576 268.124 1
142.713 166.447 3
96.5184 405.582 2
87.7204 273.364 1
380.926 149.924 1
766.655 382.853 1
304.085 157.659 1
616.235 394.594 1
684.974 179.237 1
536.624 131.4 2
418.015 169.611 1
794.953 142.267 1
221.905 448.349 1
158.02 442.939 2
710.532 119.777 2
578.22 49.5042 1
465.512 57.1615 1
390.675 235.368 2
410.791 435.226 2
651.191 78.2381 2
526.192 129.233 1
493.726 74.7387 1
452.477 166.058 1
399.254 456.578 1
369.649 138.248 1
367.509 462.648 1
297.931 164.357 2
261.827 442.898 3
246.288 357.5 1
113.534 443.83 1
109.662 461.887 1
93.8203 175.877 1
667.374 118.311 1
617.421 114.017 1
395.076 304.198 2
266.659 313.738 1
254.636 54.1655 2
659.454 59.7253 1
275.635 110.314 2
557.031 74.4501 1
541.012 115.405 1
500.993 240.327 1
492.057 435.383 1
477.621 63.6183 1
402.696 115.786 1
237.771 342.768 1
514.005 399.635 1
788.336 148.681 1
755.49 184.093 1
708.289 318.4 1
688.61 121.291 2
570.176 420.313 1
615.943 55.436 1
510.942 433.528 3
553.572 96.7064 1
444.506 147.652 1
427.204 108.924 1
279.944 354.889 3
203.304 83.9573 2
605.298 53.5189 1
645.953 69.205 1
616.848 179.912 1
411.933 110.357 1
257.481 83.3655 1
548.825 401.979 2
441.366 363.57 2
466.547 432.256 1
387.926 433.481 1
143.436 404.345 1
777.401 343.352 1
498.747 374.009 1
620.071 117.656 1
529.381 135.833 1
709.029 384.197 2
779.246 338.103 1
198.415 175.572 1
175.794 362.75 2
812.677 296.447 1
209.407 285.742 2
522.253 393.542 1
92.4432 357.932 1
298.45 191.002 1
381.126 153.994 1
868.924 207.361 1
25.5493 293.253 1
815.606 177.09 1
838.59 182.65 1
337.761 247.736 2
861.719 297.169 1
77.6497 188.79 1
819.158 174.452 2
273.047 235.886 1
68.6948 282.931 1
297.749 153.888 1
474.132 345.499 2
393.183 293.376 1
207.73 296.516 1
145.549 141.361 1
621.191 397.709 2
426.895 318.031 1
431.817 164.985 1
609.001 65.3576 1
491.521 146.224 1
462.045 354.888 1
203.929 382.099 1
650.892 105.501 1
275.384 423.343 1
716.64 127.801 1
697.909 120.459 1
530.187 39.1454 1
541.536 126.322 1
332.747 419.279 1
543.355 58.0949 1
422.39 171.948 1
478.487 74.2661 1
473.866 141.348 1
717.106 119.251 1
721.12 146.52 1
696.688 441.81 1
673.455 367.718 1
483.532 60.1243 2
419.709 114.4 1
352.448 91.6634 1
583.852 107.511 1
473.266 65.4738 1
377.241 116.841 2
380.347 436.393 1
469.706 140.26 1
279.699 286.454 1
624.652 147.899 1
600.013 53.1935 1
488.625 37.257 1
539.689 70.8623 1
527.818 107.467 1
514.261 134.668 1
445.746 367.712 1
392.054 148.224 1
382.134 114.163 1
191.512 68.2038 2
670.042 363.457 2
451.452 368.782 1
502.749 128.937 1
416.817 148.161 1
244.122 188.208 1
204.065 93.196 1
414.012 143.976 1
83.0931 234.915 2
124.058 301.309 1
167.793 280.516 1
64.1158 243.611 1
864.903 203.175 1
72.5267 263.681 1
