2440 22378
775.198 182.105 6
788.34 187.49 1
708.585 190.421 2
772.68 193.334 8
408.546 191.659 6
772.078 196.628 1
705.479 198.397 19
412.619 202.785 32
687.742 208.84 21
769.731 208.215 9
716.611 210.131 15
705.452 210.723 25
381.363 218.773 28
397.781 225.002 55
682.277 226.244 15
703.092 223.447 3
361.715 229.316 22
457.548 222.891 110
283.671 226.974 1
718.408 228.658 24
780.676 227.07 1
694.57 227.656 22
775.214 227.862 7
428.156 230.795 37
613.615 232.011 8
281.943 233.775 3
395.986 231.3 38
480.495 230.474 55
724.468 235.903 8
765.006 232.559 18
492.568 233.318 50
460.407 235.768 35
783.696 239.938 1
300.064 240.573 26
363.777 240.618 54
674.394 241.09 46
311.239 251.195 60
611.568 242.128 61
735.69 239.541 32
280.156 243.811 13
455.547 243.472 31
627.561 245.465 24
362.631 243.176 15
497.983 245.514 29
673.792 253.872 34
317.471 248.832 2
609.441 248.632 1
349.393 247.677 18
436.35 253.335 43
383.161 252.952 90
512.766 250.401 89
675.353 257.537 24
277.658 253.763 23
316.985 256.712 11
604.628 258.439 40
674.76 257.14 5
519.265 257.854 14
637.966 255.658 29
727.201 257.719 3
291.634 262.503 38
769.36 260.026 3
442.348 258.873 69
316.824 266.193 27
371.363 266.31 47
404.778 261.505 18
422.315 260.398 15
272.315 264.06 21
605.307 263.411 3
341.62 263.205 79
488.324 262.473 31
587.775 263.258 21
653.447 259.646 83
299.01 265.213 14
272.457 268.638 5
334.914 271.207 32
283.089 269.492 55
320.457 272.973 8
498.95 271.228 81
739.226 266.831 3
669.113 273.505 19
764.817 270.811 7
335.361 278.487 88
423.623 270.42 33
503.498 274.456 1
531.512 267.902 85
619.566 273.676 13
578.996 277.319 69
266.634 279.543 30
320.687 277.964 6
452.252 275.845 32
607.055 280.964 49
330.357 281.425 15
494.196 274.466 9
422.137 279.928 2
670.094 284.107 27
550.425 279.717 39
488.087 280.503 15
341.551 283.897 17
785.048 284.196 1
389.806 282.846 22
763.996 285.138 1
362.37 282.488 41
578.183 283.938 31
262.822 290.758 29
314.31 291.09 23
330.858 286.514 9
450.88 285.892 18
524.255 285.198 8
563.903 286.162 37
569.142 286.325 11
747.058 288.025 8
461.089 288.657 43
641.705 289.913 31
419.588 297.599 14
675.806 293.92 28
336.857 294.751 12
449.67 296.963 22
520.038 291.531 12
456.578 297.244 5
591.776 295.883 104
263 296.513 33
295.386 300.49 22
469.838 297.32 15
572.562 300.027 24
694.213 302.031 18
35.4845 300.597 1
248.957 300.98 42
534.119 295.141 71
763.576 301.388 3
327.536 301.864 9
19.8168 307.64 5
131.34 305.282 2
149.197 304.89 2
178.13 303.538 31
196.865 304.116 49
207.232 303.127 4
712.39 303.406 4
94.5285 308.363 4
112.619 305.793 3
141.547 308.022 8
374.394 301.003 27
517.247 306.324 40
546.821 305.831 11
678.201 306.952 19
76.5366 306.748 6
170.435 305.878 13
610.209 306.681 2
67.127 306.998 14
197.498 307.547 12
407.734 302.477 27
487.976 308.72 3
218.002 305.958 59
471.78 308.704 9
497.433 310.818 8
565.116 311.093 62
45.9529 307.717 12
232.615 308.593 99
32.072 311.913 4
59.9207 312.274 18
504.141 304.462 28
457.484 308.448 47
733.184 309.326 19
227.198 314.839 1
266.076 311.312 29
293.232 314.99 8
154.994 319.612 60
328.124 315.63 16
480.941 314.104 5
677.788 315.627 15
12.2198 316.674 3
209.585 314.63 25
390.234 314.449 5
646.122 318.843 20
357.646 321.514 6
371.042 320.036 19
154.276 325.646 74
574.831 321.401 6
784.46 321.113 1
407.764 318.334 44
596.745 321.511 2
501.314 318.936 32
236.805 324.313 7
735.777 321.906 20
335.977 323.967 4
560.453 330.871 21
573.949 324.655 1
647.782 324.806 2
213.949 329.026 5
486.322 325.171 43
191.863 326.769 37
247.533 328.012 10
264.477 328.038 1
567.767 327.986 1
686.223 322.481 39
153.411 328.753 1
128.187 325.985 62
369.098 330.005 23
199.664 334.415 8
482.473 330.617 10
657.656 331.07 3
110.627 333.072 33
6.8773 332.746 1
219.877 331.547 32
305.092 330.244 26
84.5894 330.92 48
261.573 333.865 1
357.859 334.235 27
413.656 331.714 4
56.1102 334.887 5
437.61 331.426 58
67.7628 331.317 31
92.9202 334.19 10
253.158 340.746 25
575.549 331.888 44
380.588 335.604 36
18.6461 337.695 8
602.365 336.351 42
8.03879 340.586 1
319.956 338.018 5
459.758 335.428 26
549.445 340.352 37
258.455 344.377 27
623.037 339.996 14
682.615 338.923 6
54.4684 342.446 23
183.639 337.953 24
480.216 345.667 11
51.8531 344.214 5
280.598 342.977 38
366.888 342.547 28
529.295 345.575 3
340.659 342.95 16
378.517 351.368 58
470.528 346.766 3
43.1348 348.356 18
108.567 345.688 52
23.5582 349.083 3
680.144 352.228 13
780.348 345.623 4
235.331 350.496 12
414.693 353.163 72
41.3459 351.448 1
505.22 352.724 25
519.863 350.236 11
643.772 350.394 5
36.0976 352.043 1
97.8158 353.256 23
223.403 356.205 43
458.8 351.42 44
768.711 355.818 14
194.3 351.378 15
261.89 353.052 9
379.324 353.337 1
251.532 356.478 47
209.26 352.405 39
587.328 355.464 33
50.8611 357.563 21
168.08 352.913 33
171.125 357.019 5
673.681 357.549 14
154.185 357.764 32
178.548 354.904 24
359.826 358.878 5
484.482 358.245 53
93.5801 358.705 12
186.56 357.063 39
259.736 363.33 17
730.774 358.313 7
105.242 360.441 11
121.314 360.047 22
145.37 360.059 26
203.032 366.314 12
527.613 362.77 60
554.445 358.937 20
8.96143 362.268 1
141.655 361.094 3
415.813 361.06 9
637.363 360.809 17
39.6077 361.203 22
100.185 363.033 1
134.229 362.055 4
228.771 362.111 8
244.152 360.849 30
436.684 363.049 43
256.029 364.641 8
348.151 366.215 22
617.05 362.676 75
762.762 364.93 1
79.4573 366.906 25
91.0531 365.775 1
487.261 372.441 13
528.692 374.642 31
566.363 366.105 89
747.521 362.061 29
770.635 364.266 12
374.481 367.048 19
738.36 363.963 24
12.6067 368.089 1
721.795 369.245 38
74.7201 368.978 5
307.706 366.53 51
650.92 366.037 65
705.45 365.65 52
80.0266 368.919 3
474.288 368.397 47
611.186 376.034 37
663.774 373.968 23
681.95 365.958 43
64.2268 370.154 20
385.944 371.573 48
420.837 371.801 85
436.242 373.396 33
279.184 369.386 82
637.182 369.442 19
263.951 375.44 9
411.719 372.771 1
490.478 369.105 25
502.199 378.524 22
631.938 372.569 10
356.17 376.272 107
374.269 377.813 40
588.135 370.622 65
601.154 371.766 58
459.303 371.061 45
466.577 374.92 1
570.207 374.18 7
597.977 374.704 1
391.975 375.623 6
425.152 372.255 18
445.806 373.255 27
549.786 373.867 36
724.752 376.776 18
761.712 376.542 3
538.73 375.308 47
59.2171 376.651 15
147.814 378.046 19
779.311 377.809 2
147.014 382.543 10
360.094 380.533 16
524.777 377.436 19
689.522 384.245 45
265.441 382.776 20
289.88 386.313 27
712.946 380.828 24
182.956 383.294 17
579.693 384.644 22
8.82599 383.922 1
101.997 383.085 6
136.231 383.439 32
203.877 381.472 22
427.354 383.97 20
305.952 384.767 96
325.177 382.344 75
749.169 383.214 22
29.4712 386.63 5
59.5719 385.801 5
524.835 386.744 4
340.206 381.323 58
409.401 384.86 60
313.652 391.098 28
352.072 394.672 96
15.6646 390.596 2
339.581 389.117 3
650.538 392.529 72
328.734 392.512 15
396.309 394.299 14
345.831 396.341 18
688.207 390.834 14
280.198 391.627 83
368.762 393.039 7
380.515 392.762 63
35.5468 392.444 10
413.891 393.316 12
13.7992 395.19 1
648.919 400.397 13
52.9387 396.56 13
361.004 395.91 6
354.222 400.89 5
203.745 401.775 2
37.1004 403.578 8
447.435 403.005 17
307.134 402.551 9
193.888 406.65 11
226.316 405.317 9
335.13 403.379 31
129.745 408.252 8
49.7419 409.956 14
318.795 409.462 3
447.674 410.047 1
189.267 418.29 12
205.456 411.315 21
385.368 411.287 23
161.352 413.586 20
380.471 411.732 5
399.258 413.052 14
404.781 413.371 6
419.973 413.553 13
435.32 412.615 12
10.6588 416.141 1
367.126 414.721 15
195.305 420.243 4
449.264 415.768 10
777.362 418.067 1
50.0374 416.035 14
354.875 419.974 2
434.647 418.59 26
42.1809 422.321 2
335.793 420.651 30
429.839 419.887 13
32.9595 420.071 3
124.963 426.632 8
402.574 422.84 24
284.135 419.995 21
399.295 425.8 2
271.717 427.117 3
264.784 425.008 11
383.549 427.979 6
47.7286 429.568 1
16.3839 430.901 2
29.9768 431.2 1
238.105 426.122 25
246.925 428.969 16
253.465 428.547 12
370.278 430.808 10
217.752 429.724 8
226.617 427.46 22
360.962 432.053 3
210.363 430.604 11
354.676 432.368 4
348.592 434.137 1
336.646 435.402 5
165.12 433.742 37
181.128 432.029 28
189.165 433.363 15
195.242 432.177 13
43.6833 439.3 11
136.47 435.125 47
148.526 433.889 22
168.475 436.604 4
321.931 436.469 7
118.889 436.261 51
125.816 439.437 14
90.2054 440.405 11
289.802 441.566 1
82.8437 442.209 4
109.04 440.366 10
267.696 438.112 25
23.2521 444.249 3
65.3312 443.108 3
97.5749 440.706 22
100.003 443.518 1
44.698 446.806 6
258.829 443.55 3
74.5839 443.576 13
244.074 446.316 14
230.429 446.845 6
221.766 447.051 16
202.158 450.341 2
211.645 448.839 5
196.728 449.974 14
182.174 444.699 7
177.659 452.606 7
161.016 452.93 16
142.177 454.048 9
97.9422 452.877 16
69.466 460.041 2
49.0239 460.624 9
22.0593 462.631 5
15.2833 464.043 1
779.901 167.816 2
779.176 176.426 1
793.128 184.437 1
778.316 187.724 1
713.808 193.15 30
720.03 192.088 3
416.838 197.156 31
421.675 200.399 2
720.274 199.899 13
775.788 200.025 5
710.953 202.682 2
695.783 205.398 20
704.17 208.611 3
437.762 210.258 70
787.634 208.403 1
419.634 210.266 44
724.046 213.615 21
774.03 214.874 11
696.33 218.91 25
418.025 217.744 4
691.057 226.187 16
425.571 220.502 9
714.272 219.966 25
446.072 227.019 35
375.931 227.215 40
673.414 225.889 2
689.072 226.052 5
415.174 232.175 64
709.023 227.63 8
467.918 230.929 14
620.922 235.237 23
729.591 228.065 18
287.61 232.141 22
370.809 232.375 4
456.876 233.302 8
770.188 230.54 4
311.158 237.212 22
688.824 234.889 28
777.825 235.399 2
321.772 234.76 15
634.778 234.412 14
708.681 236.903 8
308.635 237.735 2
481.35 241.221 35
617.136 238.401 7
439.565 239.324 26
404.366 241.763 28
416.829 241.529 34
765.377 240.401 12
497.127 241.42 2
297.866 245.708 21
434.154 242.845 8
452.667 246.134 9
471.545 243.955 10
638.909 243.341 30
694.406 245.398 13
371.568 246.206 43
412.669 247.446 30
443.466 249.59 9
746.585 246.942 9
305.159 248.35 10
389.375 245.899 17
463.286 246.725 1
765.783 247.024 3
486.232 253.443 34
685.993 249.915 39
732.968 249.057 14
324.469 248.417 35
358.418 250.373 20
507.316 248.44 3
460.96 253.318 9
287.142 253.092 37
360.465 259.653 40
396.99 250.998 4
615.197 253.395 33
645.45 254.066 11
785.392 253.963 1
411.812 254.292 9
688.988 260.79 36
762.996 255.527 7
428.009 256.661 13
453.566 255.668 6
499.686 256.711 7
517.379 256.371 1
508.314 257.724 5
717.224 257.976 1
283.487 261.414 14
385.778 263.501 39
475.954 261.825 7
490.283 259.361 1
692.975 260.878 12
739.695 258.494 7
359.025 261.321 23
645.202 260.597 1
754.152 261.52 15
398.364 261.489 2
731.01 262.672 3
482.862 262.998 10
513.893 263.473 5
685.549 263.887 14
326.567 261.863 21
526.244 267.615 22
371.051 265.824 4
410.867 268.508 24
306.686 266.022 7
595.413 268.436 29
614.944 263.572 29
642.768 270.138 14
748.01 265.867 2
277.934 266.658 2
378.709 268.702 9
422.824 267.144 4
759.909 267.669 5
448.798 267.785 1
475.034 267.474 23
502.125 268.269 2
667.5 269.523 12
737.071 267.865 3
727.674 268.97 3
304.224 270.066 1
491.729 271.163 6
771.726 272.017 8
591.108 272.46 8
511.105 273.253 2
700.553 272.828 21
719.798 274.769 15
278.861 286.234 38
326.395 275.274 1
343.088 275.49 13
450.413 274.595 7
528.643 277.085 8
745.305 274.59 9
297.687 276.061 11
732.553 279.503 23
686.124 276.869 23
756.512 277.518 10
712.905 278.718 5
431.085 279.225 9
473.132 278.839 5
480.811 278.966 3
540.786 282.802 13
399.589 279.854 2
502.748 281.538 17
588.825 284.747 29
328.928 281.583 4
363.147 282.49 15
601.594 282.872 14
458.363 283.397 3
611.109 282.269 12
774.122 282.953 2
272.088 283.846 9
335.387 285.312 5
423.238 286.929 8
433.632 284.31 2
665.734 286.169 12
303.172 285.085 27
547.963 289.321 10
721.078 289.036 28
288.993 288.119 12
366.743 289.79 13
659.676 292.967 31
688.803 288.912 20
770.256 288.095 3
583.941 290.279 4
779.274 289.211 1
360.528 291.86 6
395.449 290.339 17
507.91 289.49 41
528.917 291.898 6
573.749 291.53 10
272.006 292.223 13
492.331 291.826 6
555.335 293.401 27
314.954 293.578 5
344.308 297.491 49
454.557 293.186 2
485.439 289.002 3
563.506 294.09 6
596.265 293.597 3
291.693 294.651 4
413.835 296.69 14
512.614 294.562 6
754.616 294.685 14
385.004 294.832 3
465.135 295.809 12
651.23 295.544 2
354.783 296.435 4
765.038 296.202 4
364.891 298.247 15
500.911 300.475 38
343.7 299.411 7
664.779 300.514 12
45.1487 298.537 2
52.0892 300.141 4
421.099 299.948 30
283.113 302.748 76
516.861 299.564 2
745.832 303.703 13
233.195 300.405 5
322.588 301.396 10
394.644 300.716 10
481.251 301.255 58
525.81 302.447 8
581.888 301.024 14
637.567 301.006 4
660.265 300.778 6
710.343 300.864 11
460.378 302.512 8
653.426 303.1 24
735.06 301.11 6
268.858 303.033 9
435.733 302.836 17
542.451 302.82 4
782.687 302.702 1
222.65 301.273 11
305.452 303.004 7
689.951 304.596 17
30.6707 305.141 5
238.896 304.869 4
260.382 306.729 16
466.716 305.067 1
531.268 306.028 18
599.268 306.71 15
46.014 306.262 2
449.886 307.878 9
316.518 306.136 27
668.355 309.875 16
764.843 309.135 13
24.4575 315.166 9
182.636 312.053 36
252.309 308.975 12
333.126 308.701 3
427.907 309.812 12
729.015 308.059 7
773.57 308.85 3
381.09 309.121 1
483.001 308.89 5
72.0774 310.402 2
90.6112 309.5 3
97.7057 310.15 12
182.336 316.474 14
201.781 314.301 8
572.83 308.781 15
685.448 309.95 7
746.785 309.922 9
80.1101 311.622 17
192.595 316.052 11
362.821 311.426 1
586.299 312.75 11
607.031 313.452 6
651.244 310.49 1
720.081 310.087 5
491.049 312.162 8
619.826 311.878 3
52.156 312.757 12
500.343 315.549 19
543.282 313.336 23
527.072 314.088 5
593.783 314.313 13
710.295 314.007 7
326.092 317.315 2
515.146 316.42 16
634.811 316.089 11
658.671 315.146 13
783.802 314.955 1
272.344 315.691 6
338.703 314.641 22
379.58 316.526 11
418.405 315.772 1
439.925 315.263 8
76.085 319.301 7
85.4643 320.061 10
135.092 317.515 10
464 320.447 17
103.109 318.006 16
229.827 319.533 14
239.497 317.591 6
57.516 319.219 9
169.666 320.447 29
732.125 320.245 10
184.013 320.702 10
293.833 320.166 5
305.379 319.9 4
430.081 321.084 7
490.366 320.459 3
529.468 319.471 3
401.057 320.748 6
479.411 324.165 10
323.973 323.348 3
355.694 322.505 24
416.015 323.548 15
443.112 322.783 8
569.174 321.932 5
589.72 322.193 2
679.191 323.172 8
274.221 323.142 3
389.461 322.419 17
458.213 322.426 14
469.387 323.501 2
654.94 323.982 14
204.291 323.48 1
512.626 324.238 1
609.541 323.203 1
664.698 322.586 19
615.395 325.757 13
756.276 324.214 4
139.347 326.462 14
146.275 325.698 2
215.91 326.413 3
494.035 325.879 4
699.559 326.477 30
119.258 326.694 12
124.941 327.055 1
159.112 327.06 2
551.304 328.55 9
622.343 327.297 2
781.991 326.536 1
100.572 327.337 13
293.303 328.328 32
335.252 330.546 16
586.305 328.772 4
670.527 329.135 4
722.957 328.146 3
237.274 329.736 12
301.984 328.897 7
313.682 329.349 1
356.186 329.488 5
740.11 329.199 6
766.201 329.664 6
560.873 329.882 4
574.178 330.777 3
52.6225 331.452 3
72.8696 330.931 2
333.355 330.744 13
364.128 332.653 3
268.626 336.95 32
462.329 333.408 18
515.243 336.819 32
149.547 333.99 11
387.95 332.927 2
403.814 337.833 36
103.343 335.284 4
224.853 336.952 12
340.068 333.456 1
602.1 334.401 1
693.753 338.216 24
136.007 339.648 47
247.442 340.786 11
376.134 334.792 1
451.615 335.234 8
611.575 335.312 11
788.852 335.28 1
210.48 337.478 17
289.734 337.767 9
420.169 337.702 6
487.514 336.93 21
629.828 335.155 10
646.807 336.049 1
748.326 336.824 4
290.277 337.348 3
313.807 337.148 30
60.156 336.423 4
71.9177 340.226 20
277.096 338.184 4
87.1374 341.569 15
197.652 339.189 20
240.773 340.499 8
507.232 340.984 42
567.088 339.21 14
221.852 342.463 45
360.444 339.657 1
403.738 341.979 5
437.855 341.281 4
663.575 342.336 43
794.185 339.935 1
138.833 340.619 9
317.953 343.854 6
550.745 341.124 21
119.362 344.491 25
436.043 341.9 1
638.576 343.454 46
780.272 341.825 1
511.807 342.418 1
584.976 344.827 34
608.018 345.041 7
14.3972 343.895 1
101.29 344.491 4
170.53 343.794 21
451.032 347.519 3
647.373 344.494 7
420.404 345.031 20
598.203 349.698 11
619.27 345.065 1
736.285 343.763 9
6.96313 345.966 1
272.912 347.438 8
410.907 344.835 8
464.413 345.171 4
721.455 345.401 5
546.484 349.57 4
142.208 347.042 9
301.366 347.956 9
359.544 348.217 2
477.122 347.919 11
488.649 350.734 26
657.887 348.412 16
386.513 351.953 30
30.3065 349.878 14
50.4543 350.089 4
208.192 349.446 1
285.634 350.027 8
427.682 349.434 9
533.794 350.782 14
561.771 352.224 15
595.629 350.373 6
72.0513 353.193 14
190.557 351.133 3
293.911 351.344 2
438.046 352.363 45
785.55 350.665 1
494.376 351.939 1
648.176 353.15 18
674.057 351.564 8
756.469 353.595 8
775.576 358.724 8
276.715 353.905 8
233.774 355.174 15
269.601 355.106 11
402.744 356.294 13
257.218 355.841 1
465.046 358.217 16
515.639 356.105 29
578.745 356.905 13
640.931 355.838 3
37.0074 357.396 1
110.902 356.746 8
425.331 356.939 12
537.445 357.296 25
762.557 357.419 2
52.1701 357.763 7
503.124 363.211 13
72.0907 360.564 3
445.694 361.585 3
630.083 359.704 2
192.045 368.12 37
210.011 365.248 33
209.804 362.484 10
288.187 361.275 5
314.84 360.667 1
386.984 361.005 7
510.582 360.893 3
775.223 361.276 1
276.883 365.36 22
459.456 361.643 1
433.16 362.944 2
473.655 362.438 8
491.335 363.325 4
544.7 363.125 9
574.289 363.658 12
617.636 364.92 16
16.7103 364.536 1
234.219 370.166 53
548.845 364.138 2
421.065 365.027 5
561.131 365.797 6
600.665 365.485 1
641.818 364.713 7
220.215 367.66 16
356.768 365.971 14
527.349 365.81 3
250.846 370.279 20
45.2946 369.058 16
443.199 368.16 1
451.269 368.797 21
496.575 368.022 3
635.578 368.072 2
697.499 368.497 4
5.93083 368.927 1
22.9462 366.745 5
405.388 369.857 17
511.819 371.226 27
321.15 372.283 4
325.766 371.513 7
377.949 371.17 6
755.709 370.869 9
768.727 373.868 4
15.4669 372.309 3
86.4823 372.409 18
365.814 373.406 4
711.805 375.881 18
733.928 375.722 24
434.53 372.681 1
342.668 374.214 15
383.309 374.022 2
393.503 375.031 10
647.708 377.975 11
693.706 373.872 16
30.7695 374.621 8
211.153 377.396 16
576.527 375.512 13
611.374 377.726 36
684.057 375.065 6
288.035 376.45 24
638.509 375.563 8
744.2 376.247 5
223.392 376.818 21
410.572 378.635 5
674.049 378.153 8
768.434 376.982 5
67.3572 382.638 30
189.004 377.088 6
298.11 377.688 16
371.495 378.395 3
489.562 380.886 56
110.884 379.895 14
143.304 382.355 14
154.377 379.872 7
433.525 377.409 2
472.427 386.396 30
562.175 381.905 25
591.735 386.789 45
600.549 383.863 30
699.106 378.902 11
14.2683 379.936 1
37.8443 381.069 5
272.968 379.671 4
458.662 379.496 48
546.169 381.655 14
555.292 380.122 3
566.879 380.624 4
664.737 380.227 20
733.356 378.082 5
755.186 379.561 6
228.509 380.901 5
318.441 382.216 3
616.712 381.342 19
533 381.731 8
635.273 383.571 37
50.5724 380.851 15
107.962 383.527 2
449.108 384.433 44
579.063 387.56 8
373.119 385.155 18
393.063 383.939 21
652.851 383.545 5
191.368 384.606 1
286.391 386.434 3
670.636 389.585 20
95.698 385.578 1
158.434 386.608 10
398.533 386.156 1
505.117 386.803 31
416.792 387.478 4
438.061 389.313 22
478.08 386.832 37
683.116 387.823 9
34.6581 389.056 5
331.418 390.569 21
384.708 388.76 19
642.789 386.995 5
712.748 388.247 16
148.576 389.362 3
431.778 390.02 21
700.825 389.337 17
772.389 389.543 1
55.3399 388.931 8
137.53 391.279 11
358.882 389.983 5
423.25 391.352 16
665.098 391.028 18
590.557 391.397 24
752.973 394.062 19
26.0137 392.318 4
110.66 390.683 28
185.075 391.558 2
217.493 392.665 14
484.768 392.092 36
402.821 397.437 30
505.063 393.372 16
117.054 394.024 2
165.268 393.785 1
302.962 394.759 5
342.502 394.993 9
775.139 393.947 1
50.1549 395.401 4
146.052 396.463 18
331.128 395.504 8
40.0395 396.481 5
373.179 396.247 11
290.049 394.802 11
592.428 398.21 7
156.355 397.995 1
427.171 400.752 32
29.455 399.486 3
99.8048 399.09 7
60.3402 402.211 22
241.337 402.155 13
367.283 403.12 8
321.789 402.463 8
757.718 402.722 10
350.463 403.968 7
390.946 400.446 27
16.9796 405.414 1
212.617 405.893 12
462.043 407.233 12
407.578 408.156 6
408.05 407.36 3
453.608 408.726 3
245.673 409.026 10
676.029 407.974 3
30.3178 411.21 4
40.4235 410.838 7
162.857 409.188 16
302.933 409.085 28
357.869 409.372 6
380.206 408.496 2
119.947 410.844 3
137.619 411.249 1
337.519 411.432 11
793.445 410.773 1
325.783 413.085 13
202.176 411.549 10
233.141 415.616 12
290.911 416.817 43
176.279 420.959 7
373.333 419.095 32
392.475 415.596 2
462.12 415.715 7
136.25 416.655 2
737.864 417.603 4
158.407 418.057 2
295.51 424.006 23
343.764 418.357 6
420.484 419.521 3
165.267 420.138 7
204.817 420.373 11
333.016 420.219 8
359.924 418.639 9
387.333 419.461 9
414.256 419.437 3
315.757 421.228 10
8.86123 421.249 1
304.416 423.689 12
348.183 422.643 2
449.205 422.913 1
137.064 424.918 3
440.157 424.189 3
160.244 426.187 7
363.899 425.204 6
429.627 426.407 4
337.055 427.726 5
321.043 428.18 12
311.371 429.4 5
327.446 428.708 4
301.925 430.351 5
265.835 434.556 11
274.1 433.552 4
284.01 433.971 9
765.477 432.802 2
788.136 434.337 1
19.5364 435.122 1
248.326 436.552 8
10.0637 436.131 1
240.317 435.845 6
219.509 437.98 12
229.995 439.171 11
25.8924 439.538 3
38.0293 440.985 3
194.104 441.495 7
151.337 442.947 35
163.479 443.505 11
181.166 441.75 14
15.3455 442.022 1
140.473 443.261 11
132.445 446.264 11
114.663 446.139 9
292.865 444.962 4
112.692 448.013 11
85.4255 451.012 18
104.408 447.643 4
58.1347 452.806 16
79.2573 450.255 3
98.3596 448.714 2
68.0017 452.453 26
34.8998 452.437 5
16.6141 455.487 1
172.556 457.143 3
5.48053 457.719 1
4.62497 469.424 1
407.185 283.476 10
726.067 293.017 13
409.105 315.968 1
120.151 317.401 12
255.977 322.73 38
450.912 328.333 15
524.859 354.981 12
143.076 385.51 6
739.833 407.973 5
18.3575 413.576 1
448.707 414.814 3
466.699 418.921 21
687.818 213.238 9
453.494 225.858 13
681.634 228.301 1
365.942 230.854 1
493.21 236.127 2
318.166 266.29 1
663.139 281.729 7
565.344 283.8 6
739.883 289.788 12
246.589 306.043 13
522.126 311.618 13
645.254 307.659 9
719.491 319.705 22
771.183 320.95 5
18.7706 327.458 4
86.0806 330.688 4
259.71 348.183 1
129.639 358.157 11
767.39 362.34 2
261.631 366.087 3
308.428 363.273 11
387.956 365.887 1
618.616 369.752 7
530.904 375.876 6
343.535 379.791 1
224.151 385.088 8
765.409 386.712 7
374.218 388.999 1
269.359 390.642 12
651.8 392.803 5
196.071 433.746 2
139.52 436.076 1
54.4806 459.167 1
782.566 189.197 1
714.443 194.911 3
415.239 202.508 6
777.909 214.392 1
729.526 221.516 2
440.888 227.21 8
694.166 225.787 6
415.793 232.391 16
287.161 240.978 4
622.843 244.138 12
478.972 244.17 3
768.834 241.792 1
642.317 244.282 1
391.832 248.636 3
373.855 247.166 2
511.406 249.145 1
750.872 250.248 4
311.087 249.232 9
624.413 255.961 13
287.072 256.822 2
360.191 256.743 1
443.625 257.116 1
710.325 254.622 31
650.266 258.439 1
328.949 264.081 1
688.598 264.32 2
475.467 267.533 2
527.023 269.711 4
412.66 270.173 1
498.617 272.491 2
596.028 271.808 1
669.751 271.12 2
280.93 278.846 5
346.032 276.589 5
646.352 276.393 36
776.828 277.797 1
425.613 284.46 5
590.269 287.997 5
692.224 290.936 1
661.145 293.31 2
779.887 294.071 1
535.996 294.095 6
556.265 301.05 14
277.035 298.434 14
465.712 300.896 3
371.855 299.165 7
694.527 306.446 2
744.179 303.817 3
38.7023 310.189 2
258.619 310.284 1
456.146 309.283 2
765.796 311.095 1
181.772 315.234 4
208.393 315.834 3
611.303 314.507 2
340.484 317.746 1
501.09 317.374 2
662.888 317.706 2
108.938 321.552 3
126.135 320.206 3
66.2076 324.011 8
172.929 319.192 2
228.619 322.048 1
33.3319 321.966 8
418.505 324.759 1
432.006 324.818 3
484.939 324.158 1
685.833 323.921 9
731.8 326.849 4
306.269 327.402 2
702.71 331.948 7
167.007 332.661 4
548.997 332.601 2
784.835 333.559 1
267.854 338.572 7
700.626 341.05 6
131.903 347.84 16
72.4078 344.632 3
86.4743 345.57 3
105.679 343.918 1
125.895 343.783 1
219.211 350.666 12
33.8816 348.517 4
366.95 349.292 6
600.575 351.601 3
118.296 356.651 1
778.413 358.589 1
305.38 355.071 12
646.83 363.17 3
699.759 361.221 5
163.065 367.946 12
196.142 366.46 2
280.411 365.641 1
241.396 373.386 11
547.763 370.817 1
252.142 376.693 11
41.7297 374.048 2
88.7903 375.384 3
667.964 372.76 16
772.858 375.304 1
694.499 379.652 7
712.328 377.939 1
735.461 378.158 10
324.673 377.979 4
500.836 380.607 4
645.063 380.719 4
214.014 384.772 8
68.5611 386.802 5
302.083 383.292 2
563.825 388.872 12
551.032 391.167 24
597.503 387.652 6
167.236 386.93 9
232.184 391.581 11
383.462 394.641 12
93.994 393.482 9
334.439 394.35 2
352.494 393.468 2
755.182 394.724 5
492.783 395.774 11
404.672 401.788 4
150.733 402.526 8
441.227 400.211 21
630.818 398.542 27
728.632 399.693 12
21.6389 400.816 1
660.73 399.73 31
219.193 405.536 5
127.796 412.493 14
251.035 411.281 1
306.074 415.175 9
57.0641 418.399 8
375.127 420.383 1
208.519 424.842 2
38.1431 427.816 13
462.878 433.274 3
269.386 436.844 2
152.182 446.362 8
16.1118 448.466 1
114.361 450.496 1
84.2215 457.686 5
70.2005 453.893 1
398.581 301.644 22
252.64 316.709 7
767.005 316.968 2
437.57 329.002 6
123.564 355.659 1
396.983 401.053 5
129.112 413.223 7
446.348 213.794 16
399.874 227.416 3
489.788 231.433 2
743.881 239.024 1
664.254 259.147 13
575.166 285.177 2
198.601 300.869 3
746.285 360.411 1
464.638 368.984 2
279.531 421.096 8
187.151 427.474 13
43.6892 449.451 5
698.524 234.273 1
426.497 233.88 16
628.518 253.385 6
287.278 274.419 5
364.346 277.449 3
671.76 280.507 4
541.179 297.721 1
404.461 303.545 3
501.376 324.108 1
574.019 337.759 1
389.869 342.272 6
559.876 339.758 2
709.329 339.046 2
78.7537 353.911 1
137.665 349.9 4
203.24 370.287 3
168.019 375.223 4
242.772 377.956 4
668.658 379.437 1
700.402 384.911 1
739.117 388.582 13
79.4003 389.982 1
607.113 388.437 12
388.227 398.04 3
496.342 421.94 1
63.4702 432.291 1
155.778 449.581 1
252.278 343.841 12
393.807 218.172 11
473.68 222.75 2
354.082 381.437 3
41.6277 426.656 1
714.039 262.274 1
394.079 271.421 1
624.13 290.722 2
192.124 340.857 2
254.569 348.538 3
199.889 394.183 3
249.582 401.359 2
494.316 398.39 2
708.494 402.932 1
571.305 405.723 1
609.266 405.054 1
88.1976 418.467 1
431.95 462.046 1
245.847 474.999 1
148.06 483.824 1
673.013 238.889 1
578.169 271.404 1
249.554 291.771 5
334.011 338.597 3
638.996 331.32 3
781.132 205.299 1
412.296 216.703 8
447.844 216.897 3
429.327 221.324 2
401.199 234.307 4
778.938 248.197 2
655.059 276.721 2
509.512 282.856 4
480.66 290.723 17
712.523 293.653 5
61.1262 305.025 1
285.544 309.017 7
780.171 310.724 2
115.722 309.729 7
133.043 310.791 4
433.524 311.705 4
674.759 318.133 1
613.178 319.249 1
506.409 329.707 4
520.203 330.609 3
554.791 333.853 3
502.678 357.325 3
121.966 359.815 1
223.04 359.384 1
216.014 360.295 8
757.41 363.621 3
670.251 366.783 10
279.419 373.284 1
72.4688 376.49 7
740.548 381.313 1
363.382 384.697 5
581.013 385.177 1
144.963 390.108 1
611.417 389.692 13
372.008 409.651 2
425.595 413.491 1
296.827 438.121 3
276.743 440.671 2
249.476 444.124 2
29.1451 447.406 3
190.694 449.579 1
168.958 451.433 1
150.034 452.444 5
132.466 454.024 1
60.0213 460.041 5
28.5428 460.329 3
36.9343 461.173 8
427.426 231.37 9
703.029 235.645 4
654.732 272.246 1
625.05 279.112 7
694.901 278.807 4
478.871 282.817 2
648.454 285.622 7
745.947 285.109 3
331.66 298.663 14
262.197 306.471 2
355.845 310.923 10
391.884 312.4 11
280.616 313.591 12
471.373 316.132 15
221.786 318.921 11
30.64 325.785 4
544.941 331.04 3
169.284 335.388 8
178.897 343.099 10
630.122 344.002 4
57.9492 349.364 7
658.439 365.029 6
319.758 366.698 1
622.696 371.058 1
707.573 374.927 2
79.4967 377.853 7
336.498 377.692 2
472.053 380.777 5
519.557 381.216 1
625.966 387.456 11
308.361 393.428 1
394.985 393.773 9
212.622 396.198 1
665.161 399.062 2
294.676 402.569 20
133.998 407.349 13
771.494 419.928 3
400.974 422.063 4
255.431 436.118 1
52.4254 438.507 12
25.2321 454.208 1
287.384 280.981 7
396.442 307.92 3
37.161 306.094 3
426.601 368.727 4
373.837 267.495 2
732.476 283.052 2
756.956 299.147 1
367.452 338.121 3
760.822 342.643 5
636.177 387.77 1
722.809 386.802 10
45.1389 389.775 13
272.165 401.702 14
714.492 199.079 2
288.177 241.303 1
383.666 271.169 1
85.0774 326.295 4
89.3786 348.062 1
280.093 348.503 1
701.515 355.886 3
504.047 363.759 6
461.94 380.49 1
493.099 387.491 5
414.859 401.115 15
676.964 399.046 10
486.174 410.421 5
53.5676 432.146 5
462.807 437.931 1
718.684 248.442 3
317.139 296.224 1
165.367 346.754 1
129.108 351.792 2
304.695 234.875 6
515.903 245.715 5
110.611 341.416 2
114.064 435.047 1
698.712 243.667 1
626.817 260.35 1
402.436 306.206 1
709.832 345.548 2
171.852 381.481 1
203.307 378.638 1
246.835 384.76 2
558.755 399.91 6
607.049 397.081 4
671.345 400.828 5
355.688 404.978 2
495.925 431.8 1
155.716 460.731 1
98.6649 464.861 1
186.436 338.191 2
250.769 342.033 2
166.02 305.454 2
301.847 311.159 2
732.277 239.125 1
758.705 288.062 1
631.563 230.437 1
698.287 311.466 22
690.079 313.254 4
602.13 289.918 1
678.913 381.227 4
600.686 314.992 2
629.954 366.95 1
594.889 334.675 7
525.449 270.18 1
582.112 363.685 6
463.075 266.946 30
388.479 225.777 5
492.881 331.917 2
370.18 271.322 1
448.451 390.817 5
300.233 256.008 5
297.567 249.05 1
299.585 267.608 3
386.305 380.888 3
417.641 423.347 5
329.391 375.208 3
319.01 389.264 4
267.102 342.369 1
298.937 388.383 3
232.057 325.342 1
238.652 349.438 1
207.863 330.266 4
124.058 305.107 4
105.453 305.66 3
86.8546 306.047 5
169.071 409.825 8
106.202 353.14 4
131.885 425.076 2
125.04 455.173 1
40.7119 385.602 2
108.205 456.86 8
21.7125 386.925 1
76.4728 459.258 3
719.383 298.99 8
717.167 317.088 1
627.388 235.902 3
684.017 294.364 7
689.388 320.472 2
773.926 411.68 3
682.267 335.282 1
734.058 389.212 7
676.963 332.7 1
744.672 401.728 9
669.593 344.938 4
684.638 360.651 1
650.706 341.634 3
664.383 366.265 3
618.263 338.145 4
518.775 269.294 6
517.689 275.354 8
560.892 319.196 4
446.996 226.206 2
417.257 227.269 4
472.428 286.039 6
454.184 273.167 1
565.097 392.183 25
435.296 267.115 7
520.254 362.629 8
384.83 233.664 6
392.918 257.45 12
509.006 377.744 6
441.173 313.534 4
444.855 364.431 2
471.296 393.818 10
398.089 329.816 16
364.634 304.743 5
396.977 345.443 8
463.269 427.381 1
321.571 287.162 8
395.716 362.217 10
417.877 398.312 3
422.377 407.865 4
353.909 356.418 2
327.269 332.711 6
338.209 351.245 8
290.389 305.572 6
286.104 319.282 2
303.651 338.426 2
309.823 354.969 4
292.628 343.676 2
296.968 362.35 9
336.715 403.709 1
242.85 334.175 1
314.938 412.548 7
270.604 373.779 2
276.077 409.837 23
142.14 315.751 7
185.811 374.776 5
38.3073 304.295 1
108.085 400.251 1
33.8129 368.553 2
58.335 411.599 3
50.9074 465.551 2
704.041 200.291 2
748.841 328.717 8
642.806 331.565 3
435.677 212.153 2
54.7109 378.945 1
54.6097 442.172 3
718.042 231.605 2
743.274 344.889 2
665.186 291.217 2
676.169 343.631 3
723.434 402.208 2
688.922 416.416 3
494.208 247.972 2
494.329 319.276 3
445.665 292.552 2
403.777 287.834 1
469.308 352.433 4
317.015 292.063 1
457.462 436.149 1
293.809 394.081 5
330.386 439.461 11
204.092 316.622 1
244.116 372.439 2
274.394 405.817 9
205.756 366.96 2
219.311 400.401 1
57.1304 424.657 1
555.05 390.902 4
596.815 261.201 2
439.674 213.748 1
593.2 374.935 1
447.124 353.507 10
409.019 354.451 4
225.742 310.98 1
248.344 358.092 1
295.778 431.311 5
125.573 469.593 1
621.671 265.659 10
658.113 359.052 5
600.579 393.774 1
553.127 396.34 1
487.438 431.162 1
183.59 328.572 8
242.002 384.069 1
199.075 377.712 2
168.325 378.987 1
244.597 471.067 1
293.211 274.652 3
381.942 398.479 2
243.154 342.608 4
220.1 457.553 1
454.818 360.994 1
404.798 274.05 3
702.409 246.897 1
697.677 360.917 2
681.997 255.33 1
598.212 359.592 4
581.627 337.639 3
549.773 355.039 1
548.097 349.606 3
494.491 387.772 1
436.547 295.326 8
425.642 361.296 3
387.453 313.69 2
372.865 346.819 5
356.452 341.95 1
351.436 253.596 1
300.161 416.773 2
295.136 270.844 1
287.458 403.274 8
230.422 410.655 1
212.665 330.852 1
51.0931 444.749 2
751.053 319.789 6
749.656 372.411 5
746.311 354.357 3
714.755 290.281 2
707.287 307.882 7
698.302 239.579 1
674.808 327.447 2
646.853 330.475 1
629.609 291.427 1
623.094 352.122 9
570.707 385.962 1
567.345 309.862 2
485.504 255.103 4
470.59 337.527 5
463.894 388.079 10
429.409 349.123 3
428.528 356.982 3
399.442 209.723 8
394.425 240.291 1
391.506 324.518 3
386.658 265.018 1
384.068 303.976 8
371.834 340.284 1
366.187 259.081 2
364.391 266.582 2
348.134 293.055 1
339.476 360.164 3
324.493 361.122 11
315.001 322.491 4
314.597 374.808 7
311.425 310.582 1
292.887 406.551 3
285.384 329.046 3
282.532 357.553 1
280.136 281.952 1
278.512 447.041 4
275.228 307.764 4
234.571 336.016 10
218.659 300.349 2
209.431 310.424 1
208.187 402.507 1
150.56 308.83 1
129.779 460.357 6
114.55 414.604 6
115.974 365.748 5
90.7545 341.349 2
62.5522 358.368 7
59.8015 331.368 3
46.9988 333.479 3
46.9134 317.112 4
518.003 294.439 1
706.778 391.013 2
481.065 326.844 1
60.5505 407.583 1
719.708 400.582 2
696.705 398.952 2
641.868 272.549 2
602.658 249.214 1
600.617 255.392 7
540.678 290.743 1
500.661 379.409 1
389.353 260.77 1
389.888 326.219 1
391.201 433.385 6
386.45 285.939 3
373.464 359.752 6
366.606 327.486 1
355.318 376.975 2
265.504 392.582 1
219.559 381.974 2
186.542 412.447 1
163.091 415.195 1
491.969 306.077 4
354.444 278.675 4
240.136 355.42 1
215.811 354.392 3
661.426 249.778 2
622.094 257.149 2
585.676 258.343 1
545.784 394.923 1
264.045 411.567 10
199.249 372.991 2
477.177 397.035 8
767.469 337.485 3
572.766 389.727 1
607.259 271.663 2
325.085 422.807 2
414.193 287.915 1
209.338 439.007 4
162.407 465.805 1
406.55 215.343 1
247.822 315.284 2
141.341 370.101 6
105.844 366.506 3
65.9919 342.434 4
66.5023 317.959 5
750.346 421.805 1
736.766 395.528 2
694.964 386.578 5
728.89 342.62 3
713.398 335.435 3
767.83 278.61 1
629.03 377.619 1
748.017 255.493 2
697.57 299.559 3
632.546 341.481 1
681.718 281.74 2
572.953 348.196 2
601.127 308.956 2
579.96 307.836 2
597.67 277.113 4
543.536 321.683 4
517.948 336.006 2
499.567 344.001 8
422.799 330.629 5
370.24 362.843 5
468.181 257.163 4
396.19 314.551 3
246.205 451.668 2
222.752 453.919 2
381.703 238.963 4
370.941 253.119 2
263.479 324.081 3
174.059 412.102 2
279.783 292.305 1
287.598 268.372 2
154.833 391.966 2
126.07 419.351 1
303.798 232.267 1
154.944 343.117 3
89.7969 387.219 2
125.247 349.138 3
121.64 335.399 2
114.15 317.92 1
44.0382 377.868 1
39.6934 296.414 1
177.965 365.488 5
695.554 339.883 1
456.369 398.343 13
474.56 228.508 1
190.822 443.838 2
736.863 388.452 1
640.221 312.551 1
638.152 292.349 1
697.994 193.231 7
450.478 348.746 4
302.2 443.647 3
183.902 406.559 4
140.207 431.655 1
184.223 354.072 1
92.6928 437.531 1
66.7507 439.239 1
123.987 372.963 7
61.5266 327.714 1
215.348 349.305 1
76.2465 325.13 1
697.822 350.46 5
585.845 294.404 1
252.781 466.994 2
158.301 373.296 3
177.294 319.495 2
667.537 356.953 1
662.18 244.086 2
588.639 250.802 2
563.637 274.049 2
450.754 352.947 1
444.66 298.173 1
263.446 406.885 3
386.69 216.241 2
180.342 422.356 2
334.32 256.46 6
250.647 284.165 1
442.834 205.189 2
548.073 256.376 1
223.838 276.907 1
769.583 222.76 3
154.76 307.841 4
23.7092 426.231 1
702.682 305.616 1
669.327 319.845 1
749.129 325.741 1
468.257 328.339 1
773.334 335.039 2
301.033 352.809 1
224.605 394.555 1
448.952 398.534 7
213.211 401.096 1
392.117 421.638 3
531.938 390.919 4
375.762 236.588 4
467.08 241.44 1
347.437 282.004 1
732.397 331.165 1
90.5049 352.144 2
55.1804 363.664 2
129.072 377.839 1
87.7558 381.304 1
67.7094 392.177 1
459.509 401.5 1
147.096 415.696 2
489.11 419.929 1
462.281 444.26 1
422.392 249.736 1
699.189 254.43 1
626.326 271.887 5
670.663 295.114 1
704.775 350.277 5
175.145 393.403 2
201.336 389.205 1
132.391 395.886 2
255.23 399.759 2
559.016 403.475 1
605.525 402.148 1
670.173 406.777 1
357.064 415.017 1
259.259 285.886 3
291.916 367.653 1
375.051 426.475 1
44.7216 401.033 1
32.755 442.024 1
721.014 338.983 3
358.26 292.95 1
519.433 393.264 12
727.87 216.161 1
680.198 390.653 1
408.665 257.559 1
561.152 372.572 1
715.729 237.567 2
513.586 285.996 1
607.545 382.608 1
636.667 397.696 4
448.122 283.899 1
523.496 417.954 1
474.159 385.793 1
483.994 415.761 1
453.947 441.443 1
240.721 375.498 1
82.0444 380.898 1
274.94 415.601 4
523.238 372.187 2
615.122 276.827 3
598.073 399.359 1
551.149 400.77 2
291.323 278.561 2
178.947 336.104 2
238.125 393.274 1
127.716 392.607 5
754.947 304.788 1
517.018 290.059 1
442.796 271.684 1
241.953 450.818 3
483.806 372.247 1
714.888 401.641 2
659.945 273.417 2
592.89 341.852 5
567.688 333.166 1
414.579 301.459 2
310.125 270.924 2
308.856 290.683 1
269.292 404.354 3
103.526 391.908 3
438.139 392.296 1
328.451 270.763 1
174.448 434.351 1
540.958 396.886 1
291.689 267.993 1
257.304 414.493 3
238.169 385.254 1
764.632 412.395 2
412.55 337.85 2
347.546 411.316 6
211.206 417.717 2
745.998 420.023 1
726.995 395.618 1
726.114 339.624 1
481.141 273.74 3
379.275 403.466 2
334.532 440.966 1
258.869 328.855 3
207.112 344.659 2
445.881 398.644 1
80.3374 321.01 1
667.267 255.432 1
535.758 372.548 1
393.013 222.274 1
274.553 420.566 1
180.829 407.728 1
156.445 472.741 3
597.196 287.358 2
150.333 345.2 6
556.009 273.948 2
284.972 336.195 1
239.584 380.017 2
239.32 290.688 6
292.621 373.246 1
206.5 442.284 5
147.369 367.775 3
26.5326 434.257 1
764.812 425.063 2
625.372 375.843 1
570.636 344.194 1
362.387 411.578 1
489.333 289.077 2
333.415 365.27 3
258.093 373.785 2
152.058 385.192 1
51.3894 434.027 1
593.69 365.306 2
634.946 287.088 3
253.9 417.459 3
259.672 380.431 1
383.767 279.317 1
141.093 427.471 1
118.564 430.932 1
340.746 257.501 1
180.997 350.831 1
293.16 235.316 4
187.258 297.316 3
164.3 300.19 1
701.777 345.93 5
273.754 463.092 1
189.8 371.458 1
578.005 350.65 1
658.755 237.055 1
558.46 267.538 1
584.225 243.768 1
380.334 207.588 3
331.18 246.023 2
246.846 275.956 1
215.459 294.783 1
347.394 337.976 2
251.758 396.238 2
407.027 253.799 1
624.795 222.033 1
327.505 343.517 3
201.561 428.797 1
239.231 312.209 1
758.229 317.104 1
57.0233 324.632 1
117.929 331.188 1
22.4602 377.386 2
525.915 392.876 5
223.986 399.521 1
770.801 403.058 2
696.6 414.99 2
118.047 352.377 1
689.15 331.336 5
693.305 233.948 1
622.055 252.089 1
360.813 271.685 2
302.887 369.438 1
252.288 384.092 1
85.3165 388.814 1
64.7732 404.224 1
646.714 399.644 1
462.99 449.078 1
420.284 452.136 2
182.587 459.113 1
197.683 292.767 1
700.022 265.077 1
625.776 285.685 2
449.8 291.433 1
721.405 243.221 1
728.917 251.365 2
752.656 407.33 1
521.606 321.63 2
540.116 387.956 3
393.572 370.572 1
629.843 267.968 6
427.232 239.651 1
552.117 310.695 3
476.125 430.878 1
456.016 446.522 1
209.757 460.735 1
508.798 238.483 8
209.992 388.871 1
739.367 277.649 1
709.664 398.3 2
650.728 399.695 1
572.326 378.392 1
435.34 224.327 2
422.755 384.643 1
79.1659 342.73 2
98.8468 389.658 2
705.218 342.951 2
471.749 251.681 3
429.634 405.668 2
304.661 295.563 3
426.661 447.648 1
245.188 320.984 1
153.481 371.893 2
432.735 262.254 1
267.012 415.914 2
588.307 402.583 2
537.69 403.984 1
232.665 399.506 2
716.473 394.813 1
696.487 394.624 1
585.82 354.947 1
392.397 336.642 1
165.012 362.747 1
219.715 416.632 2
703.546 317.792 1
667.353 414.857 1
495.99 410.191 1
342.722 243.514 4
533.455 397.674 1
401.272 381.003 1
578.245 312.598 1
336.527 447.754 1
66.4325 349.038 1
721.879 395.607 1
735.348 287.299 2
582.137 266.73 1
319.919 413.999 1
320.214 330.558 1
313.385 273.746 1
172.267 363.354 2
120.702 366.094 1
665.777 238.398 2
589.029 256.04 2
379.696 421.192 2
348.254 239.458 1
173.338 368.184 1
548.346 272.052 1
329.228 240.278 1
225.159 369.054 1
61.9647 395.776 1
743.652 350.359 1
690.029 402.784 4
537.172 331.189 7
109.666 404.209 1
714.003 363.069 1
114.417 372.264 1
686.005 188.294 1
593.287 251.902 1
400.314 366.13 1
353.108 235.352 1
173.76 349.103 1
160.049 377.162 1
545.747 263.851 2
477.253 253.586 1
248.207 391.713 3
367.21 206.543 1
328.447 230.434 2
235.214 274.143 1
756.71 248.47 3
230.547 371.585 1
410.115 235.19 1
635.533 355.435 2
132.374 375.095 1
297.352 291.698 3
674.214 394.038 1
383.059 344.399 1
572.484 272.422 1
103.536 458.461 1
145.176 421.042 1
467.756 218.051 1
341.501 252.79 1
146.665 347.948 1
185.323 292.405 1
294.591 227.859 4
590.244 303.077 3
417.882 378.89 1
576.77 341.856 2
555.581 257.313 1
328.388 235.868 1
247.351 262.153 1
213.34 280.193 1
292.921 309.238 2
246.984 419.915 3
698.599 212.69 3
778.588 241.827 1
375.779 282.508 2
726.443 331.8 1
160.361 340.264 3
29.088 343.263 2
630.176 352.576 2
755.207 360.233 1
32.8445 435.538 1
32.6473 333.38 4
281.057 378.438 1
751.657 269.915 1
593.244 299.533 1
196.854 386.568 1
499.97 390.637 1
610.114 395.223 1
81.5007 403.695 1
463.549 399.067 1
627.94 408.749 1
647.876 408.631 1
427.628 344.934 1
201.215 349.059 1
745.264 426.001 1
337.445 305.852 1
266.148 384.798 1
140.993 405.77 1
286.129 245.008 2
452.135 376.914 2
79.1874 437.075 1
639.238 404.468 1
708.41 264.822 2
254.99 404.692 2
205.481 285.217 1
171.166 296.263 2
691.057 271.332 1
646.774 246.729 1
451.826 237.157 2
680.124 415.436 1
397.451 275.043 1
206.661 320.21 1
498.598 383.976 1
450.932 449.183 1
717.612 295.301 2
639.153 321.922 1
378.168 292.66 4
193.833 426.65 1
350.924 272.376 1
450.425 428.723 1
646.091 230.913 5
617.353 399.278 5
679.273 217.542 1
704.612 381.901 2
464.057 310.376 1
427.712 333.972 1
183.19 418.01 1
159.428 363.994 1
518.14 283.789 1
336.574 251.615 2
621.629 404.094 1
498.892 287.373 3
536.953 391.524 1
502.942 413.431 1
703.292 394.722 1
679.061 213.455 1
602.131 243.317 1
537.811 364.859 3
270.128 448.158 1
237.56 451.788 1
572.211 262.797 2
347.526 329.597 3
279.198 332.595 3
258.022 423.031 1
235.836 345.717 2
634.42 305.777 1
399.839 432.319 2
182.292 367.663 2
554.391 350.942 2
247.027 465.23 1
582.733 254.232 2
343.7 237.676 1
243.609 291.437 1
303.728 461.875 1
346.624 232.075 1
246.497 283.916 1
431.279 200.376 1
318 355.416 3
415.857 430.744 2
209.365 454.149 2
613.419 356.182 1
665.905 231.469 3
685.554 184.223 1
591.591 243.793 1
563.965 267.835 1
351.403 227.404 1
282.983 215.228 1
155.879 288.432 1
685.966 241.67 1
657.017 356.669 1
424.031 429.634 1
689.442 343.156 1
630.748 325.86 1
327.831 310.448 1
286.198 460.772 1
497.982 264.119 2
96.4262 379.395 1
308.285 434.323 1
297.78 368.999 1
597.692 241.827 1
531.621 258.302 1
227.842 295.304 1
468.438 212.876 1
451.94 208.341 1
185.216 284.103 1
68.351 312.5 1
426.532 192.587 1
377.156 210.665 2
151.777 422.574 1
95.1607 431.671 1
45.5249 327.694 1
50.8866 369.036 2
695.982 424.615 1
417.268 447.155 1
436.67 444.963 1
216.125 459.482 2
229.922 459.284 1
59.3531 465.202 1
726.001 361.342 1
616.43 286.697 1
320.554 226.327 3
103.129 428.153 2
430.012 442.738 1
226.831 452.017 1
65.162 462.185 1
602.628 359.999 1
160.042 309.86 1
342.289 307.168 1
96.1922 325.555 2
282.325 444.343 1
740.378 429.347 1
394.853 278.453 1
107.407 374.766 1
429.864 267.746 1
690.29 356.067 2
402.697 291.836 2
401.862 248.816 1
389.954 388.447 1
632.255 296.165 1
195.74 401.669 1
441.598 430.094 1
527.862 395.817 1
673.325 217.784 1
627.817 310.924 1
440.439 284.453 1
296.341 305.232 3
171.127 442.168 1
412.628 413.435 1
673.664 213.284 1
483.982 404.873 1
406.762 430.926 4
445.052 344.315 2
378.437 434.841 1
320.364 314.424 1
176.037 403.731 2
589.77 336.34 2
347.857 359.451 2
365.531 214.25 2
336.234 235.767 3
311.498 460.201 1
235.283 284.862 1
690.981 192.145 1
574.065 352.159 3
580.178 241.427 1
315.165 367.014 2
341.115 226.941 1
241.025 278.554 1
238.906 295.068 1
584.193 236.16 1
438.558 202.415 1
344.816 220.148 1
245.802 270.071 1
745.233 260.337 2
721.375 254.761 1
428.348 295.136 1
373.886 434.967 1
359.902 436.062 1
565.111 257.946 1
592.038 233.987 1
349.499 352.736 1
327.905 357.728 3
252.945 267.295 1
220.709 285.514 2
113.194 293.275 1
498.448 332.788 1
227.076 279.537 1
119.904 289.655 1
421.286 184.647 1
766.6 219.879 1
44.7284 294.131 2
768.7 255.801 1
519.176 399.236 1
682.098 403.974 1
193.168 388.759 1
219.488 291.09 1
234.307 290.098 1
654.818 250.087 1
614.763 350.583 1
636.245 275.176 1
323.646 311.495 1
679.884 271.188 2
723.329 349.582 1
262.406 399.559 1
166.538 296.87 1
674.861 372.665 1
327.003 225.616 1
388.146 452.503 1
458.023 424.312 1
400.178 370.43 1
177.394 373.159 1
652.868 228.392 1
423.526 435.682 1
383.97 448.87 1
494.468 338.034 1
597.004 326.137 1
337.76 455.055 1
348.244 208.258 2
569.984 267.823 1
181.126 295.859 1
154.987 298.633 5
286.364 221.035 2
188.436 473.596 2
316.298 436.597 1
427.682 196.502 2
124.984 311.502 1
265.963 465.296 1
504.485 261.14 1
458.076 213.196 1
50.7109 389.705 2
659.038 306 1
