2995 27674
553.309 111.46 43
569.591 119.008 35
765.558 122.499 2
549.257 124.106 11
538.651 124.844 28
555.769 142.157 57
753.969 133.267 15
548.481 135.059 8
674 135.271 12
750.387 141.427 25
668.01 140.872 13
729.199 143.449 21
545.807 156.694 10
709.821 158.88 54
715 163.564 9
755.851 173.593 2
698.511 177.692 42
143.053 177.429 7
668.6 184.29 72
685.461 173.536 12
742.223 178.692 17
644.331 184.941 7
760.508 184.827 20
673.403 183.513 5
134.55 184.177 16
592.131 186.49 34
662.786 189.061 16
751.27 193.122 12
637.86 196.282 93
582.361 201.846 55
657.431 196.656 3
155.079 197.43 18
173.111 200.383 84
596.801 204.362 37
623.091 206.948 49
87.2136 206.441 12
597.116 201.635 15
711.711 204.883 26
129.513 207.522 51
142.292 205.887 8
793.322 208.784 2
17.8517 209.889 1
749.142 207.672 18
476.838 213.361 8
552.604 212.859 20
532.184 214.052 2
628.873 212.89 3
516.838 214.195 46
767.664 215.562 11
484.857 216.975 39
121.988 214.699 55
129.354 220.177 15
183.99 218.384 29
197.817 216.216 109
156.756 221.168 53
597.643 217.662 27
501.012 217.985 56
516.195 218.939 16
83.3303 222.396 43
475.007 223.014 13
172.534 222.11 13
411.803 226.835 9
20.531 226.365 1
531.889 225.329 17
784.937 225.829 2
158.762 229.956 12
81.9365 225.71 21
218.6 225.915 55
549.936 229.343 35
592.05 230.963 39
64.591 229.23 19
669.287 231.804 7
199.805 229.548 51
693.708 232.22 27
9.55836 233.444 1
99.384 233.684 27
231.431 230.839 45
231.658 232.974 4
20.0046 234.782 2
426.297 234.54 4
470.901 239.483 30
658.656 240.221 2
22.8792 241.769 1
347.098 242.696 5
576.632 244.24 22
173.955 251.571 30
405.735 243.439 7
82.0083 244.531 37
236.609 243.207 41
420.952 244.71 52
433.391 248.901 26
64.9346 247.321 20
66.1724 247.539 7
469.473 252.416 83
96.6468 249.486 44
26.7181 251.498 4
53.6151 249.799 59
339.287 260.798 58
652.535 251.512 4
153.265 251.657 9
250.763 249.742 97
621.151 255.047 86
636.268 249.792 74
42.5556 253.094 13
360.756 255.63 19
439.126 256.42 9
482.624 260.058 90
467.854 256.277 12
342.739 258.016 1
399.821 260.097 49
510.059 266.305 87
693.571 260.477 14
257.074 258.473 21
22.3325 259.433 3
450.181 259.636 41
513.144 268.713 59
630.19 262.101 9
363.442 265.347 42
95.5953 264.791 3
555.735 260.559 32
154.613 263.389 28
598.176 261.616 59
107.059 261.09 5
116.94 269.001 8
235.3 270.188 87
369.78 270.061 1
497.667 267.685 15
536.182 267.722 37
544.236 270.37 41
13.8498 270.839 2
35.616 268.593 25
517.635 269.394 13
78.5139 269.584 29
338.55 268.351 19
396.642 270.306 38
153.257 277.498 24
619.003 273.316 24
69.4356 273.779 3
185.364 270.689 29
239.826 273.755 1
319.21 273.107 33
637.822 273.759 17
20.4806 276.156 1
268.692 269.921 94
381.326 271.987 70
230.327 273.154 10
580.79 276.247 45
711.74 278.854 9
552.492 279.477 3
223.208 278.634 14
308.535 285.836 78
488.303 280.105 19
734.909 281.245 1
351.04 282.251 37
182.7 281.491 22
246.86 285.801 27
284.577 283.068 61
392.819 285.263 48
626.082 279.709 48
595.804 281.243 13
194.046 284.605 40
148.655 292.318 44
208.436 286.81 2
640.102 285.589 13
192.56 286.157 16
261.221 287.144 5
583.919 287.61 15
708.262 286.439 3
375.054 287.411 30
468.264 289.508 13
597.231 291.229 6
792.889 290.442 3
310.63 288.854 34
499.278 287.909 15
297.728 290.39 17
398.453 292.246 3
523.47 294.194 13
167.045 290.553 23
178.126 294.841 20
302.784 290.99 14
560.963 291.854 37
187.303 293.024 13
618.07 290.69 37
727.811 291.288 30
631.157 294.561 1
18.3094 295.643 2
90.4264 293.203 21
469.819 297.068 9
203.895 294.362 14
255.293 292.825 10
562.77 295.583 32
565.808 297.676 4
106.153 297.537 27
147.829 294.629 12
370.45 298.727 20
465.82 301.244 3
500.397 297.643 21
478.51 298.043 30
729.367 302.375 5
544.036 308.756 25
129.977 299.893 31
269.262 298.397 41
326.956 300.554 65
312.833 305.214 60
396.539 303.005 17
27.9132 306.064 11
221.624 303.89 29
371.952 306.297 1
253.158 308.066 57
616.129 307.928 25
645.043 305.73 30
19.5356 307.888 1
220.719 307.734 1
490.211 307.354 11
279.89 308.371 13
159.337 307.369 14
411.365 313.724 17
540.073 308.335 43
231.21 310.653 7
265.938 306.924 19
554.249 307.041 22
581.415 309.191 59
104.077 311.928 3
188.985 305.091 58
483.162 311.613 2
133.216 311.32 34
238.425 316.821 39
578.832 312.725 9
594.412 317.684 28
728.993 312.49 7
39.8202 314.94 6
297.435 314.344 70
331.224 312.859 29
560.941 313.429 3
370.807 315.653 7
396.952 321.329 31
617.319 314.664 34
36.9688 317.099 1
547.894 313.755 5
129.544 314.813 14
422.437 319.383 29
715.718 319.052 35
599.61 319.688 5
432.934 321.497 6
745.348 321.869 6
556.86 321.993 21
239.784 323.68 2
440.993 320.484 23
500.93 314.894 31
84.1068 323.28 39
371.145 326.078 17
398.18 323.68 4
590.34 328.631 59
668.45 322.048 6
221.507 320.022 31
600.273 330.511 20
293.668 334.437 19
307.784 326.406 6
108.398 328.176 9
181.715 328.552 30
67.6708 331.039 1
134.278 328.658 7
213.372 328.595 28
300.778 331.082 1
372.543 331.334 1
644.671 326.589 23
95.9847 330.993 43
483.784 330.894 57
567.928 331.888 41
164.169 329.848 61
442.336 332.132 20
626.033 327.887 49
739.652 332.37 3
545.672 331.471 21
584.389 330.498 15
585.64 331.393 13
607.163 331.808 9
730.107 330.65 19
18.698 332.034 3
404.081 331.97 49
190.075 332.829 32
213.877 335.837 1
679.165 340.948 24
558.19 342.223 37
72.5373 341.262 16
656.517 341.17 2
43.3867 338.943 18
115.932 342.979 11
212.592 343.164 14
498.729 346.167 52
784.661 342.794 1
88.5654 344.761 49
331.818 340.747 43
561.695 345.692 4
603.903 345.218 35
641.352 342.209 13
722.743 340.722 6
539.815 342.604 58
199.716 343.801 5
152.789 347.837 15
350.124 344.529 13
363.727 348.343 32
525.946 343.959 24
262.889 347.687 2
401.551 347.3 5
672.215 347.332 31
138.436 353.161 17
500.713 349.347 2
738.977 347.109 19
515.2 348.255 60
559.771 354.786 12
237.761 347.059 37
164.002 351.191 53
185.304 350.029 33
252.04 352.186 13
639.103 350.764 27
641.445 351.562 20
401.643 354.806 3
523.453 354.598 5
577.545 351.218 14
317.811 359.865 53
367.668 355.456 2
708.08 350.186 69
67.2658 356.282 8
776.093 357.482 1
625.419 353.748 17
127.195 358.376 9
213.739 358.827 45
460.701 365.99 91
672.951 364.784 45
740.859 361.24 5
788.456 359.581 1
21.2634 361.075 3
136.817 361.071 10
515.888 360.669 24
585.921 355.842 25
699.408 359.298 17
769.826 362.789 13
394.531 367.615 36
725.963 361.153 4
162.066 364.861 49
285.749 361.526 22
527.332 368.627 47
51.7539 364.951 17
81.3651 362.683 22
362.182 365.587 25
565.657 365.93 50
214.903 371.274 21
261.289 370.051 71
344.218 366.847 70
539.112 368.437 17
99.4278 370.641 27
498.959 363.892 19
473.652 369.082 58
671.703 369.363 13
101.488 371.091 3
202.24 368.055 60
449.156 366.348 58
469.225 371.186 1
140.31 371.925 80
159.634 374.628 31
372.226 370.391 73
443.596 370.519 11
529.001 371.651 2
337.714 383.437 96
418.369 368.459 86
66.9454 375.505 33
82.9498 372.972 18
400.204 369.899 31
192.94 374.818 18
219.314 371.51 26
233.3 380.173 22
369.121 382.921 12
204.215 375.7 1
315.621 373.585 48
771.933 375.568 4
102.086 377.074 1
147.002 371.518 25
171.672 376.25 15
297.953 373.929 48
328.387 374.126 41
331.431 376.837 2
162.829 378.446 1
279.903 375.974 42
271.671 377.461 29
84.8319 379.7 46
238.872 379.7 11
460.81 379.884 5
516.847 379.525 3
612.793 380.529 2
471.973 380.609 16
45.4264 380.053 26
406.608 387.15 55
307.731 388.649 29
422.715 383.006 36
149.078 386.238 20
784.831 386.468 2
141.184 386.788 3
776.604 386.284 5
790.734 387.186 1
451.809 387.303 44
255.047 389.14 7
127.631 387.958 49
678.283 387.232 45
757.735 388.342 25
768.878 389.611 1
40.4617 388.568 19
370.858 395.95 53
561.099 392.346 12
742.747 387.061 21
752.927 390.109 3
666.427 389.767 23
702.437 389.07 53
707.061 390.366 34
711.126 390.983 6
724.335 387.829 59
730.189 389.889 5
386.295 393.397 51
576.716 392.496 25
19.6113 392.906 6
81.0954 398.398 59
117.886 393.088 12
402.732 394.079 34
388.954 395.231 1
50.6114 395.815 17
135.961 395.605 8
532.198 393.249 72
535.409 396.921 1
582.877 396.693 8
549.729 396.911 46
613.213 396.887 59
647.951 397.316 56
57.1536 402.821 5
43.2673 403.76 8
168.847 403.198 24
73.4095 405.065 12
605.901 412.404 11
610.345 408.667 2
51.2989 408.591 10
36.4258 411.191 1
28.7952 412.802 1
17.4089 414.145 1
21.7737 414.423 2
169.078 413.612 2
6.7683 416.411 1
154.824 415.895 10
790.22 416.603 2
117.69 417.825 11
136.72 417.809 19
653.101 415.135 34
90.2124 417.626 20
165.966 420.884 3
784.324 418.826 1
65.3983 417.231 5
171.741 418.502 6
72.7307 420.183 11
154.384 423.136 29
55.5691 427.315 2
146.313 425.183 17
677.764 428.291 16
762.125 428.488 7
686.041 430.041 5
736.986 429.6 7
114.852 429.166 27
111.039 432.294 2
24.1755 429.486 6
93.1647 433.882 9
88.4762 437.187 1
81.338 438.201 1
74.6982 438.328 11
62.1529 439.953 7
53.4463 441.615 6
45.7537 443.919 4
29.4377 446.009 4
13.5115 448.548 1
560.757 113.645 12
760.261 120.105 8
577.214 121.734 2
693.295 125.697 48
555.823 125.369 2
544.892 128.539 2
676.579 129.198 4
699.108 133.423 3
671.231 132.742 3
693.485 134.009 1
758.508 135.487 7
777.552 139.639 1
551.109 143.908 51
681.584 142.649 10
537.189 143.269 11
681.559 143.869 66
761.205 150.56 3
734.242 147.449 1
789.431 148.351 1
703.233 150.232 1
535.992 150.373 4
553.204 152.739 5
564.598 152.45 24
650.609 151.378 20
658.756 151.248 7
690.75 152.051 3
542.667 153.218 1
727.942 156.733 22
753.049 152.665 14
731.969 154.32 27
782.667 155.118 1
770.775 158.391 5
721.393 162.617 6
755.73 161.228 7
701.139 161.425 1
681.75 166.357 13
740.033 164.504 18
709.44 167.542 7
785.582 168.424 2
555.629 171.889 39
583.047 174.447 1
651.075 173.696 1
721.339 173.729 11
779.297 175.127 1
635.853 175.387 22
773.32 172.215 4
765.734 178.826 6
793.508 178.678 1
650.258 181.753 14
150.571 182.188 50
607.02 181.489 10
708.04 180.503 40
584.133 181.564 19
658.08 182.514 2
744.487 185.603 8
613.857 185.184 4
643.483 186.255 30
741.598 186.987 3
776.834 185.143 1
793.035 185.219 1
154.572 186.287 2
624.742 184.986 32
145.135 187.345 19
683.247 186.425 47
722.125 189.521 4
138.761 190.974 2
163.187 190.537 10
776.378 192.505 4
736.148 193.04 13
581.951 193.335 10
689.198 196.816 32
593.912 195.17 7
729.234 195.482 10
757.309 196.324 7
771.54 195.669 4
151.81 196.775 26
650.145 196.97 3
168.01 198.015 5
624.196 195.166 3
666.678 197.679 13
742.69 200.637 17
137.127 200.107 3
632.412 200.948 16
728.548 201.501 15
482.22 202.059 3
739.245 201.886 4
98.576 208.424 47
12.3794 204.364 1
567.255 208.088 26
149.14 204.844 1
574.051 208.694 39
703.161 204.717 6
756.735 202.368 3
782.863 204.659 1
529.764 207.685 9
159.117 208.887 15
187.358 207.614 16
483.577 209.745 4
660.423 208.351 18
734.136 214.297 20
176.189 211.04 12
616.51 210.917 20
112.526 209.787 10
607.797 215.918 26
774.624 211.163 4
8.049 211.881 1
23.4322 211.932 3
91.1777 213.468 6
715.563 212.723 10
726.972 215.482 11
754.545 219.131 17
139.541 214.426 8
587.59 214.92 15
132.296 213.826 2
745.499 214.611 8
565.576 215.795 16
437.233 216.396 4
670.464 217.84 20
191.712 217.707 8
486.73 227.319 23
493.093 219.146 19
525.617 218.231 5
536.63 219.086 18
606.472 217.746 1
695.345 220.228 39
785.12 219.02 1
680.731 221.958 13
773.163 221.524 5
116.86 229.232 26
437.536 224.18 10
624.222 226.381 19
659.638 220.487 19
12.0422 224.318 1
195.033 226.531 9
205.031 224.965 7
422.251 225.679 56
430.97 221.291 9
517.519 228.654 11
26.759 226.593 12
122.028 226.221 2
494.797 232.689 63
511.536 228.533 23
691.851 225.869 5
132.223 228.642 27
166.82 226.63 4
178.209 230.656 11
567.936 230.072 18
747.904 226.927 4
94.2101 229.124 38
480.112 230.638 5
677.68 237.6 36
174.374 231.35 26
424.612 230.354 9
546.832 230.156 5
71.9778 234.827 26
788.819 230.882 1
638.056 233.211 13
114.88 233.959 10
80.2112 234.43 9
143.305 237.477 33
188.348 238.979 15
217.396 237.61 36
595.172 233.92 29
673.762 239.232 61
64.3075 235.572 3
190.781 238.286 26
440.058 234.81 20
539.27 234.552 5
484.882 239.985 34
673.202 236.947 1
685.137 236.909 5
697.628 239.768 10
124.578 238.629 9
176.988 247.402 37
416.17 240.346 15
103.586 240.339 11
235.481 239.343 2
600.502 239.182 4
639.282 242.057 15
713.372 240.274 40
432.261 240.136 2
545.262 241.592 16
199.185 241.33 3
354.115 247.207 29
663.828 249.061 29
726.859 242.445 1
73.7973 245.001 21
110.626 243.62 9
176.823 242.687 1
413.332 250.316 28
479.076 243.028 19
494.35 244.139 12
518.023 246.105 21
119.075 244.299 12
130.295 246.348 5
794.577 243.455 1
28.4635 243.118 13
139.877 246.33 10
221.498 252.384 38
433.168 244.502 1
733.817 245.285 2
426.33 246.323 1
589.774 247.106 24
601.235 247.162 13
159.058 247.912 23
552.913 247.49 26
621.021 246.883 7
659.449 255.458 26
245.48 247.486 3
351.023 248.031 5
367.883 247.527 18
532.009 250.283 56
128.356 249.932 11
192.602 249.87 15
788.639 248.899 1
409.286 250.023 8
443.132 248.316 14
643.588 253.477 34
88.6634 252.139 9
105.18 253.797 14
220.225 254.377 24
751.486 252.691 7
57.7219 257.524 17
176.976 252.791 18
507.214 252.874 6
758.524 252.524 10
126.535 254.531 2
139.5 259.076 34
165.102 256.367 14
210.802 255.069 2
237.268 255.388 8
370.76 256.091 20
427.845 255.229 12
579.63 258.363 35
612.458 257.812 19
729.903 255.542 2
30.2013 257.784 4
109.717 256.801 2
116.319 257.392 3
226.926 259.85 14
255.392 256.891 1
478.471 260.879 10
570.363 256.069 25
51.17 258.069 2
96.7889 259.394 8
152.684 259.235 8
516.917 258.834 1
675.056 255.811 4
45.948 260.734 4
219.162 261.015 3
575.519 259.357 1
131.494 260.742 4
761.197 261.386 8
349.181 264.307 37
412.67 266.806 42
468.975 266.604 22
118.521 263.194 3
251.265 263.589 6
495.703 262.817 5
196.547 262.459 35
206.202 263.739 11
407.661 264.664 15
503.142 263.276 4
26.6957 265.475 10
261.914 267.058 12
375.202 269.09 17
677.11 264.851 16
691.621 264.951 18
457.211 269.417 21
539.253 267.522 10
42.7774 268.662 10
223.375 267.45 3
774.779 267.183 1
51.9801 268.634 18
238.663 268.017 6
445.906 268.417 17
485.284 269.385 10
608.742 268.341 8
634.593 267.436 7
124.309 270.401 5
179.718 268.618 15
20.0966 269.91 1
513.302 270.881 9
93.1876 271.171 2
160.614 272.477 12
212.287 270.778 9
524.965 270.651 2
623.06 270.716 4
642.726 270.776 7
764.856 271.291 2
790.837 270.312 1
131.75 275.114 16
427.27 270.54 26
537.839 271.768 2
247.648 273.081 1
328.67 275.543 29
688.143 273.077 1
115.267 274.017 33
345.14 273.819 15
412.588 277.987 39
42.8224 273.658 2
544.243 279.326 8
666.091 275.661 19
35.6607 278.295 3
84.6248 276.881 17
206.798 275.754 6
469.785 277.912 14
484.516 275.734 2
10.0464 277.326 1
147.91 276.822 2
215.052 282.962 16
265.174 278.452 8
560.96 278.336 40
572.585 276.797 1
602.248 283.719 10
162.426 278.161 3
588.894 280.814 11
51.8407 282.023 23
190.544 278.797 6
324.926 279.018 7
338.992 288.745 20
621.149 281 4
60.895 279.855 9
75.2698 280.71 9
139.596 280.295 7
239.171 282.227 18
390.847 280.47 2
501.76 279.958 10
526.705 283.881 24
116.625 280.558 8
460.257 281.429 25
513.986 282.772 8
686.279 280.599 12
275.973 283.136 6
95.7917 284.029 6
549.806 283.375 2
655.046 283.153 39
721.715 282.604 5
736.267 287.249 19
791.852 283.481 1
450.835 280.542 10
621.253 284.097 1
36.6134 285.099 10
497.87 285.823 6
589.366 284.909 3
52.672 288.071 4
89.8076 287.984 11
160.097 286.246 1
447.398 285.699 8
465.886 285.492 6
76.2428 288.206 11
139.169 289.033 18
418.941 287.411 13
614.392 290.828 16
734.445 287.018 2
101.096 287.954 7
322.99 289.972 27
603.613 290.48 20
785.462 288.009 1
185.424 289.084 2
334.638 289.293 29
407.75 288.732 27
627.426 289.465 10
241.558 290.353 23
286.576 289.731 5
342.962 289.554 16
476.427 294.915 17
704.41 292.304 10
719.359 290.039 7
770.047 290.016 1
227.221 290.528 6
541.403 292.81 5
748.151 292.184 18
196.808 292.837 8
220.658 291.395 1
415.37 292.34 5
434.146 290.932 29
441.205 291.686 10
104.275 293.168 2
267.25 293.955 23
589.594 294.066 7
12.998 293.737 3
242.224 300.1 17
379.903 292.535 1
459.874 294.818 10
528.706 293.9 22
290.223 296.05 22
391.226 295.715 18
497.04 296.571 12
614.74 294.21 9
736.715 301.067 25
35.5098 295.591 8
307.897 296.078 9
296.644 298.385 8
770.259 298.635 5
792.956 297.923 1
5.59117 297.807 1
109.432 298.006 2
164.423 298.102 21
385.661 303.552 27
514.76 297.806 10
640.698 299.28 13
749.577 297.733 3
191.763 299.837 7
328.106 299.242 5
409.1 300.881 15
434.819 303.878 23
533.968 300.688 16
631.503 303.171 35
15.0593 300.896 1
97.931 300.783 1
212.137 300.976 39
453.725 301.114 7
720.417 300.811 19
785.487 301.41 1
76.3921 302.456 3
178.701 303.816 8
526.414 301.817 16
115.864 303.794 18
151.191 303.339 8
198.324 303.084 3
260.332 302.696 7
558.922 305.315 12
46.8649 303.907 9
603.599 304.225 10
277.189 305.141 4
315.624 306.643 13
470.034 304.42 1
538.567 307.676 5
756.222 305.796 14
25.1775 305.955 1
38.1974 305.889 7
266.086 307.157 4
477.767 307.095 14
589.412 306.42 2
105.924 307.017 5
204.436 307.003 9
390.573 308.937 9
438.045 306.277 14
535.193 307.428 2
609.9 306.856 3
776.505 307.206 2
793.153 306.681 1
565.487 307.403 3
96.3019 310.022 19
130.175 312.019 4
214.815 308.659 7
403.409 308.723 8
637.674 308.069 3
705.894 310.165 10
33.9939 310.211 2
384.637 310.046 3
625.597 310.232 6
11.6479 311.048 3
142.866 310.789 2
224.011 312.506 9
328.194 310.46 4
378.936 311.053 14
468.016 311.053 3
527.403 310.74 4
84.929 312.007 12
167.017 313.315 7
19.6096 313.013 1
202.071 315.378 36
234.381 316.257 21
306.325 313.562 13
427.082 315.203 3
451.538 318.288 34
65.7756 314.488 14
409.75 314.49 15
632.661 314.243 15
121.727 315.614 10
188.362 320.661 17
496.605 314.998 4
540.486 316.312 8
722.781 314.577 1
247.954 316.957 11
278.645 316.109 27
552.986 316.597 7
612.485 317.578 5
713.963 317.715 6
746.258 315.629 2
102.977 317.157 27
156.48 317.354 18
338.539 318.435 9
480.273 317.666 16
606.727 317.643 12
662.128 316.385 39
139.432 318.6 19
582.169 320.937 5
645.975 316.809 29
777.044 318.389 4
170.78 319.681 9
324.133 319.087 9
348.303 318.653 4
501.91 318.352 4
7.34226 319.955 2
44.871 320.305 6
222.708 319.821 5
439.576 320.271 3
467.056 321.129 26
65.9831 323.09 15
187.649 320.766 3
211.329 320.608 7
263.757 321.373 6
199.983 322.462 5
363 321.668 7
452.21 322.296 1
476.18 323.533 10
386.922 326.387 16
619.9 322.723 11
646.773 325.13 7
74.4817 323.54 9
245.744 324.777 1
302.582 325.11 6
697.523 324.943 19
227.671 325.561 10
510.075 323.465 6
566.942 326.317 3
717.623 326.572 8
43.041 326.834 4
671.96 331.629 17
482.946 328.848 14
736.205 326.261 3
104.591 328.586 3
124.198 332.551 41
202.841 328.942 3
284.128 331.608 11
5.48901 330.282 1
18.53 330.286 1
90.8057 330.042 9
190.337 330.329 3
378.875 331.848 13
399.373 331.108 3
440.659 331.116 5
385.746 331.328 3
248.959 338.162 28
314.541 334.362 4
573.84 330.986 5
614.579 331.059 36
142.526 333.323 9
178.127 335.425 12
294.13 333.136 3
350.489 332.783 1
416.127 334.789 32
779.456 332.418 2
794.087 333.34 1
11.779 333.682 1
70.6155 334.045 3
130.529 334.022 2
277.828 333.408 6
307.634 336.096 50
510.934 334.482 23
465.507 332.734 20
219.514 336.944 24
391.715 337.374 7
63.3499 337.582 5
432.94 338.525 5
607.896 336.897 3
101.395 337.695 3
124.018 340.985 14
165.036 339.86 8
478.581 337.545 9
582.747 340.279 23
662.738 339.504 22
723.876 337.971 4
756.393 339.379 6
764.704 338.065 1
39.4313 339.164 8
91.6109 339.143 2
266.662 336.311 6
340.706 339.696 11
447.621 338.652 1
466.93 339.085 3
537.877 338.9 4
553.72 343.028 13
574.336 340.698 14
630.974 341.372 9
161.235 340.273 2
514.241 340.732 5
697.285 342.691 32
358.194 339.955 9
299.469 342.495 16
413.153 346.579 18
131.436 342.049 8
141.06 344.576 30
179.587 344.219 5
283.338 344.488 39
5.22519 344.347 1
240.329 341.245 31
619.013 345.898 14
734.592 343.409 5
745.936 341.611 26
193.565 344.873 6
450.859 348.911 41
482.098 345.395 27
600.54 345.917 9
651.849 348.558 20
750.914 345.243 1
39.4707 346.343 5
100.987 345.333 9
317.091 347.299 35
384.628 348.704 48
363.921 347.406 5
629.652 347.31 10
688.939 350.577 52
206.369 347.871 14
229.49 345.257 12
337.712 350.675 9
779.85 348.093 1
20.3557 349.555 1
24.9118 348.929 1
220.679 354.495 28
275.867 350.896 14
327.187 351.571 12
372.287 349.528 7
536.897 350.86 12
546.552 349.034 2
638.082 351.145 17
69.9911 347.741 11
162.355 351.383 7
346.515 349.553 2
554.505 350.415 4
615.612 352.502 10
11.5065 351.469 2
519.661 351.102 3
749.941 349.75 6
266.399 352.518 10
697.501 351.595 6
790.136 352.132 1
44.8873 352.75 2
225.006 352.651 1
292.569 356.256 28
325.586 353.967 7
380.587 353.818 6
433.933 352.225 26
443.459 353.136 6
607.774 359.125 64
723.753 352.521 19
492.939 355.459 15
757.431 355.403 16
681.203 356.216 7
6.19313 357.365 1
145.241 354.929 14
249.653 358.404 36
372.349 357.478 11
392.272 356.71 2
732.173 357.71 7
99.9885 361.144 29
257.143 357.561 13
481.861 361.733 21
654.893 360.444 12
780.91 357.787 2
170.408 360.67 4
233.623 364.987 16
269.301 359.301 22
310.087 362.15 24
592.607 363.344 45
99.1394 359.944 2
365.22 360.278 5
457.898 360.901 6
794.523 360.05 1
68.8143 361.76 3
473.878 361.919 14
704.389 362.272 23
11.6676 361.623 1
157.085 363.285 3
186.844 361.894 20
241.727 363.298 7
326.259 362.309 8
670.594 361.932 1
521.643 363.932 6
91.4235 363.794 5
201.24 363.431 10
355.412 364.117 3
463.655 364.156 1
576.99 365.555 29
593.087 365.534 12
776.104 367.979 5
59.8954 364.172 9
142.637 364.785 8
221.079 364.782 7
278.8 366.086 7
641.248 366.697 16
683.771 366.582 18
304.048 366.4 16
344.441 369.029 11
625.318 365.27 17
471.865 366.908 1
617.362 367.262 2
762.956 366.863 16
167.62 368.479 5
257.205 374.416 9
296.734 367.658 10
608.079 367.318 14
96.5922 369.526 1
178.511 367.753 41
225.656 369.393 3
365.393 368.397 3
381.048 367.707 4
669.808 370.096 4
90.6983 371.132 10
357.392 375.482 9
718.82 370.829 28
739.798 370.925 6
775.437 371.521 1
791.407 371.244 1
73.1793 372.248 9
242.296 372.972 27
546.375 372.554 23
622.891 373.098 18
652.176 366.565 10
728.718 372.731 8
46.3484 373.644 4
474.788 372.25 14
28.936 374.491 4
108.577 374.469 30
676.096 374.583 3
34.303 378.441 8
457.582 375.728 7
556.886 375.788 50
93.5947 375.787 1
142.305 381.781 5
422.642 376.346 1
438.935 382.566 46
595.132 375.814 12
765.039 378.422 8
59.5108 377.548 15
370.1 377.213 2
407.788 378.589 25
491.263 380.058 59
125.805 377.927 9
255.741 379.307 18
305.79 377.598 15
338.643 377.379 3
526.04 378.727 30
582.62 378.022 22
681.7 377.809 8
705.005 378.342 4
788.023 377.954 1
80.6068 378.921 2
362.42 379.086 6
710.745 378.86 7
750.635 378.669 10
9.13603 379.785 1
155.638 380.943 5
217.857 385.765 50
230.315 381.114 6
448.575 380.151 3
189.627 382.676 46
291.113 387.491 43
319.036 389.595 47
391.333 380.421 3
466.639 380.574 8
542.28 386.625 36
183.153 382.04 33
279.087 389.908 34
285.141 383.297 5
296.751 381.824 2
331.086 391.629 27
89.1206 382.833 1
122.283 382.826 2
438.317 382.991 2
127.528 383.49 2
171.988 385.495 30
263.298 383.519 12
341.034 383.938 2
107.467 385.767 21
306.227 385.019 1
358.436 387.295 23
409.231 386.471 17
705.755 386.109 1
47.8885 387.789 14
59.2738 384.145 13
210.806 387.09 36
220.544 388.705 13
234.039 388.788 27
586.32 387.798 44
136.855 391.251 10
160.569 389.32 19
207.161 388.539 6
441.655 390.112 13
25.7367 393.679 12
349.491 390.316 10
363.72 392.385 5
607.342 390.214 18
151.892 392.71 28
417.591 391.374 35
63.3259 394.341 21
94.5482 395.094 49
142.515 393.24 17
198.914 393.336 21
212.355 395.252 36
316.18 392.414 12
587.271 393.739 9
454.051 397.263 82
625.159 395.796 14
767.127 396.651 8
120.265 399.644 31
232.652 395.569 12
601.632 396.668 12
717.051 398.566 17
555.381 395.42 1
594.6 395.808 22
513.13 396.519 18
566.285 397.147 21
607.783 397.428 1
663.337 404.307 53
13.1799 397.803 1
24.2925 397.99 4
80.3439 398.745 2
152.308 402.044 22
535.037 402.218 8
457.285 403.961 7
505.541 404.154 10
512.511 404.681 11
613.389 404.049 1
620.123 404.227 1
14.4844 404.987 1
23.4382 405.24 1
649.429 405.18 1
48.9827 407.433 3
103.581 406.156 31
444.463 408.175 13
10.5844 409.906 3
186.054 411.708 15
391.877 408.738 1
521.766 408.086 16
495.181 410.703 19
501.01 410.383 13
115.839 411.416 2
123.703 411.379 12
175.719 410.578 2
73.4302 414.846 3
76.4061 413.52 5
88.4605 412.507 4
607.634 413.426 6
58.5326 414.596 9
591.283 414.873 31
782.878 413.992 1
661.925 413.942 18
32.9278 417.062 8
169.566 419.629 17
18.4641 419.274 1
185.221 421.402 5
53.2703 420.296 1
99.1997 422.943 9
156.731 421.1 1
790.415 421.208 1
80.2238 422.715 23
138.858 422.865 9
94.8676 424.86 8
649.749 425.661 18
40.8271 425.101 7
128.229 424.33 4
61.5633 426.125 19
24.6937 426.37 1
5.74548 427.536 1
159.709 429.603 6
45.7934 430.6 4
14.4093 430.779 1
65.5622 432.089 5
103.083 430.551 4
146.722 432.29 6
73.5684 432.426 3
766.181 431.562 2
648.111 434.214 3
29.6887 436.175 7
6.85511 436.302 1
661.062 436.191 4
682.444 437.713 5
18.7932 437.401 1
723.529 438.152 3
778.89 441.268 2
5.58513 454.051 1
552.857 109.306 4
661.206 186.627 3
608.369 196.984 9
549.636 209.981 15
606.943 248.841 18
624.062 257.169 9
165.005 259.714 3
228.829 269.839 4
147.095 292.826 4
235.413 298.91 29
477.809 298.228 2
501.518 299.158 2
624.036 302.742 13
34.9809 323.616 20
175.085 325.845 6
753.403 330.525 20
700.528 343.599 14
660.414 349.213 7
21.5572 370.757 3
571.171 372.393 22
158.152 374.142 3
168.787 374.172 1
506.209 375.504 53
209.841 380.583 2
506.79 387.706 14
785.226 394.014 2
190.335 422.472 27
706.159 438.424 2
750.99 143.254 2
554.338 154.988 5
680.647 159.261 24
712.79 158.856 3
574.707 185.37 18
105.14 200.7 14
155.9 200.036 1
87.4596 209.925 1
690.266 210.535 48
195.683 217.831 2
423.391 220.021 14
498.073 220.036 2
21.5765 222.205 1
551.569 231.868 1
616.304 230.122 26
631.156 237.244 29
651.496 241.653 40
20.7776 247.948 1
53.7966 271.116 2
543.731 280.231 9
487.468 287.969 9
445.461 299.97 19
449.651 305.733 6
255.709 313.212 6
89.6629 320.534 3
123.025 355.838 16
712.016 347.572 7
586.269 357.218 1
767.358 368.652 2
345.396 369.073 1
449.092 366.308 4
431.288 373.091 42
259.889 379.301 2
67.1815 381.953 16
484.867 381.16 5
21.057 386.505 1
465.568 390.161 12
631.248 397.802 11
565.435 411.542 37
715.986 428.4 19
760.273 430.836 2
703.516 430.187 20
749.538 430.148 9
702.165 136.837 1
763.171 136.192 1
552.93 146.402 4
565.2 154.744 4
774.377 156.115 1
684.532 169.328 1
559.037 179.594 11
148.913 185.533 2
682.753 184.96 10
581.579 198.858 4
598.077 200.975 2
745.883 203.553 7
98.6252 209.192 4
13.6067 211.892 1
28.751 212.604 1
178.261 216.423 9
731.428 218.7 15
147.856 220.842 76
697.729 220.732 6
760.132 219.412 4
682.091 226.799 3
776.444 222.896 1
514.941 227.29 3
30.2633 229.726 1
99.7774 228.515 16
499.636 231.969 11
572.201 230.043 6
76.0768 238.566 5
220.405 238.989 6
141.412 241.906 5
715.419 241.821 2
31.7245 244 1
415.986 245.206 4
482.223 243.309 2
166.954 249.119 5
249.802 248.309 1
497.297 251.69 27
571.483 247.404 10
624.658 249.165 1
358.682 247.906 6
531.916 250.05 1
589.63 250.683 1
662.699 254.721 7
644.469 255.635 4
104.417 257.104 5
374.574 258.269 1
584.589 257.759 4
611.103 257.85 3
57.3592 259.408 1
139.127 260.461 1
484.509 259.832 14
32.449 264.106 2
211.619 264.809 6
350.111 263.617 1
410.26 265.417 2
462.908 267.952 2
264.695 271.14 4
233.761 271.555 2
429.467 271.489 1
154.944 277.796 3
330.654 283.698 5
650.855 278.06 10
669.31 277.139 4
626.497 279.957 1
483.69 281.267 6
527.818 282.89 2
560.572 282.047 6
53.7908 285.365 4
686.482 283.077 2
117.776 292.372 6
738.761 288.341 2
87.9894 290.473 2
663.339 289.461 19
322.702 294.274 6
614.758 292.904 2
708.094 294.783 2
198.154 297.323 4
269.812 296.363 9
293.554 300.713 4
120.488 297.324 17
214.942 301.496 3
627.024 305.811 3
43.4633 306.227 1
155.603 303.119 4
186.737 306.322 1
758.317 308.65 2
225.648 316.708 1
567.41 315.385 5
663.67 315.918 1
235.199 317.523 3
142.085 322.106 3
158.074 323.219 3
192.266 319.857 2
342.558 322.029 4
541.083 320.235 1
216.064 323.945 1
626.335 326.441 2
469.311 330.87 23
568.798 330.264 2
94.0001 331.466 1
403.934 332.578 1
487.203 331.237 1
756.654 331.536 2
439.958 336.04 3
286.972 336.385 4
418.856 343.007 8
45.3559 338.147 1
580.349 341.552 2
516.868 345.242 1
604.525 345.887 1
658.425 351.685 7
103.374 353.049 13
449.192 352.915 2
570.973 348.28 21
638.779 353.481 7
538.821 353.862 2
760.713 354.937 1
330.172 357.042 4
250.913 358.194 2
192.855 357.472 19
476.587 364.717 3
734.348 364.523 11
782.092 363.943 1
417.795 366.858 1
370.52 367.854 1
580.746 367.478 1
643.094 371.453 3
147.408 371.431 1
19.8142 374.387 1
278.608 373.073 1
384.009 377.487 32
471.345 377.841 1
556.638 380.532 4
199.231 383.055 12
367.618 384.063 7
408.651 381.318 1
526.779 385.751 11
17.4725 383.745 5
288.31 389.457 4
275.787 391.951 5
325.045 390.135 11
546.861 387.417 4
172.629 392.395 16
49.4457 391.21 2
94.6132 396.379 4
149.035 394.826 2
28.3497 395.998 2
65.867 400.59 6
219.198 397.575 4
123.739 400.923 2
407.533 399.518 8
494.919 398.314 23
716.63 400.264 3
754.529 399.481 15
164.665 402.649 18
182.059 400.063 14
354.744 400.994 33
379.194 401.231 37
433.246 400.776 17
664.321 404.379 7
527.383 408.43 10
574.533 420.091 17
80.6557 426.083 2
650.255 426.914 1
34.2544 440.475 2
10.5561 441.125 1
753.607 442.319 2
586.931 253.968 5
567.76 290.139 8
121.197 295.262 7
536.778 323.392 5
706.863 340.587 10
136.353 406.437 29
593.784 422.105 6
563.314 195.205 2
127.913 213.494 4
202.54 213.853 4
509.417 217.703 7
229.183 228.27 2
641.153 244.267 1
338.676 265.264 1
394.978 270.11 4
642.576 288.369 28
82.4413 335.953 12
618.255 335.077 2
712.027 349.094 1
92.3709 356.341 4
134.077 352.992 3
184.678 355.51 2
265.438 379.277 1
636.545 398.616 4
723.573 428.309 4
753.155 432.14 1
555.289 148.179 1
684.825 146.408 2
575.741 162.473 2
560.985 180.276 2
716.159 184.802 2
643.914 194.117 9
581.629 210.06 6
728.036 221.325 1
148.466 228.003 10
545.167 221.36 12
107.205 230.572 5
762.246 229.718 2
490.908 240.427 1
218.973 245.539 1
677.118 243.343 3
39.3891 248.5 1
80.5913 249.078 1
421.884 261.381 7
626.291 261.97 1
668.524 253.743 3
68.2091 264.215 1
357.989 262.406 7
488.188 258.831 9
592.556 262.808 23
604.577 291.627 3
276.017 299.83 1
233.324 323.875 1
634.113 332.27 2
765.511 330.343 1
103.423 333.841 1
292.778 343.188 3
422.492 350.68 10
665.545 348.374 9
606.772 358.067 2
692.672 359.987 4
483.328 370.964 5
331.384 393.039 2
283.925 396.387 3
461.366 404.011 2
675.125 409.1 4
750.321 407.517 1
483.022 414.383 9
529.066 415.127 7
618.516 420.826 5
221.151 424.454 1
494.194 440.956 1
687.242 449.061 1
308.855 347.123 5
736.702 141.942 2
558.812 198.984 7
130.256 207.257 1
209.605 216.772 3
633.281 229.114 5
398.226 266.834 2
311.908 283.924 3
594.382 335.562 2
719.287 347.724 1
547.984 355.914 6
63.2423 376.754 3
751.841 178.398 3
594.831 225.727 2
433.372 282.793 3
585.523 299.363 8
355.511 299.119 4
620.551 378.053 2
222.444 399.581 2
305.874 408.445 1
335.147 408.049 1
427.899 408.092 1
479.718 409.687 8
691.836 420.951 1
615.768 430.346 1
150.545 466.748 1
509.082 469.873 1
129.054 406.749 5
646.31 182.584 1
476.284 233.599 1
395.991 252.193 5
315.713 274.743 1
704.403 274.907 1
492.991 435.703 1
633.115 190.256 10
147.029 201.06 4
167.47 209.533 12
163.531 211.47 3
696.149 210.012 1
554.752 218.357 3
673.97 221.218 8
153.085 233.807 5
601.933 233.411 2
506.929 245.482 2
142.779 249.967 1
584.709 251.919 2
598.176 271.812 4
727.23 270.51 1
145.54 271.857 3
583.485 270.718 3
518.595 278.456 4
42.4691 281.842 7
214.655 289.254 6
697.852 289.021 9
386.69 291.842 5
760.643 301.524 2
116.732 308.978 2
741.597 310.009 4
772.149 312.642 4
503.604 310.209 13
213.255 313.144 4
342.829 324.549 1
517.364 330.534 5
239.502 330.01 5
555.223 330.882 4
253.127 331.75 3
518.992 332.4 7
287.721 336.534 4
324.887 338.179 6
487.819 337.749 8
591.939 339.321 1
138.834 352.053 4
281.569 353.707 5
637.99 358.045 8
233.378 358.604 2
588.623 371.569 1
292.509 374.043 4
510.824 378.1 1
571.65 377.769 5
136.484 379.927 2
59.8265 383.312 1
97.7592 383.396 10
68.7873 387.175 2
688.96 387.732 2
336.326 391.592 9
374.349 393.957 5
96.4501 417.151 5
111.167 417.336 9
551.323 121.034 2
768.472 134.662 8
103.045 207.279 3
638.056 211.96 6
432.123 216.463 13
755.253 216.072 1
668.969 224.457 3
137.176 242.138 4
190.807 244.705 2
761.732 244.646 3
168.193 250.603 2
83.3596 257.273 10
60.972 268.182 2
371.389 278.426 9
21.3141 284.359 1
380.819 284.095 1
68.6738 285.114 3
375.778 295.421 3
65.1277 302.385 11
204 314.845 1
527.118 324.312 15
128.464 322.624 2
391.338 327.019 3
581.302 328.725 1
60.9099 345.482 1
76.597 345.23 6
728.911 345.413 3
472.394 347.2 4
569.727 348.059 4
117.613 356.746 6
665.639 357.741 7
227.859 363.737 2
695.606 366.142 1
506.254 367.715 3
711.25 367.368 9
448.287 373.878 2
348.272 374.45 1
735.619 376.586 9
400.081 378.632 3
599.513 383.236 8
80.8341 385.582 3
108.445 397.747 13
698.029 398.597 12
725.188 400.895 9
731.545 400.395 5
94.4639 413.582 2
733.929 427.017 1
112.441 428.116 7
35.412 436.054 1
98.9128 439.296 7
655.313 167.565 12
141.727 245.109 1
94.992 251.394 2
232.775 260.241 1
532.206 330.539 16
297.217 372.706 1
489.99 387.703 27
566.782 397.261 2
704.404 140.395 1
663.591 209.618 2
117.416 230.606 3
355.303 258.041 7
448.007 254.21 2
738.067 292.429 1
710.755 298.326 1
500.84 304.248 2
108.54 311.5 1
159.572 325.92 5
416.817 344.171 2
603.556 351.641 2
448.182 356.796 1
233.773 365.511 8
581.59 371.421 1
227.132 381.911 1
293.323 393.895 19
393.329 401.406 13
133.744 404.024 2
622.299 411.538 9
185.761 441.266 1
642.966 191.654 2
433.133 265.501 11
551.95 419.648 14
621.618 218.693 3
277.17 273.468 2
323.965 370.836 7
556.526 185.136 5
489.982 249.193 1
672.636 252.145 1
421.624 264.78 2
628.667 266.326 1
358.43 273.668 2
469.89 282.999 1
602.806 298.648 11
396.636 298.834 2
105.527 338.244 2
425.434 353.843 2
478.869 374.326 1
331.228 397.818 2
413.733 397.199 6
673.56 413.242 3
221.989 433.686 2
691.8 455.824 1
558.523 207.644 10
527.579 211.68 1
389.387 370.365 6
549.132 375.096 2
509.662 275.862 6
770.68 128.893 3
760.382 126.153 3
741.218 156.042 3
675.804 161.029 2
681.688 192.335 1
643.447 207.505 16
553.166 163.314 12
713.377 324.458 1
608.631 227.303 2
645.263 278.42 6
743.229 378.265 4
645.961 283.991 1
638.035 293.685 1
654.608 312.161 6
567.179 249.504 1
568.191 270.404 3
620.22 331.232 4
569.109 285.31 1
607.346 327.42 3
573.264 298.215 7
614.229 347.16 1
633.38 367.618 4
584.99 322.098 3
597.007 340.595 1
512.74 291.584 21
479.925 269.882 2
520.589 309.787 17
442.306 242.921 2
551.354 364.962 5
496.208 321.134 1
422.319 253.132 4
534.337 367.403 1
510.424 361.324 1
459.919 318.005 1
514.706 372.964 8
551.748 411.438 9
499.035 360.21 6
364.454 242.417 1
374.241 263.18 1
430.227 330.792 17
412.836 322.68 5
430.492 372.548 1
331.2 283.363 1
413.176 361.488 7
412.473 372.812 1
414.249 381.882 3
389.771 370.077 1
375.274 379.888 2
262.49 271.283 1
374.143 385.487 1
354.986 370 2
224.599 332.155 4
133.533 250.508 2
174.74 339.425 2
55.691 289.728 3
122.433 354.788 4
73.703 310.684 1
64.8987 308.895 6
123.08 369.706 18
84.2741 344.732 5
133.304 428.797 5
35.4651 383.195 3
771.599 120.074 1
772.093 165.747 1
764.944 164.711 1
743.286 149.391 1
752.599 166.664 12
769.884 204.901 3
732.32 180.849 11
695.483 145.635 7
767.39 232.309 4
664.505 159.354 14
652.244 158.646 7
721.866 235.558 5
653.941 187.916 2
768.983 324.394 4
695.089 257.273 2
743.399 322.582 1
756.938 363.718 8
611.977 222.179 2
759.645 374.36 1
699.827 316.214 3
668.103 286.336 3
610.597 235.178 13
711.08 337.786 4
755.683 395.309 2
640.552 285.107 1
618.409 264.368 11
649.862 336.3 21
626.611 320.89 3
737.342 437.285 2
585.547 300.81 8
518.097 251.98 1
518.69 267.073 2
615.404 374.224 2
598.314 369.169 8
522.569 306.002 3
471.955 269.492 5
433.109 230.856 9
499.398 310.547 1
523.308 337.938 3
565.236 379.04 8
419.847 237.401 5
450.735 275.191 4
564.402 418.522 2
409.02 277.669 13
454.537 333.773 8
498.97 397.055 1
414.963 322.953 2
432.704 345.861 1
437.971 363.279 4
400.312 342.378 2
466.478 413.529 20
374.482 347.394 2
344.223 330.987 12
245.269 257.782 4
255.704 269.742 7
254.408 275.655 8
291 323.006 5
259.229 317.869 3
166.296 233.597 11
206.601 282.346 3
187.179 267.629 2
296.835 395.141 4
109.977 216.836 10
127.598 237.079 1
251.662 364.642 8
91.864 239.342 7
141.9 299.582 1
166.075 322.982 5
122.121 287.777 5
84.2618 256.94 1
169.948 364.744 3
120.66 321.339 8
78.7714 295.313 7
27.9678 272.154 2
186.731 431.114 2
49.6946 294.774 5
111.507 361.895 9
59.838 353.741 5
34.7184 398.396 1
27.7186 450.428 3
597.895 258.41 1
484.361 215.833 2
555.734 195.515 18
550.129 332.608 1
443.33 238.297 1
491.081 388.132 1
431.103 390.408 9
67.1283 301.38 4
77.2952 333.211 4
678.92 172.325 3
663.026 165.591 5
534.417 136.652 6
539.951 160.569 1
608.69 243.158 14
711.461 402.466 3
664.612 441.418 1
643.635 428.321 3
556.519 343.822 1
431.155 221.258 2
452.652 271.296 1
432.72 256.613 1
554.712 402.019 2
486.986 402.779 7
472.163 433.128 4
444.162 422.031 7
232.551 245.569 2
185.224 272.091 1
211.477 413.077 4
179.698 440.099 1
111.606 402.949 1
63.014 369.876 2
175.582 288.202 4
685.021 214.908 1
614.835 216.39 9
558.142 240.925 2
457.642 259.05 6
513.067 334.311 1
487.476 392.059 4
330.303 268.645 2
320.757 377.26 1
164.186 357.051 1
554.615 183.662 2
621.459 261.893 1
680.171 453.769 1
550.452 351.378 1
612.34 423.157 1
420.909 269.987 4
519.544 419.155 1
353.809 276.022 5
477.399 446.714 1
410.236 394.598 1
326.075 396.842 1
214.129 431.968 1
572.537 281.423 11
619.139 182.713 1
385.678 269.215 1
439.329 369.863 1
180.484 363.04 2
579.477 232.901 5
498.972 276.959 2
418.57 298.101 1
758.912 350.128 2
698.943 332.474 2
686.747 336.73 1
659.842 407.823 3
652.152 351.903 1
635.728 427.764 1
591.832 357.424 2
576.106 268.479 4
576.54 343.73 1
574.439 321.191 8
569.171 145.061 4
568.044 242.473 3
568.717 274.3 2
550.767 296.773 7
535.931 377.417 2
527.216 261.403 2
491.854 276.322 1
483.469 248.01 1
482.162 224.72 1
458.837 275.018 2
412.122 348.301 2
366.505 396.87 3
356.709 375.613 2
312.154 364.483 2
286.072 371.702 1
220.332 283.011 1
209.148 366.723 3
190.186 229.718 3
147.909 360.945 5
93.306 217.129 1
34.209 332.718 3
33.5123 291.392 1
766.848 264.122 2
731.457 171.232 6
730.949 320.961 1
724.206 261.536 6
722.285 200.14 2
715.944 308.907 2
695.442 158.403 4
691.19 332.376 13
689.625 377.329 4
682.564 268.888 1
662.921 374.52 5
652.191 286.82 2
636.268 406.116 7
628.147 180.231 3
628.815 276.014 3
627.902 245.596 1
618.264 241.751 7
615.13 247.236 4
605.276 401.354 4
594.623 351.085 5
590.161 400.956 5
585.493 347.284 3
570.705 223.04 4
571.275 301.956 5
563.034 138.887 10
560.733 237.699 8
549.136 289.65 9
548.817 362.084 1
542.516 114.722 5
539.41 401.719 1
533.89 242.048 3
533.293 278.032 2
528.044 336.823 1
521.455 237.963 3
505.343 354.231 4
499.999 338.273 1
475.719 351.279 3
461.938 347.181 1
446.967 402.101 8
443.395 417.781 10
435.567 262.265 1
433.859 312.03 5
428.832 305.037 6
403.525 322.482 4
399.242 384.257 1
384.122 369.845 1
371.166 336.625 1
349.731 356.154 9
339.886 310.231 1
301.224 313.462 2
298.972 387.772 1
210.529 348.235 3
199.739 335.881 6
190.274 389.919 13
178.606 354.709 7
170.444 305.97 6
170.279 272.767 2
167.839 202.164 1
158.538 194.035 2
150.774 355.206 5
118.322 387.16 1
116.79 372.218 1
115.277 360.501 2
66.2197 401.309 6
67.2411 239.985 2
57.8068 240.678 2
47.1016 415.058 3
40.5387 356.752 3
253.046 295.037 1
64.5296 365.947 1
743.143 431.061 1
702.766 353.247 1
671.043 429.024 1
542.199 397.629 1
417.72 352.774 4
379.043 394.253 1
114.636 419.951 1
674.86 397.811 18
662.933 142.043 2
646.016 317.564 2
647.78 339.282 2
640.437 290.012 1
629.934 408.512 1
620.396 357.375 1
595.286 218.26 2
593.465 330.852 2
583.404 403.703 3
556.848 362.043 1
543.998 252.531 5
537.782 154.745 3
463.166 352.062 6
440.84 421.342 2
424.83 402.663 2
398.037 256.325 1
332.027 260.503 7
281.227 361.824 1
196.507 298.723 1
177.639 279.941 4
145.356 262.036 1
114.533 247.984 1
111.632 319.418 6
95.8064 246.804 2
90.2591 314.124 1
88.6786 343.591 1
78.6401 328.709 1
668.236 176.465 5
557.101 193.894 2
491.9 233.565 3
667.58 426.372 6
655.373 263.68 2
631.4 307.042 1
523.725 394.12 2
613.307 301.699 2
602.565 419.757 11
585.441 265.775 3
550.89 186.219 3
520.196 163.206 1
484.188 369.444 1
477.659 440.895 1
439.619 432.531 2
352.534 269.744 2
271.76 396.206 4
130.944 290.632 4
635.706 165.089 2
337.619 305.535 2
750.332 395.118 2
735.385 349.754 2
592.029 382.845 1
621.992 338.603 3
574.814 353.435 1
656.786 232.153 5
461.704 410.882 4
483.816 386.798 2
459.865 386.936 3
438.26 396.431 1
469.9 347.283 2
393.672 383.743 2
501.765 273.464 4
442.436 313.717 1
559.641 158.827 2
574.26 130.999 4
359.147 334.89 1
302.411 371.517 1
291.706 359.816 2
257.846 326.17 7
102.397 448.142 1
75.4322 426.426 1
48.3496 252.829 1
772.09 424.276 2
771.433 327.691 1
764.23 309.752 1
749.914 305.84 1
732.918 274.508 3
600.461 406.987 1
701.654 302.353 2
613.213 385.452 3
582.003 412.022 6
673.881 313.059 2
655.048 319.441 4
626.896 342.13 4
742.675 222.524 1
676.629 275.362 6
761.388 168.232 3
657.186 274.646 7
770.513 145.329 1
648.209 267.382 11
761.885 150.94 3
656.581 230.447 1
459.31 421.63 17
650.523 230.233 4
656.946 216.927 3
715.239 150.56 5
659.275 177.127 1
504.692 327.965 2
535.144 293.415 1
581.126 227.885 7
687.642 119.606 6
608.662 186.869 4
427.468 342.007 3
542.165 202.198 9
454.261 292.024 2
403.237 293.141 3
545.479 144.272 1
409.731 270.963 2
299.011 361.428 9
306.503 352.973 5
544.442 105.848 2
529.239 114.808 3
323.839 306.522 4
273.104 341.506 9
276.451 323.298 7
250.802 337.254 2
230.862 342.264 3
204.277 358.245 2
205.063 252.29 4
118.559 321.576 6
106.716 277.281 6
27.834 341.263 2
27.1457 325.103 1
76.5034 255.828 2
131.251 194.296 7
37.5311 260.444 1
757.625 317.262 3
658.796 254.027 2
545.467 295.336 1
673.53 425.792 1
737.749 302.425 1
688.046 330.136 2
672.885 344.22 1
684.431 205.664 7
745.079 138.368 1
692.152 172.288 3
722.97 141.792 3
436.862 390.728 3
595.138 213.12 1
677.026 118.389 1
379.647 389.784 1
567.483 185.791 1
512.284 214.264 1
389.668 300.913 4
312.102 343.248 1
367.646 280.205 1
414.379 213.622 3
284.18 293.672 1
178.284 348.915 4
178.044 279.864 1
130.882 184.554 1
498.247 209.704 5
104.351 274.136 3
121.921 208.299 5
676.666 441.253 3
591.615 288.708 1
412.802 358.453 3
319.012 299.916 1
93.8533 404.736 4
114.451 291.901 1
95.2118 225.581 1
609.709 419.451 2
636.135 389.955 4
674.771 199.778 8
661.736 172.295 4
649.068 130.354 2
504.977 210.167 4
454.079 244.238 3
385.474 255.564 5
321.269 258.781 2
298.085 278.052 1
116.329 202.138 2
399.567 397.245 1
316.732 398.932 2
179.954 197.305 2
502.541 268.775 1
282.846 260.338 1
532.199 234.203 4
588.281 236.353 2
233.562 288.472 1
498.815 328.871 1
80.1566 337.308 1
107.103 343.916 6
172.339 353.8 1
536.57 134.65 2
773.134 171.52 1
89.3871 304.53 2
591.658 344.545 3
150.946 352.15 1
527.393 351.827 4
72.2583 355.781 1
689.603 363.013 1
703.464 400.289 1
416.479 415.696 1
553.516 325.488 2
264.374 395.167 3
647.323 167.697 6
142.442 349.306 1
260.88 375.384 1
480.267 391.567 1
735.793 162.069 3
613.338 212.105 3
97.8514 222.18 1
141.042 225.06 1
697.204 229.057 1
755.564 228.052 2
207.875 237.879 4
508.853 236.06 1
646.219 260.299 1
582.412 264.282 1
706.578 303.592 5
442.549 341.944 1
580.202 345.823 1
643.09 382.14 9
181.164 406.667 2
714.36 409.493 9
183.645 448.657 1
674.008 380.977 2
561.609 387.895 2
586.34 222.587 1
631.068 272.53 1
358.116 284.176 1
607.398 374.059 4
204.293 399.727 2
287.207 406.168 2
331.879 405.632 1
415.035 404.174 2
465.947 409.082 1
675.811 420.3 1
615.339 339.89 2
596.136 405.405 2
453.517 339.668 2
391.335 316.501 1
748.456 243.495 1
722.822 321.935 1
625.415 387.451 7
511.432 313.5 5
512.03 318.123 3
517.248 319.71 4
505.68 359.041 1
446.968 349.535 1
210.377 237.182 2
272.128 285.189 1
469.572 429.343 2
328.577 369.557 1
138.043 274.663 4
116.603 327.901 3
166.132 242.607 4
538.238 166.69 1
543.518 217.438 1
544.877 260.165 3
617.073 416.634 1
544.912 418.896 2
524.532 413.508 1
481.944 408.256 2
472.001 436.523 1
249.331 286.028 1
444.213 430.554 1
215.476 344.709 1
210.22 418.168 2
175.157 445.87 1
378.913 361.225 1
178.582 385.801 1
529.645 195.736 5
416.824 278.772 3
323.316 402.545 2
279.705 403.028 3
458.656 250.73 3
387.93 264.285 1
316.632 317.024 1
246.327 237.971 5
188.693 368.356 3
746.599 438.315 2
631.9 384.149 12
560.161 222.345 12
501.907 353.614 1
497.88 384.867 1
450.234 292.611 2
317.317 360.487 1
262.166 308.799 1
154.754 228.07 2
147.946 355.848 1
111.802 343.517 1
214.157 373.543 1
707.771 320.907 6
670.435 401.005 1
586.203 202.688 4
656.979 441.118 2
531.272 158.525 1
548.306 308.513 1
550.545 384.535 1
420.112 401.328 6
322.55 345.071 3
298.924 336.564 2
544.808 200.23 1
435.005 369.252 1
180.424 376.139 2
160.662 395.508 1
577.416 211.42 1
544.351 186.076 5
531.096 317.745 3
465.079 445.734 1
270.349 399.053 1
225.945 430.918 1
517.262 210.323 1
494.555 404.306 1
458.022 383.222 1
439.161 285.725 3
127.07 444.101 2
72.2373 396.483 3
703.599 419.083 1
678.485 395.233 2
615.65 307.445 1
593.322 303.838 4
541.382 109.783 1
442.983 280.26 1
88.9823 407.518 1
640.688 395.503 1
686.764 172.787 1
579.756 438.033 2
657.198 139.217 2
590.527 201.62 2
486.07 433.674 1
539.491 228.034 2
529.698 152.22 2
436.3 419.288 2
388.036 389.652 1
393.993 255.124 1
104.131 453.271 1
92.2875 359.779 1
627.126 392.323 1
599.782 178.585 3
529.718 344.119 1
434.372 429.243 1
291.462 277.831 2
736.58 396.974 1
655.184 427.173 4
461.444 310.68 5
530.167 143.898 3
530.419 134.648 3
223.212 286.452 5
53.3258 357.357 2
57.9733 315.203 1
104.048 222.887 4
451.418 414.698 1
337.46 285.235 1
210.131 219.788 1
670.448 340.109 2
534.756 389.886 1
706.132 198.77 1
645.652 235.853 1
353.984 383.716 2
664.043 134.111 3
319.995 367.296 1
508.858 211.733 2
465.094 244.515 1
392.986 263.647 1
413.367 208.225 3
77.5996 216.27 2
411.663 256.183 1
663.882 367.265 2
450.969 237.134 2
494.326 204.327 4
381.2 251.105 1
292.597 271.597 1
314.745 252.842 2
220.889 256.498 1
406.695 235.746 3
476.433 278.061 1
241.296 306.391 2
641.28 334.194 4
250.657 343.197 1
74.9615 399.798 1
726.256 428.329 1
51.5838 434.602 2
207.397 233.249 1
30.0275 279.785 1
45.9549 311.073 1
736.665 320.968 1
640.308 326.49 1
128.919 364.721 1
249.035 396.675 7
745.587 402.711 4
710.707 185.882 1
180.061 222.022 1
704.096 231.388 11
735.72 230.328 4
755.19 233.995 2
207.771 243.691 5
525.513 242.879 2
175.905 261.448 5
212.774 363.657 2
645.398 386.948 3
370.212 404.041 2
64.5148 407.311 4
666.471 414.087 1
717.597 413.225 1
183.858 453.978 1
134.461 459.641 1
294.878 347.954 1
192.089 397.184 1
673.126 196.217 3
427.981 212.203 4
326.929 329.908 1
423.898 293.927 1
663.406 201.787 1
756.43 280.965 2
714.421 284.457 1
561.632 271.525 1
753.793 373.151 2
400.783 414.722 2
270.628 389.691 2
156.245 385.245 1
725.552 230.68 2
538.051 177.868 1
671.228 243.209 2
512.165 240.516 2
661.733 451.683 1
74.302 249.833 1
360.79 401.423 5
98.1634 326.076 1
205.922 429.637 1
175.635 451.97 1
425.905 276.564 2
617.114 195.415 5
573.8 289.768 3
413.597 281.973 1
543.303 362.488 1
203.384 299.683 2
116.97 365.853 2
534.801 385.714 1
537.987 417.806 2
258.98 280.613 1
235.109 370.981 2
82.5151 212.432 1
136.897 337.172 1
71.1326 298.718 1
142.563 404.217 2
653.882 274.117 1
655.575 298.96 1
112.795 386.705 1
528.48 168.911 1
672.04 405.787 1
652.367 447.199 1
550.959 347.292 1
518.682 414.975 1
364.736 291.56 2
208.596 243.873 2
151.17 408.273 2
537.723 206.76 2
576.388 217.262 1
595.138 430.126 1
475.531 418.361 1
448.628 406.824 1
396.407 404.827 1
312.902 406.003 2
265.974 406.378 1
203.255 403.837 1
461.195 303.144 1
418.427 325.091 1
87.1875 401.654 1
640.206 265.981 2
625.658 378.612 2
279.009 290.487 1
142.266 327.56 2
108.575 437.887 1
588.491 197.519 1
126.456 198.96 4
662.311 268.243 1
573.542 147.647 2
514.47 390.387 4
650.484 143.453 1
649.384 163.895 1
522.352 158.05 1
524.243 255.77 2
513.489 411.288 1
151.32 319.452 2
425.545 368.284 1
394.387 396.115 1
337.116 296.412 1
264.026 399.59 1
311.968 316.82 1
139.448 441.964 1
88.949 450.311 1
730.873 338.694 1
710.138 328.648 2
661.214 230.857 1
537.073 109.682 1
83.9947 407.125 1
172.168 400.57 1
692.185 369.982 3
317.661 311.952 2
648.089 138.752 1
549.473 196.36 2
518.878 148.794 2
430.408 418.317 4
321.16 263.665 1
661.68 325.859 2
82.6117 416.1 1
538.134 201.975 3
539.709 102.731 1
524.816 115.268 1
357.465 318.429 1
268.513 330.616 5
198.705 351.562 3
134.374 383.507 1
651.996 383.16 1
507.285 347.329 1
652.893 132.524 1
615.458 177.957 1
459.34 243.582 2
520.765 140.72 1
390.214 246.623 3
326.64 259.681 1
534.034 182.12 1
484.892 195.338 3
376.472 245.506 5
281.467 267.519 1
689.099 399.151 2
683.159 398.807 2
717.41 359.519 4
678.496 325.627 1
495.674 369.809 2
710.918 172.477 1
752.353 185.011 2
663.212 225.873 1
231.411 399.756 1
640.403 168.594 2
75.4443 365.03 2
561.955 106.262 1
531.013 110.675 1
545.56 98.3156 1
56.0155 466.947 1
96.9265 339.723 1
643.819 230.737 2
548.218 256.457 1
181.005 415.142 2
720.175 134.105 1
622.045 172.59 2
464.369 237.809 3
660.397 126.561 2
117.355 377.819 3
306.178 278.215 1
543.507 353.795 1
383.55 242.463 3
290.23 262.098 1
314.741 241.988 2
778.498 147.388 2
771.061 306.596 1
85.8556 359.216 2
21.3997 381.924 1
104.885 390.274 1
766.399 141.715 1
750.997 161.325 1
547.938 169.565 2
102.714 216.419 1
342.144 282.473 1
377.439 316.129 3
356.006 356.679 2
411.008 354.065 1
398.316 359.184 5
59.0547 371.294 1
757.525 370.423 1
712.343 407.385 1
644.301 162.929 1
735.485 238.085 1
754.042 243.845 1
662.112 263.483 1
114.484 313.026 1
313.186 328.856 1
188.307 401.867 1
289.492 401.736 3
335.773 399.755 1
498.148 414.81 1
557.122 425.145 1
591.885 425.879 1
524.252 326.567 2
476.86 388.181 1
759.839 175.1 1
701.873 404.981 1
734.42 136.664 1
555.195 385.438 1
177.294 378.823 3
63.3108 450.452 1
708.197 189.447 1
537.356 242.632 2
197.305 250.977 1
361.681 408.278 3
424.22 282.057 1
566.201 124.299 3
131.092 410.707 5
650.819 206.125 3
580.869 187.979 1
633.776 375.312 4
112.067 333.662 1
554.328 238.246 1
560.104 248.893 1
524.65 191.142 1
511.686 245.242 1
155.923 238.544 1
453.671 253.34 1
256.309 242.49 1
584.92 408.113 1
398.84 245.785 1
470.644 401.536 3
169.499 428.101 1
612.806 193 1
650.859 300.788 1
549.176 201.223 1
571.878 358.826 1
172.531 433.038 1
517.567 176.068 1
146.668 410.209 1
665.387 335.736 1
323.688 313.324 1
341.059 397.843 2
151.316 267.526 1
571.56 434.872 2
300.44 402.484 1
125.096 192.102 3
180.042 425.889 5
197.678 318.068 1
511.2 163.129 1
557.879 442.061 1
267.186 393.35 2
228.482 415.756 1
441.917 261.864 1
499.277 392.009 1
640.512 434.278 1
578.084 433.762 1
527.694 148.467 1
481.123 430.068 2
211.733 407.174 2
126.596 186.461 1
652.318 266.268 1
506.282 151.809 1
476.972 399.859 2
424.105 419.257 1
400.116 430.913 1
380.224 336.462 1
533.865 106.823 1
157.017 295.005 1
577.697 157.355 1
506.117 139.832 1
313.098 262.58 1
103.756 394.348 1
534.976 99.1402 1
360.002 293.874 1
630.813 422.39 1
608.116 173.374 1
455.012 239.639 1
384.474 247.733 1
254.709 393.483 1
360.208 238.087 3
73.8121 264.177 1
717.56 333.225 1
666.121 124.487 1
570.662 180.286 1
468.976 228.922 1
525.551 127.43 3
385.857 356.571 1
614.268 168.899 1
337.499 357.734 1
457.725 233.387 1
324.836 251.092 1
297.297 272.817 1
663.662 180.162 1
494.585 365.882 1
758.427 382.093 1
757.024 290.846 3
140.588 436.032 1
128.592 437.199 1
333.462 360.643 1
356.301 330.101 1
581.554 238.849 1
736.984 185.133 1
510.834 249.84 1
52.0709 350.263 2
672.253 123.108 1
195.84 243.561 1
575.863 413.904 1
488.743 372.395 1
463.433 232.884 1
305.912 270.35 2
567.557 176.252 1
331.374 249.074 1
163.909 184.469 1
77.6786 209.162 1
351.126 290.419 4
740.581 138.188 1
770.781 204.276 2
577.22 320.176 1
782.806 380.204 1
774.234 228.092 1
747.337 302.181 1
164.794 450.886 1
531.938 381.86 1
55.2632 298 1
759.273 345.165 1
723.526 381.265 1
341.721 359.676 1
544.718 179.235 1
722.001 228.437 1
712.079 227.337 3
534.697 237.386 1
151.13 445.484 1
657.585 380.68 1
367.47 310.788 1
315.903 322.47 1
748.433 262.193 1
153.683 339.623 1
205.877 423.589 1
603.713 379.71 2
534.168 282.262 2
362.423 313.343 1
706.105 224.315 1
360.061 280.011 2
345.073 396.96 1
576.71 128.633 2
116.73 378.347 1
127.237 283.276 1
156.046 445.044 1
507.181 186.219 1
575.355 140.941 3
119.587 197.479 1
458.417 324.088 1
242.096 393.11 2
450.115 328.654 1
496.106 177.061 1
506.231 417.751 1
258.155 397.742 2
523.366 151.456 1
119.975 192.137 1
491.478 163.778 1
656.324 331.116 1
406.969 373.033 1
391.683 242.99 1
366.123 336.148 1
524.943 200.937 1
411.948 418.535 1
579.436 220.275 1
425.899 338 1
628.825 251.29 1
523.982 134.657 2
433.145 415.098 1
522.626 196.157 1
420.416 417.685 1
429.566 358.927 1
524.51 142.946 1
375.404 320.902 1
505.966 342.845 1
541.758 246.828 1
306.65 257.317 1
434.348 277.263 3
538.453 360.094 2
541.695 191.434 1
489.559 199.969 1
723.91 178.814 1
714.237 180.321 1
451.612 225.165 1
155.557 288.804 1
696.92 381.963 1
533.198 199.285 1
667.755 119.847 1
208.864 332.376 2
298.292 263.594 1
325.323 242.874 1
690.47 406.998 1
379.058 325.027 1
666.867 129.071 1
717.611 342.349 1
459.025 340.252 1
390.617 344.198 2
370.419 345.429 1
147.864 166.365 1
154.275 168.681 1
100.622 190.248 1
540.965 196.84 1
778.311 199.469 1
89.5012 389.563 1
249.069 401.104 1
294.799 399.756 1
699.474 408.838 1
711.772 373.11 1
149.238 333.251 2
701.293 212.462 1
684.051 382.046 1
343.443 402.546 2
234.213 335.943 1
154.286 450.138 1
465.999 345.288 1
442.732 303.585 2
470.505 419.025 1
513.46 157.177 1
584.72 139.761 2
244.778 232.717 1
593.485 309.858 1
613.528 436.071 1
511.197 151.271 1
203.235 408.116 1
508.32 145.978 1
486.533 397.407 1
488.805 430.581 1
388.301 417.757 1
473.138 423.519 1
481.89 397.458 1
488.616 362.906 1
513.473 126.481 3
513.773 136.393 1
569.912 387.359 1
517.256 134.138 1
301.46 243.811 1
661.992 301.995 1
668.127 260.603 1
189.41 223.851 1
653.475 378.76 1
518.765 121.114 1
232.897 293.963 1
245.929 390.335 1
636.522 221.034 1
519.739 201.609 1
343.897 299.827 1
746.721 232.749 2
77.7967 353.305 1
760.802 157.746 1
683.111 306.012 1
229.507 334.806 1
575.104 173.777 1
