3498 33525
458.618 65.1278 1
457.555 87.9798 35
415.894 99.9892 64
473.077 97.74 48
419.949 101.759 1
442.212 102.92 43
482.813 109.31 16
465.572 103.548 30
438.014 117.872 32
462.672 113.584 4
500.435 112.604 26
448.412 115.937 5
473.854 121.897 38
410.707 121.766 64
439.565 121.165 23
459.237 123.973 38
400.833 126.133 7
448.312 125.608 8
483.669 130.398 30
496.18 137.596 31
507.545 138.397 1
582.782 136.991 25
60.4538 141.683 8
461.417 144.73 37
616.241 143.566 22
604.277 140.596 109
77.4107 142.413 20
602.647 145.793 3
492.453 147.571 32
573.544 147.549 7
211.736 146.574 9
439.354 147.719 9
625.855 148.221 33
405.089 153.357 30
478.801 149.588 72
367.007 154.961 6
396.575 154.658 5
476.883 154.739 1
93.3874 153.891 22
317.922 155.504 28
329.059 155.112 7
352.705 154.709 30
70.028 154.848 53
206.738 158.581 7
469.639 162.024 45
58.3519 156.146 17
283.059 158.07 3
54.6207 162.728 14
275.345 159.733 1
268.436 160.822 1
423.313 157.618 41
456.102 157.355 56
418.965 165.356 3
595.515 159.301 61
577.872 162.746 34
51.3121 165.246 2
242.633 165.122 6
562.669 167.447 10
676.947 168.051 19
642.381 165.541 30
652.696 165.817 8
661.157 165.864 15
731.331 166.681 2
385.871 164.318 32
487.989 163.355 67
629.488 165.194 20
712.752 165.13 23
705.47 166.597 5
354.908 167.91 8
463.93 167.375 26
542.122 168.258 28
694.931 168.785 5
611.776 172.374 30
678.899 169.915 5
75.5495 174.788 34
49.5043 176.13 7
530.69 175.504 29
507.535 183.532 56
708.479 174.133 21
719.398 176.546 6
719.659 174.806 6
121.287 179.174 41
131.925 176.773 38
134.042 178.205 1
692.548 177.968 28
19.5805 178.927 5
27.639 179.051 7
581.946 187.36 61
11.9659 180.845 2
742.247 180.645 1
88.6042 181.6 14
189.948 179.667 42
308.339 178.908 43
186.825 182.256 1
468.78 181.456 73
482.112 183.756 58
601.351 179.994 6
337.724 182.704 25
420.351 184.754 36
683.374 189.805 23
694.823 186.433 4
239.492 184.14 99
49.0941 189.081 26
518.523 186.026 28
288.301 187.324 6
484.922 190.347 35
391.645 184.803 17
60.7945 186.782 18
250.616 186.354 31
442.737 188.572 47
676.605 187.501 60
719.138 189.195 3
200.893 188.765 31
306.879 190.279 19
330.416 191.664 31
623.984 192.15 55
530.802 190.722 34
179.824 194.322 26
314.761 192.052 10
436.304 191.024 8
443.042 192.38 5
373.141 194.198 22
511.645 198.789 60
357.361 193.08 36
561.444 186.765 41
601.964 196.47 80
300.358 198.636 44
486.746 195.864 7
539.255 190.846 51
201.592 196.749 2
284.617 199.46 36
566.234 199.708 59
704.053 195.464 6
59.2509 197.479 9
77.0638 197.372 37
477.507 202.879 76
721.668 202.206 5
182.09 197.5 6
492.701 199.409 42
694.448 196.419 7
366.71 197.703 21
737.657 199.661 2
106.051 204.902 26
416.84 199.382 55
660.691 199.33 50
668.972 198.868 44
287.006 201.412 1
430.58 204.929 45
641.81 197.97 20
651.269 199.862 18
82.6908 202.233 13
226.281 202.058 6
356.077 200.534 33
398.419 200.293 27
614.006 199.476 20
171.205 203.311 23
631.065 198.455 33
144.092 200.469 42
238.806 209.913 90
197.218 207.109 20
735.304 204.667 1
279.866 208.91 61
564.766 205.396 24
239.548 206.733 1
273.074 206.315 23
44.6241 207.66 5
58.3502 205.622 9
89.1141 206.993 40
302.719 209.617 40
591.937 208.271 15
219.44 208.544 129
260.319 207.661 31
614.176 214.3 31
197.949 210.491 11
230.359 208.447 10
357.667 210.359 8
386.663 207.602 29
416.996 213.157 79
436.704 212.784 51
459.618 209.522 27
171.282 213.628 29
559.333 211.42 7
564.437 212.123 1
165.466 210.432 16
641.508 210.734 47
129.428 211.912 30
291.952 217.308 33
266.914 214.498 3
299.541 214.027 4
427.05 214.664 6
447.872 213.286 68
207.049 217.493 30
217.256 222.819 45
325.189 218.774 21
632.045 218.029 8
77.217 215.67 28
92.3884 215.375 28
657.534 216.842 48
681.686 215.347 26
736.024 217.321 2
192.247 218.477 1
462.979 215.453 24
622.462 221 40
727.531 216.636 8
43.9236 220.114 19
250.794 217.792 12
275.093 218.297 47
283.892 219.231 3
352.671 222.143 68
713.281 223.733 16
263.774 218.655 5
309.526 219.776 64
384.597 219.361 12
705.894 218.999 14
181.9 216.357 64
60.588 218.45 41
72.7229 227.238 22
75.41 225.228 40
521.706 217.855 42
161.244 226.452 41
470.719 225.136 39
358.993 232.957 68
456.638 224.289 5
472.359 225.12 1
579.953 231.236 48
394.692 221.783 81
406.226 225.252 8
417.454 226.745 19
436.014 223.606 20
589.852 229.346 20
237.898 231.768 46
431.668 226.55 43
436.47 227.725 5
449.6 222.863 8
468.115 229.713 11
521.544 236.807 10
621.68 230.237 14
687.241 227.288 33
487.403 230.535 7
542.032 230.456 37
185.798 241.587 34
494.929 237.192 76
688.305 232.924 1
716.672 232.234 16
718.17 233.084 1
740.881 233.465 1
237.591 230.202 16
702.728 232.325 27
351.302 242.589 17
636.182 229.12 50
449.817 234.37 31
510.384 238.276 19
522.488 239.16 7
259.976 239.485 24
596.18 239.809 7
175.164 239.887 12
606.187 235.392 23
281.939 251.955 48
351.926 247.352 35
434.533 240.832 25
628.447 242.515 6
591.874 242.315 5
229.886 241.334 48
618.628 243.902 30
640.827 243.086 22
186.868 243.375 17
472.975 251.598 85
207.779 249.826 38
319.805 248.184 68
508.145 245.304 24
670.399 239.138 45
244.166 246.291 28
282.102 252.178 9
496.269 246.998 17
573.753 248.132 23
270.826 242.732 31
271.57 245.292 7
585.348 251.201 25
217.619 246.529 14
479.059 249.87 3
520.467 247.598 31
572.525 249.938 3
227.978 251.416 39
233.566 252.608 1
428.828 257.836 34
670.441 253.93 17
306.743 251.2 41
380.155 253.613 8
505.305 258.996 16
462.822 243.392 56
542.549 256.662 69
556.405 251.15 17
475.68 255.818 2
618.136 254.029 13
179.571 257.318 29
190.074 256.493 16
563.391 255.129 8
275.977 257.92 9
324.841 257.343 22
687.626 260.999 28
742.822 259.88 1
419.64 262.31 26
588.258 261.234 37
281.68 261.863 3
547.929 270.407 18
608.303 255.856 20
625.311 258.984 60
602.531 262.032 20
386.786 264.222 4
393.702 263.641 1
461.28 260.786 9
291.165 261.71 34
300.129 263.561 11
518.129 266.662 48
420.973 266.691 1
572.09 267.438 99
55.6079 268.692 12
587.167 268.718 25
336.83 266.23 31
727.016 269.147 8
330.143 270.926 2
494.913 269.202 30
566.987 267.681 29
29.3759 279.396 15
366.384 270.65 22
545.976 273.461 29
324.425 272.012 6
393.861 272.166 84
716.061 271.069 13
736.977 273.51 2
527.522 274.475 19
72.7315 274.889 33
293.624 275.694 12
517.052 274.806 21
698.675 274.293 10
542.794 276.211 18
111.113 275.974 34
429.349 279.348 42
643.029 276.167 7
647.924 274.947 7
667.954 278.43 9
128.318 275.187 34
480.565 279.859 59
24.9074 280.374 4
388.434 279.393 5
448.163 278.754 62
598.05 273.018 39
375.385 283.243 12
441.402 280.353 1
570.124 280.673 14
585.542 281.955 16
562.597 283.474 3
639.972 282.46 37
502.581 284.564 31
667.318 285.47 7
9.94497 285.619 1
29.2499 285.39 4
340.775 281.926 32
540.94 290.595 31
471.856 284.262 26
455.043 288.37 14
492.66 287.875 8
593.041 291.527 122
738.289 287.543 2
465.598 288.416 14
475.079 288.461 5
290.48 293.951 83
444.69 293.906 4
447.911 289.604 2
734.81 290.862 2
316.375 290.335 18
542.778 291.291 4
623.741 290.511 14
263.635 290.54 42
279.629 289.061 6
567.85 290.776 75
685.411 291.337 34
641.662 296.554 24
674.388 289.598 16
515.009 294.18 10
559.352 293.6 19
587.919 295.762 6
432.117 300.668 41
474.754 299.62 14
726.526 294.273 6
620.89 300.727 34
607.885 299.725 34
336.62 296.994 29
456.982 299.161 49
503.586 294.185 64
542.646 301.972 28
96.2978 302.626 29
483.592 295.548 56
414.604 306.33 107
514.587 300.563 10
522.58 296.134 32
54.5734 302.47 9
576.104 302.329 26
732.453 299.921 7
473.801 302.199 40
489.541 302.442 4
595.774 304.704 20
292.267 304.757 35
109.375 297.371 40
97.194 303.538 18
414.979 307.13 6
435.295 304.552 11
527.95 305.478 3
404.636 305.734 11
718.371 306.541 13
513.567 308.137 21
543.087 309.081 7
319.345 309.739 11
325.382 310.991 21
294.492 310.221 1
358.922 310.184 35
408.609 310.888 7
440.289 312.082 2
135.331 312.923 11
482.199 312.186 30
507.14 312.092 18
565.841 314.046 29
690.05 312.617 11
545.787 317.503 28
706.964 312.323 14
312.684 316.793 4
343.227 312.246 47
474.639 320.882 23
620.342 316.13 71
450.801 318.648 32
167.672 321.582 13
180.399 314.83 29
293.927 317.013 7
191.779 316.678 32
434.938 321.122 60
571.378 321.077 9
90.3194 320.028 3
260.555 321.971 29
454.482 321.624 1
550.872 323.526 4
294.143 324.447 1
486.277 325.184 26
60.8625 321.522 46
73.7958 324.339 48
176.732 330.501 90
63.4319 327.995 5
81.1155 328.848 6
317.252 329.095 18
444.761 331.002 4
249.841 328.367 15
380.368 323.846 34
33.2941 326.493 20
222.277 329.361 21
238.041 328.315 21
52.1172 329.666 12
551.18 332.629 32
135.944 332.504 5
384.514 332.386 28
171.49 334.374 2
308.34 339.148 68
577.209 334.885 22
27.8959 335.545 6
493.274 334.033 25
510.17 334.461 41
554.088 336.224 1
465.007 334.779 21
513.968 337.11 3
150.287 335.325 88
177.13 337.796 38
460.921 337.257 15
574.115 338.265 2
78.8358 337.348 4
404.579 337.16 23
602.507 336.411 72
56.8459 337.662 34
68.54 337.655 11
249.656 339.37 85
367.849 342.946 20
418.296 340.012 22
564.027 341.393 11
144.854 340.444 7
325.143 342.695 47
446.057 342.531 30
156.569 343.621 9
480.46 345.428 44
264.115 345.236 16
307.272 342.096 21
445.253 345.307 4
47.083 343.945 12
512.816 347.59 41
563.726 346.137 3
709.816 347.187 1
58.4176 348.05 5
582.151 347.649 54
95.7605 348.145 48
127.089 349.805 31
311.679 353.474 25
597.156 350.765 3
186.317 350.834 12
391.769 348.476 30
432.413 355.028 19
446.127 355.384 21
167.759 351.898 6
231.916 353.176 33
371.297 352.121 31
575.575 362.324 32
75.5287 355.521 19
448.529 356.922 14
535.433 354.314 18
111.45 350.132 33
129.786 355.707 59
464.394 355.811 5
101.463 360.851 30
150.784 353.823 38
36.8757 358.746 2
250.342 356.358 12
207.646 351.601 59
312.156 358.247 8
378.335 359.51 24
387.631 364.672 31
422.174 357.638 50
448.197 361.92 1
227.717 362.509 42
292.399 359.685 54
408.609 370.148 44
50.3221 364.494 41
56.7412 367.224 8
95.8548 363.452 21
287.876 366.91 16
354.497 367.505 16
400.993 366.846 8
574.375 368.203 23
591.63 369.893 18
435.856 367.174 44
447.531 369.572 19
595.257 376.886 38
499.21 372.994 13
634.34 371.988 42
312.563 373.777 24
701.725 372.152 1
296.976 370.065 10
422.949 370.398 17
489.175 373.761 14
718.646 373.96 9
411.205 373.952 26
368.574 373.69 49
596.586 380.927 26
458.539 376.403 40
479.37 374.602 80
520.305 376.475 42
504.825 377.358 32
543.386 376.062 23
701.12 379.674 8
512.881 377.983 20
523.583 380.069 1
628.677 379.232 22
488.055 381.528 13
535.927 378.979 31
389.78 378.016 34
568.905 380.145 41
597.416 383.66 2
362.092 382.777 16
464.686 383.475 85
589.25 384.229 2
655.014 382.488 38
387.424 385.318 1
526.761 386.313 7
380.205 381.333 22
637.375 383.033 8
640.064 386.321 8
57.9798 387.908 5
174.515 386.269 37
43.8124 388.471 7
64.5184 388.16 15
183.258 388.234 10
24.6493 389.704 1
33.411 388.487 4
235.914 391.401 2
519.196 389.329 13
702.477 390.128 12
293.583 391.69 9
326.152 387.672 36
465.697 392.844 7
743.255 393.31 1
235.93 398.083 14
174.363 394.597 34
317.08 398.357 11
587.808 399.316 4
559.941 399.161 4
334.735 404.186 15
500.194 406.594 4
505.063 406.812 9
511.972 406.942 4
560.191 409.851 20
602.065 409.52 44
58.8645 414.483 2
742.883 415.411 1
742.983 421.73 1
58.0618 439.226 9
465.454 75.7517 16
462.15 90.3344 1
480.231 92.3096 12
449.222 93.0986 14
457.451 94.51 3
471.763 93.7544 21
452.761 97.8354 12
466.421 100.621 1
508.451 101.577 40
446.458 102.545 1
472.882 104.672 5
509.29 107.532 3
456.887 111.153 62
414.908 109.719 4
464.38 114.089 4
435.801 114.411 3
475.589 114.431 6
507.79 121.051 96
571.723 119.522 34
577.712 117.174 19
532.489 119.747 12
490.765 122.44 42
544.292 119.744 17
522.996 120.796 17
465.507 124.188 7
415.602 125.041 3
436.91 133.067 27
488.761 126.453 7
428.884 132.965 32
457.676 132.28 8
590.482 134.804 1
490.025 137.903 26
414.107 136.928 16
574.738 137.449 13
465.81 140.062 4
432.701 141.859 11
488.232 140.986 2
414.859 143.854 10
428.678 142.186 11
529.569 141.985 19
452.118 145.307 6
534.04 144.873 1
404.433 145.792 2
593.317 142.792 11
556.104 147.978 3
465.652 148.617 7
471.326 150.014 4
610.34 153.826 30
81.3459 152.239 15
92.5408 150.953 4
597.34 152.461 11
663.605 152.895 17
413.993 153.785 13
449.879 154.14 4
585.606 153.957 21
634.373 155.535 5
215.612 156.547 55
100.006 155.38 8
74.2885 155.15 1
603.882 155.602 3
465.835 156.778 3
498.534 160.998 12
509.78 159.55 27
405.535 160.733 46
486.068 158.791 17
385.286 155.513 16
393.872 161.607 9
475.018 159.604 2
324.186 162.089 15
612.631 162.181 25
309.499 164.139 28
86.5168 161.852 48
91.9207 161.987 2
286.613 162.244 1
622.314 162.159 2
63.4118 163.018 21
219.897 161.108 31
681.335 162.336 18
232.546 164.439 34
76.2238 165.225 14
263.15 165.395 1
421.178 165.532 1
460.115 168.725 4
69.7479 166.42 10
87.8232 169.749 12
96.5517 171.344 13
647.877 173.346 7
722.953 165.582 8
207.929 177.563 61
229.792 169.812 11
605.099 170.821 2
634.269 174.285 57
733.128 171.356 2
399.796 173.047 17
406.092 174.796 23
413.529 174.095 13
420.508 173.028 9
484.859 172.179 11
685.915 171.471 22
170.449 175.975 42
182.187 175.697 9
195.611 173.079 5
217.984 171.542 5
331.885 173.531 16
342.916 174.872 19
353.429 176.047 5
308.642 174.865 4
314.337 174.358 5
458.304 175.653 21
467.867 175.183 8
514.928 174.451 15
656.229 174.299 23
56.0369 176.533 26
495.364 180.821 13
598.012 172.959 11
611.31 179.85 6
643.073 174.458 5
99.8775 175.629 22
473.676 176.001 5
593.845 180.228 21
561.102 178.596 4
216.079 179.722 7
250.583 178.96 3
398.311 178.778 1
537.351 180.914 10
550.578 174.134 44
701.186 180.821 20
82.3917 180.125 11
243.209 181.027 8
425.968 179.325 6
113.6 181.119 24
123.342 180.822 3
531.576 180.948 3
658.145 182.042 8
69.3222 183.812 16
234.765 185.852 12
302.344 181.555 2
365.767 179.683 50
632.112 184.492 22
647.515 183.631 14
493.622 182.236 24
520.123 185.554 22
22.1739 183.455 2
31.125 183.479 2
279.612 184.119 12
433.758 183.212 13
16.8661 184.086 1
177.084 185.339 15
202.713 184.732 4
7.3245 185.057 1
100.499 187.529 62
164.845 185.953 8
196.181 184.851 2
738.863 185.165 1
609.089 187.881 12
730.724 186.338 2
271.568 189.373 4
381.518 187.255 2
478.535 186.564 6
598.092 186.971 4
688.445 186.627 2
132.859 193.104 40
143.6 190.515 14
407.037 187.85 24
589.514 187.914 8
682.543 187.521 1
722.878 187.526 1
54.6735 188.561 6
237.311 188.515 4
358.277 189.27 9
403.373 192.914 32
455.571 194.268 54
471.84 190.089 4
672.391 188.203 1
652.553 189.168 8
68.7881 188.705 4
115.656 195.921 18
216.379 190.358 21
517.743 191.631 10
567.191 188.591 34
646.667 188.673 2
452.62 192.207 7
499.01 191.383 6
525.344 190.997 7
551.01 191.451 7
390.375 193.466 23
536.461 192.368 2
581.64 189.826 29
616.087 192.642 5
681.384 192.578 1
712.942 192.418 5
164.123 193.245 8
254.458 197.072 21
349.791 194.485 6
317.584 197.128 63
330.619 193.111 20
674.052 194.636 3
81.6637 194.873 1
290.899 196.132 13
341.218 195.288 10
366.735 194.818 2
667.101 194.905 4
91.209 196.006 12
270.32 195.988 8
495.381 196.968 3
588.132 195.654 6
56.3376 197.479 22
70.2472 196.915 3
115.888 197.448 8
436.674 196.522 5
190.886 198.969 19
314.796 198.923 8
378.258 200.035 28
548.348 200.269 34
569.336 198.272 4
627.779 197.547 2
407.003 198.146 8
446.061 199.428 10
218.693 200.433 12
531.838 200.534 15
556.79 203.51 15
593.009 200.696 13
426.642 201.107 3
599.3 201.542 1
700.172 202.791 25
293.353 204.445 3
472.785 202.894 13
182.64 205.856 9
437.572 203.51 1
137.345 208.998 38
713.622 205.475 4
75.2428 205.278 9
97.9441 205.549 17
124.046 204.821 2
157.66 205.669 8
366.675 207.477 18
611.338 205.864 4
638.731 206.104 2
657.804 206.269 4
110.709 209.709 28
228.565 206.446 1
390.381 207.032 1
426.829 208.083 22
522.74 207.566 20
621.304 207.71 21
649.606 209.466 7
374.562 207.313 11
540.019 207.137 14
600.321 212.181 35
729.895 207.432 1
177.443 209.783 7
149.712 211.951 36
402.988 210.368 10
573.846 215.201 39
580.968 216.282 16
244.963 212.111 14
50.5902 214.238 36
250.112 210.656 1
443.721 210.799 3
741.511 210.329 2
70.8517 212.708 5
84.7637 213.223 5
463.153 214.104 41
306.432 214.415 6
383.335 209.597 5
425.042 214.658 5
671.153 215.458 20
219.28 214.941 1
160.358 216.581 10
194.79 215.163 1
397.491 218.415 6
502.294 217.083 13
522.126 216.345 5
130.081 221.318 38
139.511 216.321 11
314.225 216.687 9
409.382 217.219 16
459.976 215.747 1
564.489 217.839 20
643.865 219.775 54
122.08 219.488 25
293.747 217.16 8
607.199 220.387 11
743.355 217.257 1
584.982 218.741 5
669.287 217.967 2
368.387 220.92 4
432.044 219.359 2
496.588 219.487 2
626.637 214.689 8
70.1773 219.848 5
168.229 220.913 11
578.946 220.139 1
197.339 221.04 12
214.523 220.63 1
664.099 222.811 25
93.4848 225.297 66
389.723 221.921 3
619.285 222.756 3
726.711 223.072 5
731.889 221.986 2
79.0166 223.026 5
283.552 229.654 49
507.867 223.917 7
557.412 227.172 49
567.131 224.938 15
711.317 224.05 5
56.2821 228.112 27
336.56 219.337 68
400.841 224.199 1
254.691 227.577 43
517.011 225.461 5
686.766 225.107 5
61.9262 226.953 6
182.618 226.864 15
634.892 225.668 19
24.0677 227.598 1
116.259 230.173 40
149.363 233.004 8
197.392 232.639 55
215.031 229.422 33
594.534 228.628 22
607.281 229.246 41
8.41253 228.38 1
238.262 228.422 3
463.224 228.672 3
476.12 228.784 8
542.821 227.381 4
587.322 229.375 12
193.773 230.386 19
337.208 232.573 12
583.489 234.209 7
167.511 230.694 23
529.538 229.692 16
562.496 230.266 5
677.608 229.449 10
356.425 230.944 1
402.167 235.113 34
411.14 231.503 14
435.396 235.447 31
129.157 234.883 14
537.265 231.081 2
507.174 234.308 24
151.148 233.783 8
251.188 239.695 45
310.668 233.964 19
495.501 237.298 5
465.641 235.301 11
612.264 234.76 3
482.758 235.116 9
619.932 235.373 5
721.799 235.073 2
322.557 236.822 11
530.378 241.002 50
673.321 239.551 21
707.46 240.213 8
550.517 238.683 21
716.703 239.54 11
729.398 238.144 2
743.163 238.044 1
221.618 242.053 7
426.341 240.552 6
262.198 241.353 2
346.525 243.166 11
142.695 243.228 20
315.451 243.553 3
610.652 243.706 6
364.996 245.611 39
634.139 243.362 11
275.661 245.232 1
293.434 243.071 12
500.511 244.879 1
532.279 244.583 10
214.15 246.445 1
437.344 251.485 39
487.941 248.169 22
518.388 246.391 1
725.465 245.987 1
443.929 247.433 7
599.394 247.69 35
195.815 248.338 49
389.828 248.149 4
429.418 248.605 8
483.138 248.534 1
553.758 248.417 6
628.329 249.939 25
642.626 250.671 5
730.717 249.965 3
683.41 249.99 26
511.103 253.539 26
280.994 253.986 24
521.413 256.605 14
239.129 256.471 51
495.56 253.473 16
540.29 252.235 4
609.664 251.942 5
44.8827 254.336 18
153.986 253.668 17
176.56 253.493 3
354.224 257.939 28
458.33 253.664 7
196.895 256.479 25
296.489 250.901 15
437.964 254.668 10
568.287 254.351 8
600.467 254.771 5
692.313 254.462 10
185.337 254.553 2
217.968 258.399 43
290.965 255.177 10
208.211 256.246 27
255.489 258.739 32
166.418 261.882 12
229.948 257.246 9
50.1608 257.447 3
311.862 259.036 32
332.664 257.888 9
370.919 258.577 23
686.147 257.997 2
320.695 256.314 3
339.049 257.001 4
429.54 265.267 38
464.864 258.634 4
481.749 259.126 25
381.32 260.778 7
556.401 260.496 8
190.116 261.88 8
436.11 261.315 7
206.054 262.172 13
615.555 261.822 4
322.784 263.615 4
564.684 261.299 4
336.027 264.632 3
528.156 264.063 25
60.6243 264.709 5
85.4278 266.745 10
96.7692 266.255 4
314.652 267.157 3
105.724 269.173 15
592.598 266.063 1
475.032 268.332 13
628.187 266.528 15
608.516 267.526 29
299.611 270.085 11
394.61 268.994 14
535.501 267.193 15
464.515 269.122 17
732.094 269.194 1
739.331 268.414 1
415.798 270.46 1
575.76 270.195 3
598.263 271.459 7
358.445 275.406 52
376.866 272.172 1
400.802 272.52 19
17.304 273.003 1
721.319 273.88 7
706.499 278.127 29
314.787 275.471 9
495.485 276.941 22
57.4234 277.003 19
124.76 270.78 17
331.897 276.579 14
588.718 277.202 10
96.3532 277.248 19
118.768 276.468 10
137.089 277.304 1
417.397 275.182 5
433.611 279.919 13
563.797 277.863 5
572.433 277.191 1
601.635 276.851 2
727.616 277.521 7
306.641 278.52 3
520.98 278.938 4
675.75 278.533 21
548.251 283.433 31
579.179 278.847 2
692.333 278.505 26
702.69 280.445 4
716.79 281.334 9
33.6464 279.947 7
181.658 277.045 37
197.629 286.312 17
274.251 280.07 4
285.311 283.967 10
293.867 280.852 4
511.292 281.673 9
102.571 280.902 6
337.015 280.969 2
406.285 284.776 22
84.5466 283.264 20
301.281 281.327 10
485.912 279.441 5
641.45 283.473 25
682.617 286.429 13
128.977 282.729 3
316.659 282.462 5
473.535 282.576 3
532.66 282.763 5
365.375 289.592 28
464.072 278.176 18
610.96 287.399 25
119.251 287.122 58
345.633 284.866 5
442.872 284.654 9
594.684 284.387 6
653.597 287.718 33
97.7901 286.197 2
394.59 287.087 31
569.045 286.635 12
75.3285 287.406 7
549.582 287.546 11
672.642 287.513 2
679.872 287.034 1
716.45 288.626 11
87.0806 290.166 4
174.581 288.379 1
271.349 287.614 7
354.486 290.788 29
601.688 288.136 10
34.72 289.829 12
307.573 291.148 3
419.616 288.602 10
40.633 290.132 4
53.8472 290.764 11
189.348 288.954 5
504.429 289.982 4
528.84 290.58 17
729.241 289.468 1
577.713 293.24 4
617.889 290.635 10
80.1328 291.884 6
342.173 292.353 6
481.167 292.495 4
496.489 293.922 7
607.283 292.013 3
86.7674 292.247 1
96.083 292.216 7
460.028 296.887 39
470.109 293.31 6
110.513 291.588 14
130.939 292.999 2
700.128 293.721 16
303.049 295.63 26
521.43 293.966 5
199.635 298.023 29
311.275 296.681 4
441.365 297.128 29
547.281 295.301 14
220.404 296.683 8
322.332 296.785 45
511.008 296.558 4
719.251 297.938 10
82.5744 296.922 2
258.437 299.727 13
260.025 299.57 10
598.292 297.809 3
637.864 297.883 1
463.918 298.583 1
490.101 298.372 1
564.935 299.452 8
584.095 300.485 10
26.4145 299.861 2
625.688 299.118 4
646.649 299.647 1
102.623 299.127 4
248.651 302.03 11
312.78 302.959 11
370.949 305.339 30
374.895 302.213 2
569.957 302.202 11
609.04 303.311 12
119.256 304.555 20
124.319 303.672 1
303.598 303.983 4
549.812 303.173 13
557.732 306.529 13
398.865 302.875 17
509.899 303.909 1
518.989 304.375 2
633.535 305.228 16
484.838 305.485 8
614.677 305.188 7
700.767 304.132 3
135.515 305.567 2
64.4091 306.846 8
317.627 306.805 2
428.693 307.744 8
584.192 304.487 13
354.956 308.222 4
536.098 308.081 4
693.585 308.566 5
323.549 309.23 1
457.92 311.826 19
723.874 313.149 8
97.9152 311.302 5
119.418 311.998 15
367.727 311.553 2
417.811 312.206 7
445.359 311.686 19
579.602 314.611 25
606.445 311.505 4
499.649 312.401 1
672.003 312.355 6
306.766 316.574 9
580.242 322.753 14
595.11 316.315 38
491.26 313.586 13
552.312 314.096 26
8.96687 314.391 1
330.152 315.008 3
434.559 315.89 3
587.412 312.202 3
207.842 316.44 48
249.566 315.762 2
573.982 315.151 1
73.0964 319.746 3
130.998 316.456 2
140.024 317.096 2
406.486 319.421 18
484.602 317.101 4
716.809 315.865 3
116.387 317.755 2
353.016 317.183 2
300.355 319.701 17
466.491 319.253 31
157.551 319.129 10
244.104 319.075 6
97.5764 323.365 24
346.915 323.468 6
475.971 320.705 2
597.323 324.632 6
624.93 320.858 1
214.176 323.767 15
696.634 323.088 20
729.901 322.03 1
128.108 322.575 27
176.764 323.618 12
332.442 322.77 54
447.172 322.246 21
80.2629 323.861 1
189.818 324.725 36
497.402 326.05 15
707.095 323.404 2
117.508 324.559 14
590.155 325.508 5
451.38 330.131 6
373.56 326.164 1
567.09 328.179 14
98.1737 327.051 2
134.744 327.739 1
330.387 331.258 14
392.848 325.977 35
493.034 327.253 2
164.329 330.875 13
470.682 329.016 2
558.224 328.768 35
723.635 329.687 5
73.0726 331.405 1
318.796 331.297 10
381.058 331.169 6
576.67 330.753 2
44.3205 335.728 8
36.3086 336 14
56.8365 333.964 1
564.562 333.523 2
28.0033 334.61 5
247.781 338.271 16
603.487 333.414 11
113.323 337.874 4
86.6959 338.422 38
302.339 338.216 3
374.548 336.901 1
380.73 336.887 1
132.275 339.991 5
163.202 338.861 33
241.846 338.637 1
267.085 338.497 11
318.96 340.071 25
417.649 339.385 1
432.036 338.787 13
699.869 338.75 5
6.22034 339.933 1
46.9843 339.083 8
482.65 341.762 16
488.003 341.178 10
545.32 343.475 12
692.965 341.856 4
412.702 342.254 4
444.205 339.815 5
466.048 340.635 2
497.872 343.038 20
522.488 345.611 16
534.521 344.449 11
585.686 341.232 1
515.871 344.537 28
64.8112 344.793 21
169.525 342.27 7
390.297 343.128 13
51.785 343.217 3
379.487 345.109 53
456.764 343.501 16
576.312 343.646 2
69.7928 344.417 1
399.595 344.847 31
553.341 344.58 15
569.378 344.347 7
683.995 348.921 16
336.136 346.214 17
425.115 347.235 10
37.1982 351.374 18
259.174 346.576 3
721.985 346.674 3
102.344 347.529 9
117.492 349.228 17
135.86 347.802 10
206.894 348.684 21
362.735 346.875 4
474.991 347.28 3
734.994 348.3 1
75.9784 349.295 28
125.019 345.549 14
559.169 348.83 3
190.669 350.815 7
492.74 350.125 15
632.198 350.087 10
50.8941 351.307 15
241.917 351.76 10
713.737 350.548 9
248.47 352.017 6
400.265 352.581 9
566.282 351.183 2
577.199 351.517 2
693.107 354.267 5
63.2582 352.161 6
109.011 352.659 6
141.166 355.302 21
587.976 354.233 12
622.72 352.845 3
128.821 354.494 2
236.818 353.541 9
267.919 355.243 36
340.195 354.144 2
383.101 355.986 26
528.354 351.629 4
684.525 354.579 1
56.6276 354.933 6
157.554 353.724 10
434.542 356.935 5
474.293 359.327 26
96.761 357.909 17
120.559 357.795 22
147.12 356.145 2
183.326 356.205 7
652.727 355.938 5
169.35 359.382 46
418.087 356.355 6
542.127 356.088 3
83.5433 360.366 6
188.469 361.221 10
582.533 360.237 17
329.652 361.087 54
376.045 358.447 2
44.4799 360.128 10
285.456 359.519 3
501.257 359.585 9
13.3576 360.646 1
22.49 360.175 1
164.097 360.337 4
274.54 361.813 33
305.552 361.892 22
563.548 360.476 10
70.1693 364.231 18
507.82 361.76 4
554.601 361.382 30
33.7931 363.371 13
251.061 363.606 20
391.232 364.618 38
243.49 363.721 22
404.929 363.236 3
455.629 363.619 63
384.142 366.603 25
409.843 364.356 1
422.19 364.601 8
437.33 363.949 1
612.354 363.603 6
99.4048 365.404 2
174.868 367.789 22
238.168 370.594 36
311.978 364.913 8
473.109 365.091 21
516.879 364.784 10
710.374 366.184 15
607.782 366.594 37
376.729 367.584 11
224.72 373.957 27
417.073 368.163 1
563.404 369.746 23
727.903 368.979 1
467.685 370.849 12
344.329 370.398 5
100.704 373.681 26
183.173 373.789 16
264.942 372.544 16
273.118 372.377 7
391.431 371.467 6
76.5629 372.383 4
140.191 373.82 5
148.784 373.239 12
283.451 371.716 1
291.036 372.098 2
384.398 373.667 6
401.703 372.263 2
437.408 377.882 9
483.29 371.1 3
319.633 375.327 19
529.332 372.826 1
606.704 375.572 36
696.775 372.942 1
474.596 374.063 3
641.941 374.644 23
706.815 374.674 12
313.095 379.727 9
580.898 379.247 40
615.413 378.197 6
652.206 378.495 10
295.414 379.402 32
494.531 376.539 4
430.929 381.881 24
340.464 382.646 37
721.398 380.322 6
237.242 378.28 15
321.884 378.833 8
463.694 380.551 2
282.823 383.327 17
396.793 385.612 35
527.825 381.601 2
227.531 382.549 12
517.029 383.777 11
371.77 384.85 42
575.822 385.43 5
479.266 391.217 30
498.401 387.041 38
500.846 385.475 9
508.665 386.995 17
625.245 385.255 10
533.06 387.888 33
561.786 390.923 17
667.148 386.583 4
676.189 386.364 3
189.059 395.465 34
221.483 390.764 6
471.869 391.201 7
630.813 391.707 14
658.936 392.08 4
691.395 391.09 1
166.86 396.294 47
176.096 391.9 4
249.363 395.389 71
372.503 394.656 17
640.346 392.881 4
649.776 392.984 4
716.347 392.356 2
72.9553 392.957 7
445.18 395.466 17
33.1533 396.527 8
330.586 402.508 36
517.537 394.756 1
457.486 397.113 13
295.016 398.786 26
344.152 397.302 10
478.096 397.89 13
509.05 397.2 2
195.269 399.242 3
170.61 401.218 10
182.335 400.456 3
260.889 400.331 11
499.339 400.071 5
464.307 404.146 10
7.73504 401.418 1
68.4586 404.166 17
330.008 403.616 6
376.744 402.107 2
727.223 401.463 1
40.4532 406.532 11
393.131 405.18 43
474.738 403.831 16
568.508 404.282 31
347.048 405.842 11
588.325 405.351 14
244.148 406.444 1
721.464 405.331 2
594.339 406.459 4
6.63862 409.557 1
573.874 414.271 21
346.705 413.931 8
468.751 410.6 1
717.95 410.824 4
701.42 412.73 7
245.422 413.758 8
323.632 412.07 4
605.888 415.661 2
412.806 418.906 1
692.177 419.465 2
722.55 420.742 4
726.882 420.541 1
574.865 421.119 5
735.337 420.876 1
343.142 421.202 2
590.263 425.764 2
52.0349 427.014 5
415.206 432.439 3
66.7341 432.753 4
505.931 436.986 3
566.954 437.077 5
624.164 437.701 10
64.9179 442.528 2
498.139 452.896 4
488.812 455.809 2
400.222 457.1 5
408.888 152.69 23
625.449 172.534 15
72.5237 174.537 1
130.66 193.828 1
302.551 195.374 4
479.593 201.526 25
65.1697 206.195 19
333.687 217.942 13
689.42 220.163 16
97.1301 224.638 21
693.356 238.142 30
275.193 267.276 34
124.966 269.72 15
460.313 277.703 4
337.452 303.15 6
384.218 306.412 52
170.036 307.6 17
706.142 310.384 9
603.939 320.354 10
149.448 349.509 12
713.366 387.008 13
57.2227 397.586 37
381.067 414.647 2
595.49 415.997 24
456.465 417.43 3
567.613 419.807 17
454.019 100.127 6
442.287 115.26 1
518.517 112.826 39
639.24 148.567 10
379.569 154.982 11
310.155 155.691 7
389.808 156.063 16
260.077 161.082 19
204.162 166.73 23
169.103 169.775 11
190.379 169.914 22
555.549 174.285 4
145.381 178.49 22
196.017 179.527 2
458.492 183.632 8
352.14 185.629 10
419.365 191.199 3
487.056 191.521 2
711.072 197.747 9
48.6549 199.407 3
580.785 201.934 9
667.036 205.393 6
689.44 208.935 16
346.094 214.678 10
206.692 222.569 4
422.565 224.349 2
658.509 227.353 13
697.723 225.519 4
607.248 238.867 3
620.772 247.279 2
336.935 247.962 14
402.896 261.146 4
732.909 263.722 1
53.0648 270.5 2
506.976 271.07 28
521.126 273.584 4
498.446 286.754 4
612.104 286.433 10
374.438 292.768 7
711.642 300.855 13
543.666 304.235 1
459.684 313.277 1
392.349 316.252 14
236.907 319.187 15
40.8769 326.743 15
603.444 327.303 8
110.579 330.78 17
126.979 331.527 27
484.408 334.483 18
518.129 335.723 4
236.094 338.797 13
467.589 348.266 14
556.895 362.205 8
36.0809 366.167 4
71.7418 366.513 6
109.179 367.876 11
137.628 369.169 2
701.046 366.138 16
332.522 374.012 17
622.109 373.722 15
705.673 381.795 6
248.649 386.523 8
156.962 402.786 8
237.736 404.995 13
318.079 412.145 7
45.774 416.295 10
719.311 416.444 2
334.235 427.255 16
468.823 76.2748 1
474.497 127.786 6
546.174 122.921 3
577.018 122.457 9
525.108 123.643 3
494.151 125.998 8
590.053 124.467 2
429.18 132.805 2
442.832 133.119 7
66.1065 137.831 23
503.325 145.123 28
590.943 156.001 6
616.176 158.838 21
216.111 157.146 2
513.324 160.992 5
488.185 161.842 4
86.7218 163.401 1
382.577 163.171 2
407.189 163.254 1
329.311 164.506 7
352.32 163.716 4
468.41 165.406 5
738.06 174.079 2
365.632 173.714 13
626.379 175.088 3
59.0565 177.884 3
208.823 176.134 1
439.178 175.534 6
220.271 179.071 2
281.917 180.069 22
467.486 178.94 1
595.488 180.906 1
250.349 183.278 1
703.122 183.196 1
561.708 184.817 7
521.057 186.374 2
664.235 185.508 7
100.879 187.557 3
582.453 186.702 2
198.128 189.005 9
687.03 198.895 7
457.145 194.175 4
210.502 195.558 11
571.382 194.896 4
225.954 194.045 5
552.029 195.121 6
257.324 202.23 12
318.727 204.375 14
646.949 197.558 3
669.895 197.749 1
380.056 202.285 8
412.834 199.787 6
512.65 204.385 20
187.006 205.782 5
702.232 204.618 1
138.988 209.695 2
181.395 211.611 4
429.437 210.107 2
622.611 211.752 8
600.341 212.842 5
655.852 212.242 2
52.5723 214.391 1
573.513 216.283 8
163.836 220.558 2
130.023 223.732 4
393.879 221.784 3
589.878 217.229 5
217.825 225.369 3
637.277 223.082 2
665.739 226.571 5
715.503 226.184 1
281.951 232.198 11
316.764 229.533 8
557.277 227.806 2
143.435 227.535 25
571.036 228.735 1
116.252 230.966 1
402.467 233.311 4
421.731 232.738 20
437.299 234.562 2
254.43 234.293 4
362.565 237.834 6
486.516 238.003 3
532.109 241.914 1
716.651 242.186 1
735.618 241.898 1
196.115 244.37 2
615.943 245.176 3
439.719 249.639 1
582.93 253.116 18
626.161 254.622 6
645.677 256.592 5
239.707 258.256 4
512.722 260.951 10
219.646 263.054 9
607.125 257.594 1
196.702 260.249 6
353.163 262.422 6
689.873 262.04 2
442.376 264.981 14
487.119 269.6 7
543.889 268.427 8
567.99 266.783 1
107.191 271.997 5
127.325 271.012 3
475.607 273.51 9
75.4562 274.084 13
296.64 272.98 2
619.263 275.462 3
179.453 277.163 2
406.833 277.751 2
140.337 279.758 1
525.312 284.839 9
551.412 283.399 2
200.014 285.261 2
277.21 288.418 7
356.983 288.789 2
684.099 292.327 3
653.668 293.607 8
621.827 292.784 1
347.586 297.896 4
107.423 298.231 5
445.685 302.829 6
429.476 300.39 6
720.633 302.358 1
342.532 310.404 1
356.992 312.388 2
727.601 313.315 1
278.102 313.017 5
419.965 314.975 2
580.642 318.652 1
632.705 323.27 4
217.672 325.139 3
393.865 327.674 1
198.363 332.105 24
36.1275 340.38 4
605.214 341.185 4
88.6032 340.39 1
111.927 340.935 1
395.678 337.381 4
321.068 340.984 3
127.389 344.674 3
184.086 344.895 10
65.2604 347.397 1
622.847 345.796 8
682.365 348.445 4
332.69 350.397 3
39.2448 352.841 1
208.107 351.814 2
79.9583 352.385 10
401.936 359.599 6
423.344 355.437 1
585.869 360.513 5
18.0547 363.093 1
224.096 376.234 3
711.524 371.185 1
62.8588 374.019 29
160.927 373.728 17
258.093 379.699 34
80.8475 376.923 4
604.88 375.921 1
581.141 383.507 4
420.687 378.887 9
654.729 381.727 2
342.006 382.156 3
727.298 383.351 1
666.542 391.807 1
384.155 395.258 8
635.455 397.971 3
199.581 401.943 1
329.837 402.288 1
261.982 410.327 19
11.7658 407.704 1
69.7397 407.671 2
180.663 408.447 3
43.1302 410.353 2
347.9 409.021 6
485.468 413.401 35
577.723 414.135 1
461.689 416.643 1
702.27 419.025 1
415.947 422.783 2
627.936 442.694 5
406.123 459.012 1
489.41 479.075 1
643.517 159.523 13
539.859 186.436 4
172.304 193.312 9
355.425 194.516 4
300.009 202.059 5
196.955 230.065 2
328.61 232.776 21
499.608 261.385 3
358.349 272.53 16
627.685 291.556 3
374.051 310.068 3
632.576 309.366 9
308.094 340.302 5
223.174 358.191 22
476.228 359.44 3
567.883 378.452 3
552.135 383.719 26
490.15 400.24 36
475.483 416.171 7
599.463 429 19
495.314 110.047 9
401.165 166.099 8
557.764 170.514 3
164.278 178.545 36
46.6863 194.873 1
109.411 220.732 19
514.909 216.496 3
474.107 249.828 1
264.807 327.271 7
542.28 328.566 13
366.319 355.707 3
703.086 363.326 1
22.7541 367.189 2
335.726 368.405 2
487.497 376.574 1
180.887 381.252 3
154.306 409.37 3
235.769 410.888 5
554.215 412.195 8
45.0417 420.745 1
458.96 116.561 4
481.742 124.962 4
577.343 127.28 3
505.623 129.394 7
606.027 137.902 1
692.76 164.315 1
218.72 167.335 2
474.713 168.043 2
65.3362 178.868 3
375.968 182.988 3
412.927 187.899 4
566.666 186.445 1
282.112 189.357 2
146.901 193.777 15
681.463 202.376 7
307.856 203.607 11
465.623 204.251 1
556.679 207.149 2
190.764 213.369 3
710.167 213.357 2
146.38 218.159 7
173.535 229.452 3
81.7861 231.718 1
647.131 232.43 10
208.587 237.622 20
293.97 232.936 15
593.048 234.431 1
332.317 239.375 8
374.168 238.808 33
414.435 239.487 2
454.13 239.394 1
499.233 240.167 1
667.619 240.762 1
708.997 251.775 1
631.057 260.737 1
228.009 265.282 2
508.577 263.206 10
582.273 263.528 1
467.754 271.019 1
78.5569 277.215 2
284.526 297.814 10
145.78 302.936 1
458.727 304.187 5
661.732 302.168 2
621.827 308.675 15
384.847 311.419 8
637.767 316.633 1
106.69 322.182 6
423.684 327.748 13
404.753 331.342 5
506.001 326.273 9
182.522 332.429 5
253.417 346.495 3
611.652 340.568 6
199.484 352.848 4
520.811 351.038 2
463.574 364.309 3
571.668 371.357 1
67.3434 379.393 2
46.6152 381.147 2
271.675 382.772 12
405.56 392.363 2
589.102 392.741 9
252.226 401.704 1
59.0701 402.681 1
333.072 408.908 1
360.106 415.209 3
270.834 416.151 2
79.0709 418.608 2
387.748 417.197 8
17.9066 419.153 1
423.67 433.611 1
629.769 450.484 1
498.23 483.23 1
167.323 199.968 7
207.626 239.581 3
547.667 399.561 6
481.098 429.085 2
604.306 441.01 5
544.024 108.153 5
583.19 162.92 1
126.543 168.898 2
39.6905 202.774 1
514.379 141.323 3
76.6432 190.107 8
582.568 196.651 1
637.208 196.578 1
479.766 219.41 9
107.868 243.172 1
159.94 241.266 4
653.348 253.548 1
242.756 280.745 2
395.977 309.267 4
535.846 330.317 2
625.856 343.332 1
99.0306 394.752 1
433.826 406.996 6
533.71 407.257 3
618.907 403.823 1
600.269 447.016 1
567.8 102.646 2
341.7 270.662 1
155.632 277.084 1
135.331 414.164 1
455.801 80.8134 12
461.478 102.124 6
463.161 130.883 6
422.704 139.109 8
89.4863 144.746 25
460.477 153.7 2
722.287 165.854 2
348.301 168.822 7
370.928 167.205 5
379.883 166.692 1
314.863 167.781 2
520.289 167.339 27
254.795 168.901 7
563.607 172.916 10
241.615 174.472 5
249.285 174.276 5
233.948 175.385 1
140.792 177.575 3
159.103 180.253 13
164.925 179.49 4
733.547 180.577 1
318.603 182.041 5
673.044 180.547 5
719.496 182.267 4
302.416 185.896 2
102.774 193.716 3
196.317 194.01 2
265.942 193.298 9
698.344 195.037 2
448.094 195.469 1
603.515 202.118 1
202.489 203.354 5
575.419 205.546 1
193.613 209.291 4
336.984 204.071 9
226.239 218.876 12
246.106 217.779 7
718.416 216.904 1
678.09 219.868 2
84.7871 222.468 6
601.664 224.974 6
361.989 226.075 7
157.755 229.191 3
226.292 231.688 16
239.948 237.92 8
369.082 248.173 6
721.543 245.169 1
197.246 248.25 1
605.5 248.291 1
221.668 249.697 2
352.445 247.305 6
592.823 254.474 3
366.069 263.775 6
53.408 279.296 10
509 285.117 1
24.6099 286.011 2
59.7827 288.162 4
705.97 302.396 6
183.953 308.498 6
591.316 308.084 3
243.655 315.64 6
92.4703 316.83 2
184.198 315.725 4
494.665 321.02 3
163.755 331.174 5
228.814 345.872 6
212.692 347.905 2
707.095 352.977 3
503.767 353.978 2
217.376 364.011 19
248.334 364.053 3
30.0705 365.191 2
103.607 367.454 2
436.994 375.664 6
287.389 377.093 5
466.516 59.539 5
421.563 90.9147 1
421.421 113.506 10
585.027 120.215 2
473.858 123.439 2
452.134 132.653 5
63.2673 135.24 1
497.289 143.487 5
222.85 154.734 4
621.575 155.149 3
571.317 170.609 8
386.567 175.404 10
336.221 175.562 6
364.445 172.047 4
369.959 173.103 1
377.437 174.167 9
295.813 176.46 8
303.135 174.786 2
433.962 174.749 9
448.867 177.463 8
724.745 178.69 6
571.629 179.85 1
610.696 179.931 2
710.37 186.466 6
191.422 186.289 2
81.5739 187.198 6
637.848 190.901 14
76.1036 184.982 5
626.162 189.316 7
603.175 189.582 2
327.231 199.268 3
490.016 201.475 5
541.624 201.372 1
205.64 208.347 2
104.719 216.099 16
227.494 216.593 1
239.477 221.503 4
265.149 227.282 15
693.177 225.731 1
445.392 231.802 1
175.424 233.065 5
146.307 248.078 2
248.995 254.906 5
362.226 252.88 18
346.572 253.789 7
150.439 255.261 1
266.798 258.615 14
113.332 266.295 1
484.63 268.345 3
559.934 267.961 3
467.909 277.965 3
485.16 276.403 2
452.8 278.89 1
512.555 280.281 1
706.698 296.92 3
423.82 295.657 9
91.7251 311.62 6
618.03 311.957 2
167.329 324.629 5
615.208 330.022 14
123.383 329.708 1
194.687 331.747 2
296.426 332.01 3
67.4744 333.942 3
393.528 336.715 1
105.283 337.673 5
151.332 339.659 1
172.324 342.517 6
85.3673 348.207 5
217.075 353.131 3
468.981 354.6 2
572.26 358.212 1
430.339 364.615 1
296.362 368.103 2
213.009 372.913 19
555.109 372.392 3
107.642 373.125 1
121.585 375.388 8
426.65 375.969 4
549.471 380.636 1
607.322 389.319 13
332.368 446.071 2
599.757 476.05 1
296.827 207.632 8
592.797 216.375 4
309.427 167.574 1
585.926 174.315 10
259.439 206.465 1
294.981 251.298 7
383.504 291.653 13
531.675 300.42 6
40.5262 328.01 3
263.946 333.241 4
195.4 362.486 17
276.984 362.377 4
396.776 372.249 3
237.65 407.122 1
466.024 83.3745 10
335.853 178.719 1
405.233 179.603 2
439.955 185.33 4
448.985 181.327 1
704.797 188.404 3
648.597 193.883 1
706.045 210.424 6
619.089 213.253 1
165.68 224.358 1
636.452 227.011 2
451.495 231.515 4
178.165 261.752 2
355.414 264.635 2
376.199 285.376 1
406.245 285.076 4
289.673 289.008 6
325.835 293.58 2
351.231 299.794 4
405.531 305.65 1
514.579 320.823 16
581.347 324.307 5
399.286 323.979 4
605.32 346.528 15
173.505 352.842 5
332.051 357.311 12
124.498 378.096 1
448.519 384.184 13
494.952 393.751 1
67.4821 412.837 5
179.89 413.162 1
340.159 445.872 2
567.89 374.134 1
164.063 377.054 1
634.905 378.064 5
395.695 391.062 10
560.852 103.491 2
528.763 102.916 6
357.204 148.25 1
591.612 166.712 5
513.815 269.921 4
130.86 367.182 3
494.265 168.548 3
632.853 186.683 1
413.884 193.746 4
282.764 193.36 4
318.444 209.635 4
467.847 210.756 1
83.9645 235.924 1
642.498 237.727 1
415.647 243.927 2
661.275 245.882 7
229.113 272.766 4
110.81 284.703 5
282.895 307.954 8
427.539 326.973 4
520.597 357.603 3
479.543 362.73 1
269.585 384.913 1
311.327 390.445 5
409.161 394.433 3
171.748 405.646 1
149.388 322.777 6
585.322 206.788 1
161.302 263.256 1
247.106 289.279 7
583.286 310.555 2
730.25 201.318 2
709.217 182.442 1
692.632 189.866 2
670.139 171.765 4
726.274 233.062 3
664.672 174.444 11
689.125 200.259 1
695.695 208.66 5
722.358 239.299 1
595.464 141.651 2
615.812 162.794 2
681.69 235.015 5
614.73 176.65 2
671.376 232.935 5
725.314 286.622 3
625.857 192.444 1
587.364 162.97 7
651.961 228.318 4
675.827 256.435 2
507.812 94.3308 3
466.829 64.1956 3
539.788 148.141 2
543.454 174.542 5
474.275 128.79 2
552.746 212.29 7
480.534 141.064 3
536.38 213.099 8
556.859 232.617 1
603.89 280.435 4
534.124 224.477 3
613.006 320.956 7
410.67 128.392 1
441.228 161.166 9
468.992 195.876 1
644.251 379.837 1
412.93 156.906 2
426.347 187.336 9
517.569 284.643 5
489.691 256.841 4
468.944 263.12 4
336.479 168.138 2
344.244 188.164 3
292.857 156.97 4
450.058 332.35 10
340.146 224.991 4
390.791 285.823 2
391.347 299.583 7
339.732 275.25 3
402.365 338.839 1
232.579 190.849 1
234.748 205.102 1
404.562 376.539 1
239.627 217.3 2
244.178 223.546 1
231.572 216.955 1
323.911 314.316 2
250.249 244.682 4
226.902 224.608 9
185.792 188.829 6
318.145 325.148 3
161.372 173.484 2
142.215 198.616 3
299.927 356.103 2
142.682 204.826 1
167.804 242.635 10
124.78 230.738 3
144.166 255.038 1
109.22 223.717 9
196.816 324.795 5
189.576 336.481 8
50.0935 220.236 2
161.529 345.77 1
83.0667 367.379 5
42.2198 336.649 3
28.533 343.515 4
704.49 178.965 1
698.701 213.997 4
699.814 224.314 2
722.83 257.417 2
619.557 185.465 11
655.896 235.544 10
545.1 139.31 2
515.491 119.462 2
686.059 302.342 16
460.684 78.8164 6
697.67 318.699 2
668.119 295.617 3
583.509 213.142 3
513.591 165.869 2
550.613 205.893 2
577.694 237.628 15
608.734 276.506 5
549.489 218.174 5
471.314 142.298 2
708.218 379.759 1
520.831 201.581 5
487.613 172.677 4
601.114 293.053 1
421.639 124.64 7
712.733 420.298 6
452.462 167.217 17
552.341 267.424 1
423.853 149.566 6
675.419 402.483 1
479.4 209.436 2
559.029 318.286 2
503.535 278.194 1
454.707 230.509 3
496.876 298.761 9
510.711 316.185 1
412.058 222.625 2
387.141 232.339 19
347.68 201.602 3
512.754 369.087 3
354.934 215.688 2
339.135 205.338 6
488.372 355.504 6
311.861 185.7 1
487.674 363.903 7
579.07 458.577 16
335.932 230.321 1
360.022 267.392 4
372.155 290.509 6
346.003 265.005 9
487.539 410.881 2
245.265 194.084 8
446.848 405.037 20
328.471 284.05 5
362.26 323.937 16
309.039 267.591 2
366.528 331.157 5
410.444 387.688 17
209.241 190.694 5
287.59 269.456 1
234.094 220.678 2
467.96 457.515 8
475.65 474.416 1
211.628 207.949 8
211.757 237.519 1
323.637 350.286 1
364.641 389.729 3
150.794 181.77 2
294.337 340.379 14
301.248 349.588 6
231.247 296.074 1
107.229 185.811 4
162.427 241.302 2
192.186 276.764 11
244.329 347.238 3
67.6294 173.915 1
237.181 346.901 3
220.84 335.444 6
327.528 445.937 1
248.489 370.031 3
190.309 343.633 5
208.103 363.327 1
182.487 340.524 2
71.3312 282.298 1
55.7517 307.593 4
29.8935 307.494 3
46.6086 405.25 4
555.188 381.317 1
46.2584 431.329 4
685.184 212.441 1
583.158 293.899 1
430.15 166.507 16
605.382 357.792 17
335.751 155.406 3
490.823 405.722 4
467.168 403.082 2
336.314 387.429 4
347.187 401.211 1
198.391 328.602 1
225.826 364.321 1
251.734 428.957 8
579.091 135.795 5
684.698 264.933 1
483.633 175.273 1
545.678 240.805 3
488.023 203.642 1
447.519 167.977 3
607.361 334.719 2
508.845 258.18 2
630.727 397.227 1
541.688 311.942 1
506.998 322.212 4
430.248 254.954 2
558.846 392.062 1
470.147 315.368 1
301.168 165.09 8
409.388 368.529 3
363.82 326.873 1
254.252 232.551 1
465.283 456.818 1
252.904 301.761 2
158.538 220.34 1
394.624 461.798 1
136.554 254.324 8
223.655 351.186 2
320.827 449.204 2
65.6509 208.925 1
179.308 346.665 1
71.9638 379.59 5
410.937 303.983 4
353.171 325.732 4
375.303 457.879 7
635.14 147.737 1
526.481 110.181 1
433.527 127.817 5
429.583 284.645 5
588.174 239.02 1
582.225 328.727 1
629.799 410.488 1
579.247 399.595 8
382.144 209.681 1
406.11 243.134 4
478.676 326.213 3
514.539 355.006 7
313.99 207.972 1
327.082 247.492 4
355.2 383.809 1
360.771 406.475 4
214.453 271.629 3
327.129 409.549 6
133.137 227.538 2
249.365 346.521 1
568.23 159.158 3
527.964 325.427 3
393.929 311.349 1
237.203 283.858 1
711.774 191.894 3
683.941 277.184 8
602.182 366.76 2
583.821 365.397 4
560.517 272.838 1
559.393 189.533 1
557.091 324.347 1
550.546 227.558 1
519.929 312.94 13
488.629 262.817 3
485.387 271.076 1
483.853 406.291 4
479.708 335.619 4
475.287 382.824 3
471.4 273.089 1
462.807 97.0191 4
454.038 356.67 2
429.738 150.123 2
414.374 198.448 1
409.877 404.968 3
402.738 267.714 2
376.497 375.176 4
333.48 199.346 4
319.077 220.608 1
317.04 357.615 8
280.136 378.639 1
264.384 391.613 9
259.89 218.839 10
245.482 186.007 1
212.709 233.04 1
211.859 165.265 2
207.798 321.012 1
177.763 353.092 4
164.711 406.032 4
163.81 352.958 4
156.451 211.406 1
110.835 345.577 2
100.004 181.225 1
80.7137 304.701 2
66.9826 297.93 4
723.093 281.622 1
698.927 311.443 2
675.681 203.446 4
672.794 174.831 2
669.773 346.784 5
650.905 240.904 8
617.886 198.784 2
614.429 315.467 1
613.843 432.209 3
612.827 441.996 6
608.999 424.026 1
606.039 166.265 2
586.761 476.656 3
580.178 433.362 9
576.878 177.51 1
565.117 177.906 2
558.425 373.981 1
545.988 349.46 2
540.948 362.995 9
519.893 371.583 3
514.779 208.17 2
505.443 162.829 5
502.991 171.5 3
503.616 187.056 4
496.965 426.267 1
469.711 128.333 3
462.167 197.147 4
459.289 351.296 5
457.367 272.296 6
454.771 69.961 1
453.523 248.922 7
450.214 425.12 13
451.117 380.133 1
445.574 141.975 3
448.062 149.636 4
443.247 154.033 6
446.299 419.857 7
447.602 205.108 2
435.501 157.262 2
432.848 108.225 5
422.142 129.684 1
424.945 247.477 3
421.948 377.355 1
420.499 179.49 1
415.049 350.773 3
416.116 281.453 5
412.513 356.221 4
403.284 133.32 5
403.206 432.772 4
398.21 142.279 8
401.05 183.671 2
394.838 248.063 4
395.671 183.614 4
384.436 287.616 3
377.098 423.773 2
375.724 419.742 1
372.655 408.717 8
374.237 434.523 1
369.462 213.612 1
355.727 354.484 5
349.459 373.863 4
342.992 304.413 1
334.432 414.024 5
338.466 426.564 2
334.871 394.004 1
315.51 424.1 7
298.756 229.013 11
291.357 206.837 1
258.035 166.413 2
227.08 192.498 3
227.306 336.382 2
198.125 354.565 3
172.627 279.709 2
137.671 247.761 3
134.891 238.85 5
136.325 286.28 3
131.609 322.308 2
129.583 300.047 11
111.149 322.924 3
106.852 193.391 2
98.8721 291.672 2
90.5544 189.047 3
91.1877 327.199 4
67.7677 287.041 6
63.9418 171.951 3
57.2635 166.463 2
48.5968 308.432 5
46.8504 441.697 2
38.6125 255.509 4
39.0098 283.467 2
31.2515 339.995 1
494.653 433.498 5
406.435 423.965 4
58.3253 427.398 9
630.859 277.7 3
562.638 320.617 2
493.31 257.496 1
371.295 315.215 2
663.691 256.088 3
661.53 158.336 7
638.158 243.518 1
556.989 295.982 2
542.736 234.219 1
524.299 198.228 3
473.113 245.621 2
458.256 455.104 5
447.13 274.03 1
449.544 428.363 1
443.444 406.399 4
425.643 381.497 1
415.371 233.547 2
414.442 139.193 1
413.651 259.525 4
412.955 176.576 2
379.038 229.57 10
382.314 272.721 5
369.453 426.239 7
335.228 163.651 5
323.132 283.333 5
313.427 412.325 2
292.313 349.822 2
266.871 313.054 12
257.796 230.329 3
185.656 327.101 4
184.389 395.682 1
152.124 403.331 1
93.1679 340.662 1
88.4801 153.477 1
607.525 392.018 1
538.842 243.428 1
386.4 200.402 1
358.328 294.389 3
291.614 384.75 4
563.018 376.913 1
547.339 169.968 1
394.614 331.852 2
396.913 396.783 5
353.357 408.114 2
346.489 152.521 1
323.647 335.753 1
315.889 153.047 1
266.053 413.521 1
544.356 393.539 4
534.344 249.35 2
531.765 318.497 2
458.943 245.649 1
437.295 391.609 4
401.738 240.748 1
360.921 397.901 19
358.294 431.572 2
347.154 331.844 7
351.109 378.408 2
301.677 344.049 2
265.743 236.25 3
219.92 412.644 1
182.279 264.69 3
159.653 196.439 9
144.088 333.972 1
140.479 411.592 2
491.642 211.891 10
340.062 338.734 2
293.66 245.778 1
220.043 285.376 3
356.519 249.031 1
571.1 394.138 13
585.801 369.331 1
680.076 262.901 1
679.108 254.093 1
588.382 315.639 1
675.09 225.054 5
515.357 314.884 1
594.303 194.978 4
627.282 154.565 1
448.845 284.785 1
426.073 268.211 1
508.729 152.037 3
453.76 174.144 1
262.181 356.983 2
359.04 221.406 2
445.578 120.568 1
373.743 159.404 1
130.428 372.689 1
258.924 232.718 1
287.317 174.665 7
91.2196 376.412 4
84.7008 372.784 1
271.153 176.965 1
256.565 179.408 1
52.6715 374.31 6
600.166 468.139 9
704.55 328.182 1
685.517 337.426 1
648.362 351.021 1
619.455 381.002 1
611.672 371.464 2
582.944 400.034 1
703.884 268.455 1
400.008 451.391 6
554.341 299.246 2
451.451 392.695 1
628.01 214.508 1
529.053 287.46 1
426.834 351.835 1
556.296 215.97 1
397.305 376.167 1
464.051 305.922 3
596.024 172.876 6
533.321 219.017 3
528.85 208.159 1
415.59 319.353 1
339.604 394.389 2
452.82 266.598 5
476.864 234.841 3
567.328 132.209 3
459.7 209.113 1
253.422 411.012 1
456.93 200.649 4
369.879 280.518 2
243.674 386.992 3
282.043 343.043 8
503.023 89.4751 1
362.34 217.663 1
338.245 237.553 1
467.679 90.8758 1
429.584 116.29 5
453.104 91.1044 1
167.575 365.562 1
202.356 316.537 2
410.011 92.3639 1
156.582 319.48 1
267.852 183.642 2
124.392 312.911 3
251.092 162.959 4
177.279 223.45 3
78.376 308.587 6
37.1196 313.39 6
119.245 223.634 2
121.131 209.954 1
122.007 193.663 1
124.421 187.007 1
87.1297 192.112 3
580.653 421.139 9
492.427 442.381 4
399.458 443.07 8
300.871 328.766 3
327.165 208.111 2
103.057 260.365 2
570.799 394.913 1
402.525 289.281 2
699.372 360.719 1
661.521 283.423 1
592.077 347.431 2
669.498 160.589 4
566.668 246.621 4
615.169 183.142 1
365.486 350.689 1
311.729 393.962 3
331.375 367.767 2
364.143 292.677 3
416.97 201.732 1
394.32 198.922 2
442.877 145.17 1
233.212 334.537 1
152.339 397.294 2
398.47 123.348 1
342.532 178.319 1
426.889 92.3249 1
161.734 325.307 1
220.227 185.252 2
166.739 205.552 1
96.6641 258.238 2
66.015 261.867 3
506.164 374.02 1
239.32 377.043 1
581.103 393.302 3
602.279 352.808 3
627.964 313.296 3
576.135 324.493 3
595.968 135.008 1
85.4483 228.7 1
499.271 209.218 3
352.935 357.174 4
301.349 390.503 8
219.245 384.826 5
485.743 102.88 1
343.738 221.46 1
225.12 323.679 1
139.583 387.586 1
275.842 195.114 1
119.561 169.404 1
539.544 398.306 1
537.384 325.804 4
430.149 393.948 8
576.162 153.794 2
301.78 234.163 3
518.33 261.065 1
415.363 329.731 4
330.184 333.606 1
435.395 165.758 8
732.939 231.448 2
215.831 240.426 1
396.226 259.272 2
538.903 281.438 4
25.8514 327.834 2
439.502 90.1985 5
66.024 117.266 3
552.367 155.368 4
87.1058 187.763 1
271.772 230.241 3
372.077 228.783 1
47.487 266.235 2
675.441 300.62 1
644.994 305.405 3
460.496 324.705 4
29.211 353.511 3
258.182 353.86 1
473.26 410.604 2
255.937 437.596 2
321.833 230.914 1
501.789 260.496 1
97.4902 272.878 1
56.198 434.942 5
99.5961 171.439 2
229.285 175.667 2
130.884 206.032 1
144.156 236.73 1
645.333 268.118 3
365.037 400.492 2
686.928 164.869 3
330.46 183.558 3
152.83 218.897 1
662.396 234.292 3
407.462 237.713 1
443.554 240.932 3
464.862 245.129 1
692.572 246.742 3
200.151 265.569 1
695.798 286.229 4
275.657 293.94 2
551.393 293.671 1
290.826 299.003 4
683.824 297.55 2
354.08 301.516 1
652.491 303.087 3
511.509 325.462 1
118.985 331.549 4
199.921 338.967 1
332.125 361.486 1
143.412 380.15 1
198.317 380.175 3
124.977 382.453 1
581.181 389.283 2
598.803 398.124 10
635.98 404.159 1
295.676 408.589 2
458.174 408.641 1
67.952 418.731 4
606.76 346.823 1
172.68 374.677 1
277.397 169.316 1
678.311 180.771 2
87.3366 241.813 1
129.584 243.669 2
296.921 240.162 1
226.309 281.593 6
395.115 296.112 3
286.25 310.991 2
611.198 345.457 2
583.205 147.138 2
614.29 223.372 3
690.654 413.239 2
318.017 161.845 1
224.51 146.672 3
259.406 189.603 1
351.984 276.057 2
206.828 231.053 4
318.203 369.023 5
541.984 153.403 7
710.456 395.68 2
589.851 390.109 1
309.21 242.561 4
53.2658 285.941 1
47.1491 445.81 1
561.242 325.622 1
257.925 326.269 1
398.034 446.787 2
133.059 259.276 2
518.34 131.058 3
671.518 271.048 2
694.577 328.522 2
510.664 208.947 2
472.231 207.228 1
556.735 395.571 1
480.026 350.078 2
275.421 234.128 3
360.384 337.104 6
485.375 422.57 3
288.433 294.88 1
77.6067 158.843 1
182.574 247.069 1
363.221 378.097 1
316.161 384.349 1
68.519 229.869 1
233.71 373.527 1
153.594 417.002 1
360.665 343.348 2
302.214 169.408 3
101.436 166.994 1
354.822 395.133 3
567.848 153.244 2
376.073 225.192 3
522.682 323.501 3
302.835 233.577 1
323.492 249.047 1
252.849 249.965 4
210.458 277.622 3
126.054 238.36 1
388.243 311.414 4
557.267 284.456 2
575.004 399.688 1
355.105 282.765 2
36.4919 179.651 1
573.672 475.64 3
464.235 449.913 1
372.468 422.542 1
327.596 303.816 1
315.589 437.038 2
277.619 382.774 1
98.6395 337.585 1
86.0667 327.288 1
608.198 443.124 2
399.595 421.008 1
368.842 415.067 3
372.904 448.472 2
491.617 113.062 1
590.952 471.228 3
462.92 168.824 1
415.392 402.919 4
183.001 367.52 1
101.957 332.401 2
660.441 260.785 2
477.188 137.523 1
546.793 385.521 1
568.991 460.119 2
549.223 416.877 1
550.937 434.006 3
436.554 380.881 1
437.011 409.392 1
445.152 431.809 2
452.549 453.745 4
373.747 234.334 1
298.442 165.199 1
359.368 357.497 1
336.986 309.88 4
359.806 375.919 2
363.615 429.637 1
304.747 261.917 1
267.983 268.399 1
308.572 416.16 1
228.643 407.895 1
114.167 202.915 1
147.813 408.237 1
90.6415 304.915 1
532.639 311.024 5
536.228 111.073 6
611.22 413.165 2
422.84 284.922 3
342.27 153.318 2
542.622 214.763 9
531.979 398.484 3
382.162 243.98 2
387.313 420.804 2
305.019 240.098 2
339.257 334.645 2
275.073 302.737 4
206.506 271.983 2
170.456 266.119 5
211.753 422.559 1
713.404 360.711 2
617.138 271.607 2
289.987 169.334 2
161.615 252.496 1
151.099 243.988 2
77.3769 343.27 1
609.956 457.823 2
610.637 313.897 1
497.929 152.908 2
463.248 119.083 1
416.671 129.834 1
321.824 272.444 1
167.319 371.482 1
58.8879 450.055 3
84.8412 320.371 1
116.969 208.211 3
45.6458 372.717 1
560.483 249.966 6
589.058 469.171 1
373.578 319.402 2
371.989 285.132 1
83.6681 144.704 1
683.114 179.518 1
573.561 434.451 2
549.576 409.694 1
439.243 354.228 1
467.454 241.553 2
408.714 256.234 5
361.166 370.574 1
308.342 408.717 1
307.679 395.902 1
389.702 143.477 3
349.156 223.645 2
287.573 346.602 5
259.959 312.06 2
228.078 401.25 1
267.119 263.611 2
146.816 398.777 1
192.802 164.195 1
120.417 236.526 4
463.181 241.186 1
139.201 383.386 4
494.735 402.019 1
530.361 165.802 2
403.312 218.265 1
538.074 392.314 1
564.683 129.16 1
422.598 334.787 5
283.115 419.322 1
308.837 236.786 2
278.934 305.574 1
210.395 404.964 2
238.114 269.048 6
204.988 382.004 4
419.28 394.747 8
474.958 212.331 1
714.789 322.936 2
694.799 204.332 1
459.927 326.774 1
648.587 154.73 1
407.698 206.913 3
268.205 253.317 1
324.292 175.066 1
26.5856 374.272 1
156.021 185.737 2
483.204 467.266 8
406.999 292.745 2
550.352 145.983 2
270.048 275.49 2
133.308 368.454 1
108.283 316.478 7
170.603 252.612 1
78.5015 259.614 1
37.7381 248.992 2
30.9604 220.69 1
399.935 292.406 1
625.468 274.758 4
563.779 310.461 1
398.347 413.857 1
566.101 241.792 1
230.204 388.323 3
378.829 268.146 1
289.051 331.377 5
149.966 385.97 2
380.913 147.241 3
396.386 127.458 2
351.554 147.766 2
203.602 248.308 1
326.688 148.07 1
311.624 149.737 1
224.053 165.842 3
91.5646 256.199 2
197.913 159.626 1
62.0858 257.441 1
155.122 176.337 2
552.857 98.4307 1
200.844 245.095 1
346.33 341.656 5
144.718 308.213 1
116.868 156.538 1
575.896 104.636 5
579.29 157.636 2
705.812 264.153 1
46.6319 323.669 1
588.326 330.554 1
87.5661 176.821 1
324.339 179.701 1
38.7632 223.391 2
103.513 229.421 3
595.26 394.982 1
714.805 401.119 4
170.391 410.898 1
40.3029 413.854 2
589.157 414.616 2
519.874 107.088 2
38.8699 174.392 1
32.9444 321.28 1
543.74 144.097 1
686.492 160.309 1
696.158 252.594 1
219.419 268.876 2
201.236 271.642 3
143.578 385.159 3
124.738 387.923 1
346.826 387.851 1
172.498 257.975 1
378.197 247.474 3
663.933 266.856 6
257.418 270.846 1
227.572 292.749 1
109.696 307.801 2
593.31 333.603 1
62.0677 193.426 1
37.105 266.763 4
338.608 189.801 1
303.096 274.776 2
560.635 417.971 1
241.901 440.23 1
507.986 216.931 2
683.267 143.787 1
532.803 136.027 1
660.977 210.099 1
660.967 240.957 1
462.432 273.334 1
273.359 235.981 1
556.244 401.788 1
194.779 267.224 2
66.7514 233.789 1
314.65 388.152 1
107.224 160.673 8
410.11 250.601 4
244.016 268.632 4
124.273 249.327 1
209.49 288.197 2
672.76 263.036 2
704.41 397.228 1
539.168 217.977 1
156.367 245.115 1
611.791 278.826 2
128.334 259.143 3
74.1138 411.177 1
570.201 124.79 1
544.27 246.755 1
625.496 404.488 1
451.303 198.879 1
391.308 242.25 4
366.453 298.37 1
356.875 332.737 1
389.316 392.644 1
265.562 275.198 1
195.64 303.859 2
227.808 418.82 1
147.83 419.031 1
512.407 88.2074 2
346.768 231.575 1
558.089 156.542 2
345.017 353.935 2
481.311 453.052 1
455.928 404.741 1
393.51 452.811 1
641.344 153.43 1
577.336 442.708 1
444.098 165.533 1
415.608 254.733 1
310.781 436.353 1
314.109 447.319 1
177.53 357.841 2
79.7468 266.499 1
486.795 433.548 2
363.697 416.015 1
622.768 278.846 1
611.189 378.228 1
473.187 470.366 2
353.473 417.64 1
276.971 353.057 11
203.887 329.809 1
561.458 120.842 7
540.531 386.509 1
562.124 456.933 3
542.211 418.342 2
547.379 438.298 1
404.487 106.465 3
431.343 410.189 1
444.032 453.858 1
293.195 165.276 2
300.14 417.43 1
220.97 407.536 1
434.711 434.194 1
341.573 325.265 2
541.218 109.96 1
519.956 399.133 2
408.871 327.777 1
605.131 382.399 2
470.277 398.43 1
564.051 449.835 2
529.858 360.75 2
445.962 268.424 3
359.789 318.867 1
334.046 244.178 1
614.263 389.619 3
396.543 431.863 3
367.964 445.96 1
274.74 348.104 2
558.221 454.885 1
540.652 406.847 6
459.435 238.628 1
300.363 409.766 1
249.902 288.105 1
243.851 306.226 4
220.283 400.967 1
140.531 398.767 1
184.292 161.87 3
148.235 327.365 1
434.845 424.618 1
424.085 403.18 3
290.572 412.196 2
247.665 262.312 3
322.521 148.38 1
514.95 403.726 1
471.517 422.228 2
413.08 333.499 1
325.893 299.624 1
470.565 134.318 3
683.664 269.956 1
453.042 262.26 2
439.328 165.98 5
235.127 387.259 1
112.02 259.092 2
52.9679 154.427 1
655.617 299.066 1
418.09 427.791 1
86.5198 376.809 1
546.914 403.639 2
631.305 140.401 1
541.562 103.473 1
279.793 326.891 2
388.071 127.489 1
152.887 316.61 1
433.383 398.349 1
533.469 99.0318 1
232.108 267.632 2
215.259 280.519 1
627.786 231.458 1
680.138 199.461 1
627.683 359.007 1
667.097 272.978 1
681.288 175.478 1
638.559 182.781 2
569.84 108.242 1
126.099 293.68 2
432.424 91.6003 1
461.745 69.0415 2
492.768 420.172 2
227.213 170.251 1
550.055 309.227 1
442.86 307.185 1
678.897 157.63 4
61.766 234.783 1
549.659 338.037 1
437.452 336.601 4
429.075 288.99 1
599.346 132.327 1
157.215 311.972 1
171.257 301.834 2
122.003 316.707 1
54.4492 314.728 2
324.406 139.681 1
125.63 199.891 3
196.959 153.305 1
149.261 169.693 2
579.485 145.008 2
554.403 184.703 2
554.699 242.948 1
558.719 122.024 2
257.9 185.46 1
97.9696 216.532 1
105.545 233.386 1
716.311 248.406 2
643.94 310.286 1
346.386 329.896 1
141.087 331.079 1
488.318 348.298 1
721.57 390.196 1
500.515 394.611 1
170.155 417.593 1
409.421 143.686 2
301.494 384.608 3
58.7631 148.679 2
133.06 167.108 1
42.2354 316.856 1
254.528 316.49 1
97.5429 237.819 2
70.6028 241.28 1
117.707 241.744 1
410.572 246.733 2
201.825 279.964 3
218.951 278.004 1
633.233 328.939 2
642.589 332.596 1
530.129 330.864 3
616.741 410.48 1
560.831 425.485 1
158.437 417.146 1
494.256 358.173 2
157.638 366.587 2
116.318 362.707 1
393.399 282.039 2
90.41 236.471 1
403.974 255.162 2
538.004 369.326 2
557.012 421.335 1
143.627 262.476 1
528.276 156.968 1
313.689 429.221 1
154.912 170.701 1
98.8349 162.525 1
558.61 342.571 1
308.689 230.142 1
189.339 271.412 1
580.701 274.742 1
71.0904 386.067 1
630.594 211.087 3
533.435 154.208 5
443.536 376.601 1
310.776 441.867 1
146.259 258.71 1
74.8698 297.239 1
353.335 342.101 4
253.483 282.158 1
420.998 418.109 3
666.208 162.986 1
619.083 393.338 1
334.842 436.056 1
625.057 427.933 4
276.477 332.604 1
275.601 388.517 1
526.037 315.098 3
391.655 306.474 3
213.615 412.934 1
522.207 317.861 1
229.147 323.866 1
623.097 428.111 1
533.12 185.385 1
500.055 169.823 2
267.207 399.122 1
203.582 396.455 2
76.3067 426.269 1
644.994 408.37 1
549.893 373.12 1
341.996 159.9 1
239.833 303.733 1
437.845 419.472 1
437.144 271.193 1
365.669 278.739 1
286.943 393.707 4
215.154 332.153 2
240.285 289.731 1
175.305 165.671 1
465.344 423.215 1
94.8261 332.574 2
601.372 416.841 1
309.848 271.542 2
615.242 391.379 1
144.158 298.801 4
350.224 390.271 1
259.503 360.472 2
213.688 397.043 1
144.822 323.362 2
178.23 161.716 2
527.732 406.383 3
677.276 211.486 1
552.143 395.584 1
448.667 258.011 9
91.8537 287.629 1
650.076 259.565 1
624.532 136.946 1
538.459 161.573 1
375.223 121.681 1
148.03 311.431 1
381.674 179.647 2
112.933 377.751 2
555.537 272.47 1
165.247 317.346 1
446.67 79.2592 1
654.44 310.171 1
269.342 378.019 1
120.288 340.702 1
251.21 277.038 2
150.888 305.529 2
645.602 361.036 1
514.031 104.704 1
130.303 200.861 1
497.157 208.1 3
273.236 298.861 2
233.618 299.443 2
168.54 290.92 2
158.752 300.705 3
66.9425 311.669 3
159.049 270.319 1
641.776 263.253 1
28.2529 313.323 1
83.9321 332.26 1
714.332 150.564 1
723.347 155.871 1
42.6671 197.454 1
656.028 243.636 1
715.946 253.149 2
85.3379 275.14 1
643.396 315.982 1
99.495 381.522 1
120.341 384.637 1
721.917 395.289 1
701.569 349.647 2
68.992 249.472 1
82.4723 248.311 1
117.266 247.99 1
252.193 267.14 1
695.333 262.492 1
559.252 130.611 1
539.496 130.52 4
628.974 235.572 1
345.283 259.211 1
112.179 383.65 1
538.952 141.624 1
198.79 375.082 1
91.0304 246.084 1
663.073 308.327 1
392.243 252.266 1
121.787 243.772 1
205.867 281.361 3
521.634 99.7445 1
658.719 305.049 1
552.151 427.175 1
152.55 364.168 1
612.455 274.787 1
324.615 363.621 1
98.4606 138.595 3
549.455 421.67 1
225.096 176.488 2
247.049 205.978 1
210.666 336.988 2
101.929 317.37 1
349.531 349.315 2
207.236 326.179 1
611.52 397.279 1
287.873 327.482 2
228.248 307.115 1
190.225 386.988 1
544.395 223.266 1
561.52 477.055 1
362.942 457.541 4
239.722 307.908 1
522.47 423.293 2
335.696 449.429 1
272.61 436.743 1
617.58 281.451 1
521.128 142.002 1
274.552 338.756 1
209.337 332.182 1
558.346 449.873 1
221.651 396.935 3
187.834 159.504 1
385.012 408.817 1
227.057 288.522 1
501.83 304.757 1
430.928 190.472 1
432.177 85.0402 1
428.852 102.87 1
253.918 159.792 1
270.407 304.334 2
357.281 178.229 1
189.685 191.243 1
502.507 348.301 1
234.737 288.61 3
356.745 120.94 1
229.181 316.085 1
230.259 276.313 2
499.194 203.975 1
389.792 135.057 1
257.798 282.591 1
199.331 147.612 1
527.793 151.158 1
209.568 378.074 1
309.564 324.573 1
78.562 300.376 1
349.504 308.847 1
568.021 231.474 1
163.225 310.655 2
82.5594 133.332 2
504.467 367.162 1
107.812 381.091 1
53.2517 249.757 3
210.099 136.17 1
609.929 132.437 1
130.438 163.804 1
158.246 164.786 1
25.4121 258.09 1
184.376 298.375 1
252.385 310.023 2
161.005 235.978 2
582.544 244.256 2
721.039 250.457 1
641.495 326.986 1
160.19 161.146 1
40.5959 304.12 2
92.7516 282.316 1
550.354 161.188 1
527.44 368.842 1
283.808 337.346 1
204.735 338.907 2
555.212 127.425 1
144.299 368.338 1
102.575 340.678 1
437.695 290.656 1
541.809 425.59 1
613.803 353.578 4
633.56 424.555 1
221.911 318.31 1
148.055 296.904 1
262.488 279.019 1
510.04 142.325 1
529.309 418.767 1
249.598 294.371 1
528.293 335.399 2
321.838 168.248 1
323.818 212.231 1
551.095 477.092 1
488.387 449.214 1
427.939 334.938 1
213.041 384.071 1
231.733 291.776 1
319.799 404.356 1
168.276 297.388 2
441.436 170.069 1
491.439 99.2444 1
526.533 320.678 1
191.04 374.611 2
520.047 151.806 1
174.509 296.24 1
165.304 276.947 1
241.676 299.643 1
699.711 219.138 1
181.792 295.118 1
192.834 155.931 1
155.144 157.324 1
203.854 146.463 1
133.726 243.76 1
62.1189 245.445 1
