2609 12928
538.756 20.0045 1
29.1535 20.9146 4
32.6726 32.5512 1
32.7548 39.633 3
566.836 39.5614 21
32.6792 45.0307 2
32.7325 51.803 6
32.7637 56.6064 1
31.9316 62.3631 18
620.632 78.629 1
620.669 82.9971 5
511.222 89.1179 1
620.615 91.1628 1
512.531 98.4761 8
620.742 101.699 6
620.668 111.204 5
620.871 112.815 1
621.191 125.26 2
589.048 126.746 19
620.81 133.824 4
451.352 134.971 21
620.631 143.773 7
620.594 154.347 1
446.445 155.353 24
620.128 167.318 8
430.58 175.728 21
427.26 187.359 29
619.47 192.677 8
92.3055 193.685 15
84.9335 198.979 18
619.307 200.906 5
467.699 206.691 21
79.9523 212.254 1
69.8824 212.334 51
107.701 214.051 10
479.547 216.924 11
618.922 218.989 1
282.451 228.034 11
287.46 225.855 1
256.541 226.037 33
439.155 230.733 18
101.016 228.997 3
270.256 229.453 10
323.979 231.398 2
266.602 232.755 3
87.6659 235.237 14
298.155 233.022 9
443.291 234.434 9
38.8113 235.508 7
350.736 234.487 17
358.628 234.323 17
370.08 235.17 17
372.341 235.565 4
380.409 237.266 1
32.7018 238.249 6
244.9 235.213 29
342.599 236.792 59
340.992 239.516 11
239.044 240.351 12
292.728 238.76 35
110.336 245.952 37
232.122 246.56 11
618.534 249.261 7
422.564 253.405 3
217.714 255.717 33
618.898 255.763 2
202.783 259.608 27
518.95 264.722 26
535.492 265.581 28
460.622 265.955 27
537.753 277.431 26
176.182 282.685 1
537.913 286.891 7
616.929 292.123 6
456.364 293.056 6
450.534 295.991 12
618.277 297.189 2
618.439 308.318 7
151.079 310.454 50
33.3607 310.852 4
44.2086 312.253 11
151.189 314.339 1
618.511 314.331 1
422.021 317.376 23
524.425 317.511 3
431.745 319.828 8
529.032 321.239 1
534.628 320.894 6
618.502 323.741 6
36.8956 329.293 24
50.0756 330.879 11
510.906 330.17 28
33.5576 334.581 6
462.401 334.605 6
616.955 337.223 5
45.7498 337.983 5
616.985 342.229 10
518.997 347.417 4
527.37 345.913 39
67.7692 351.546 21
514.28 350.231 5
485.294 351.925 23
555.201 355.843 6
179.255 358.687 51
615.696 363.051 5
562.394 370.161 3
564.538 378.299 24
571.015 383.819 15
559.285 389.458 7
568.468 389.417 21
567.369 391.703 3
253.931 392.77 46
105.799 407.933 10
149.932 405.252 33
316.527 416.805 8
91.6408 422.568 5
332.955 419.84 15
328.852 429.316 23
138.393 430.497 18
28.4352 433.289 1
86.8463 432.533 16
97.1283 438.776 4
80.8802 441.236 4
609.768 442.318 10
115.065 447.907 6
610.636 449.562 4
47.6417 453.505 1
156.862 453.01 15
93.9583 456.31 4
101.282 456.267 2
113.514 455.795 9
119.598 454.327 5
43.1862 455.799 5
60.7915 456.89 8
74.8159 455.817 5
514.953 459.723 1
610.469 460.305 1
280.476 462.546 2
43.705 463.992 2
74.3109 464.967 1
78.6113 465.007 3
591.045 464.964 4
599.265 464.95 1
609.879 464.5 4
99.0894 465.437 3
104.968 465.65 1
563.632 465.662 3
571.712 465.537 2
117.835 466.114 2
126.46 466.284 1
504.803 466.776 2
534.617 466.307 1
544.595 466.241 1
160.059 467.091 2
495.03 467.47 1
498.847 467.338 1
512.576 466.924 1
520.681 466.867 2
173.136 467.745 1
183.357 467.788 2
194.119 468.271 1
204.442 468.383 2
449.373 468.073 1
456.807 468.252 1
463.476 467.948 1
468.776 467.884 1
485.192 467.59 1
213.929 468.575 2
262.705 469.214 1
414.63 468.858 1
420.898 468.87 1
429.46 468.76 1
440.033 468.504 1
290.639 469.47 1
297.248 469.391 1
310.133 469.388 1
320.335 469.772 2
327.489 469.783 1
335.337 469.846 1
342.355 469.862 1
348.182 469.628 1
377.509 469.553 1
385.529 469.305 1
391.988 469.264 2
398.13 469.32 1
403.671 469.238 1
408.291 469.201 1
180.634 21.0567 2
186.369 21.0821 3
216.161 21.1092 2
222.14 20.6425 5
229.652 21.1997 2
339.981 20.5947 2
161.331 21.4352 9
176.136 21.2157 1
196.066 21.3651 7
466.069 21.7526 1
474.735 21.7443 1
108.521 22.671 1
118.102 23.0796 12
131.073 22.2567 4
480.538 22.612 1
94.4933 23.1858 6
428.365 22.8944 6
487.248 22.9214 5
499.913 23.411 5
515.392 23.6821 5
529.542 23.4941 4
45.2159 24.0665 4
388.444 23.0696 5
540.59 24.0354 8
548.886 23.8386 5
577.615 24.3099 2
587.253 24.2883 2
32.5412 24.9583 6
24.2525 25.3144 7
212.281 32.0199 2
624.229 32.2358 1
162.969 33.3037 20
77.7539 36.7166 17
123.251 39.8413 26
36.7075 39.3395 1
165.611 39.9945 1
118.538 39.4409 9
184.335 41.1505 1
80.2594 43.5148 6
90.3626 43.3885 9
131.353 43.2543 4
156.878 45.6897 15
133.361 46.3994 8
142.168 45.7874 9
568.605 45.4766 2
36.4626 47.8282 2
180.155 48.1676 5
169.459 53.0003 5
146.643 53.6325 9
161.594 54.461 1
167.317 54.0975 2
24.5832 57.8513 13
28.8139 69.5437 4
612.314 78.5857 3
519.443 79.5278 7
512.884 81.3202 1
526.768 87.2672 4
488.984 92.5994 4
513.519 94.529 36
488.311 92.2398 8
532.873 93.6767 8
510.189 93.9458 2
502.193 102.375 13
520.37 98.9312 27
569.881 104.586 11
495.511 104.15 4
593.259 105.656 9
561.76 106.576 4
613.753 104.673 6
488.875 110.417 34
602.846 107.874 1
24.4463 111.548 3
506.61 110.506 12
560.924 110.855 8
611.058 114.363 1
602.945 115.398 17
536.461 116.603 25
595.561 118.961 4
441.471 120.952 4
607.849 122.013 2
24.3739 125.374 3
444.724 129.37 4
464.254 130.544 25
477.399 130.521 22
584.42 131.333 6
24.1548 129.872 4
602.529 133.84 2
523.519 135.2 12
516.813 140.249 11
595.795 140.409 11
608.137 139.44 10
455.983 139.676 2
600.774 140.892 7
23.8501 141.497 1
433.894 142.369 44
476.936 144.874 10
624.344 145.509 1
463.188 147.937 2
418.657 151.771 13
453.447 151.719 5
493.095 152.982 20
595.354 155.498 4
574.105 158.792 31
589.93 157.222 9
438.802 158.218 5
453.751 160.991 32
473.688 160.364 57
426.292 159.413 13
513.318 160.267 9
416.795 158.142 6
611.254 161.345 1
24.332 164.663 9
45.8244 164.049 9
464.32 166.243 26
487.589 172.84 40
564.854 166.233 1
554.353 169.82 69
476.113 172.105 24
579.289 170.421 5
450.695 171.765 13
474.833 171.217 2
546.871 174.015 18
450.899 179.803 21
24.7133 178.615 12
397.153 180.787 5
579.522 178.951 1
573.315 179.718 23
501.654 180.557 12
420.186 183.322 15
436.321 181.044 8
91.9331 182.725 37
117.508 183.827 10
473.044 187.828 14
578.502 188.242 22
394.66 187.263 7
77.9755 187.635 7
490.064 189.752 8
415.083 187.905 2
586.456 188.205 3
577.706 189.12 3
84.6897 189.994 7
392.955 191.941 4
564.462 191.978 9
24.7845 192.967 6
77.6589 194.48 6
108.703 194.47 51
622.971 194.976 1
80.0055 196.18 3
98.7469 197.469 26
602.856 198.56 19
404.07 197.095 8
457.837 198.81 2
558.45 198.979 1
609.649 200.633 8
76.8846 200.668 1
90.8082 208.075 49
445.361 203.765 15
104.535 204.186 12
392.371 204.118 39
441.609 205.378 4
24.1285 205.765 2
72.6608 206.779 4
84.3146 210.279 9
404.139 209.155 5
106.704 211.965 5
421.497 212.315 14
63.5059 213.528 1
24.3319 214.543 2
151.539 214.42 1
73.9934 220.204 19
415.405 217.871 10
109.886 220.361 2
438.644 224.359 30
261.449 222.488 4
622.544 222.174 1
254.854 223.395 1
483.637 223.416 13
246.316 225.778 5
547.977 226.596 17
24.7594 226.801 1
405.783 220.663 20
447.679 229.183 27
105.244 227.256 2
275.234 228.218 24
423.784 232.626 27
286.44 230.785 55
400.439 229.718 2
346.345 231.292 10
314.747 231.8 11
537.492 232.116 4
24.8836 233.708 1
411.539 235.59 8
52.3873 236.984 15
317.024 238.548 8
336.099 237.594 8
298.337 239.572 2
353.82 240.462 9
402.743 241.346 29
89.8675 241.163 2
281.301 240.822 8
436.775 241.951 9
158.325 242.647 3
330.039 243.352 39
366.155 243.026 4
374.823 244.67 22
500.762 242.915 11
242.789 245.139 4
286.872 244.267 15
454.1 244.757 9
593.352 244.062 4
24.9241 244.038 12
118.445 248.21 28
284.234 245.571 1
510.293 245.823 17
292.954 247.653 5
324.569 249.832 18
199.552 248.151 1
609.855 248.335 8
66.0649 249.5 4
81.5912 251.44 6
340.017 250.16 10
325.006 251.657 11
400.945 251.59 3
427.755 251.402 13
484.643 253.435 50
476.777 254.363 12
565.145 253.151 5
622.373 251.99 1
469.329 253.826 24
496.33 254.859 35
230.876 254.466 4
387.502 252.387 4
25.1434 255.226 4
329.626 255.754 8
427.509 256.84 3
143.586 256.39 5
95.6276 257.81 2
548.996 256.316 30
622.794 257.594 1
224.153 258.711 2
86.0405 260.057 10
464.089 260.038 12
209.869 266.082 27
447.266 264.526 4
459.293 266.115 3
387.336 265.645 5
502.645 269.445 49
126.001 268.652 4
224.035 269.195 11
475.848 268.772 1
512.423 270.639 34
528.765 272.477 41
488.764 271.477 1
232.683 276.12 17
461.661 276.492 38
404.087 274.842 14
390.425 275.793 3
474.428 277.715 3
514.749 275.989 2
544.256 275.882 5
37.0505 278.016 10
446.671 281.605 10
43.7325 284.154 7
573.974 282.912 21
254.575 283.664 21
392.709 283.418 2
176.048 287.716 11
536.672 284.282 6
544.653 283.545 14
591.924 284.522 8
441.961 286.223 4
514.692 289.421 43
174.934 292.514 11
461.618 288.527 6
501.513 287.524 6
556.112 288.774 2
199.899 291.859 37
455.452 297.373 13
165.635 298.163 16
439.319 301.362 4
198.867 302.127 3
533.956 302.963 20
529.478 302.604 2
75.8486 307.295 8
580.136 304.512 15
197.095 306.469 4
136.803 305.595 34
589.041 310.338 21
597.145 309.532 5
605.242 308.427 8
510.073 310.498 29
529.104 308.746 3
436.885 309.024 4
442.772 310.232 17
448.772 310.333 1
26.9658 314.622 6
150.313 319.453 7
221.979 318.957 1
442.037 323.555 46
538.62 319.839 1
416.065 321.996 16
229.38 324.085 13
218.752 325.968 3
115.634 325.789 32
109.165 327.315 1
218.522 327.357 1
482.298 329.549 15
516.194 329.476 2
43.0075 331.404 11
153.955 331.996 18
215.362 335.856 3
54.7735 337.334 30
36.7383 340.116 16
169.066 340.479 7
212.602 340.56 1
466.832 344.412 33
611.461 346.58 4
158.838 349.456 24
209.596 348.597 6
475.348 349.648 11
531.557 348.459 2
549.185 350.199 13
522.473 350.892 7
545.089 356.536 14
76.0398 351.791 27
561.786 352.597 3
28.5882 352.857 15
142.926 355.823 21
515.036 357.068 6
159.97 356.883 16
128.388 358.78 13
505.01 360.129 16
30.1038 358.453 8
620.553 358.653 2
184.686 359.246 9
100.585 361.381 5
541.634 360.403 16
567.412 369.388 28
541.569 371.219 17
30.1515 373.563 12
216.477 380.432 7
559.911 380.336 7
232.897 387.54 23
576.637 385.779 2
570.98 396.53 4
242.691 396.27 11
250.655 397.61 9
86.6689 401.213 16
130.374 402.166 11
186.822 402.993 25
196.891 404.056 12
175.605 404.457 28
95.8831 407.355 14
207.923 409.895 22
174.558 412.184 2
92.6047 412.446 5
106.614 414.961 21
155.368 414.583 4
296.532 416.055 16
125.103 417.111 21
65.0675 417.524 7
101.485 416.887 3
326.748 419.031 9
116.585 418.913 8
339.477 418.669 1
320.179 421.453 26
309.012 420.179 10
333.156 419.687 1
44.3132 424.147 22
60.9102 422.024 4
340.16 427.058 19
108.045 425.03 1
332.235 425.332 11
90.9019 428.864 4
36.6943 430.944 5
85.1602 431.832 4
252.389 432.165 9
263.307 431.574 5
98.3717 431.977 4
50.8428 432.69 14
272.71 432.599 11
293.845 433.034 33
302.217 434.389 5
336.751 435.331 2
104.567 435.998 1
140.763 437.442 2
71.7025 438.946 7
531.951 441.142 2
539.043 441.077 6
550.419 441.007 9
572.188 440.608 1
454.281 442.258 12
485.012 442.051 11
523.048 441.899 11
563.817 441.635 11
599.257 441.687 4
92.6081 442.486 1
283.973 443.029 7
471.737 442.386 16
33.436 443.266 10
293.283 443.605 3
151.024 445.435 4
230.903 447.232 3
220.293 447.019 3
60.8662 449 11
241.069 449.447 10
499.706 449.078 10
150.879 455.356 6
52.864 455.736 10
550.381 455.33 1
583.125 456.434 4
543.182 456.823 4
569.737 456.744 6
165.719 457.937 1
485.059 459.033 10
532.544 458.526 6
38.8052 460.354 2
48.7874 459.78 4
107.479 460.008 1
178.53 459.794 1
563.463 461.184 3
34.8647 463.151 7
543.409 461.706 2
579.006 461.678 2
260.663 462.274 1
509.597 462.503 3
400.11 463.381 1
410.392 463.49 1
455.245 463.426 1
285.26 464.328 1
395.417 463.887 1
418.747 463.869 1
429.778 464.195 1
439.429 463.713 1
490.107 463.661 1
353.981 464.696 1
362.364 464.861 1
379.57 464.552 1
321.722 465.277 1
37.7453 467.352 1
46.7816 467.55 1
278.581 467.579 1
482.758 471.244 1
617.242 26.7008 2
149.762 47.8664 22
598.757 124.157 17
90.8502 161.42 26
425.963 175.479 30
429.17 209.552 4
96.5015 237.117 39
391.093 237.329 15
62.8685 243.557 25
210.309 256.957 3
134.163 262.05 47
41.0952 290.599 13
297.513 312.733 33
32.3955 343.597 10
321.182 360.447 1
201.097 365.133 27
326.681 378.67 22
235.788 388.251 22
251.972 390.6 5
123.359 394.668 16
108.817 395.936 34
136.307 398.832 23
76.9967 417.927 5
339.827 428.15 14
242.585 444.414 26
494.777 97.2254 10
589.313 101.048 21
553.984 105.329 18
509.775 132.253 44
457.436 164.732 3
419.28 173.512 8
472.382 218.425 34
111.251 247.887 1
123.959 258.934 13
551.83 284.811 41
430.031 305.567 54
69.6736 355.54 13
500.098 354.301 22
56.176 456.251 3
556.874 463.813 1
130.086 465.843 1
482.155 467.318 1
258.58 468.441 1
307.151 468.415 1
160.885 24.4279 1
193.239 23.8108 1
290.74 24.0628 1
332.548 24.8599 1
119.378 25.3949 1
268.715 25.0341 1
353.703 22.4399 3
407.551 25.2235 1
418.013 22.8979 3
457.555 25.9968 2
482.354 25.7372 1
514.402 26.7158 1
539.935 27.017 1
27.4816 29.0592 1
605.058 28.2407 1
612.583 28.3898 1
173.573 41.2494 4
120.805 41.4739 2
40.6782 45.7157 1
103.949 45.7431 20
185.405 48.4441 2
554.588 48.1824 7
39.7612 57.5823 1
27.2145 58.5407 1
535.391 85.8996 40
511.832 96.7166 2
526.219 104.483 21
570.603 105.942 3
595.387 107.445 2
489.18 110.3 2
509.374 111.927 2
27.4687 114.558 1
521.763 140.943 4
590.274 149.007 19
454.721 152.71 2
598.784 158.104 10
515.38 160.552 1
574.369 161.482 7
27.4108 167.043 1
47.9623 166.282 1
468.266 165.21 3
478.084 172.903 4
579.514 172.472 1
452.178 176.419 1
423.768 183.678 16
27.0602 178.988 1
503.81 180.919 7
442.493 185.905 11
472.94 195.289 15
626.061 195.322 1
395.389 198.053 6
90.8431 206.576 2
103.788 206.352 1
449.658 208.264 10
68.5052 210.236 1
417.749 218.761 4
76.144 221.944 8
434.688 230.091 25
625.448 225.105 1
550.475 227.447 4
449.336 228.455 2
347.174 234.859 3
27.8142 240.046 1
405.636 242.911 9
237.498 239.931 2
303.073 242.725 5
250 244.086 4
352.514 244.956 3
377.532 249.137 25
438.809 243.899 1
34.121 244.385 8
121.131 245.916 12
73.4788 250.583 5
289.322 250.528 4
90.2003 251.059 15
429.554 253.156 3
389.163 254.984 1
625.817 254.949 1
216.343 256.344 15
497.627 256.987 5
550.856 255.704 2
564.438 258.279 2
188.241 258.528 47
133.29 266.671 13
390.909 264.443 3
553.927 266.889 6
210.579 271.913 14
529.515 273.405 4
27.3312 276.612 13
446.423 285.7 1
595.047 287.838 2
175.643 292.129 1
465.857 291.036 3
513.964 292 4
563.654 294.86 4
461.766 298.645 9
410.324 301.919 11
27.7295 301.132 12
226.939 302.557 3
582.193 306.36 1
137.739 306.99 1
199.386 307.407 3
49.3675 309.229 4
73.0306 309.288 4
163.785 308.032 10
189.054 308.447 19
602.499 312.533 3
511.311 316.987 9
29.9519 316.86 1
155.29 321.763 2
437.353 328.12 21
55.4203 339.211 2
621.058 346.573 3
166.727 346.462 16
215.572 348.946 14
480.275 350.873 1
78.7711 352.469 12
566.655 354.452 1
129.545 359.901 3
161.488 359.371 2
188.991 359.687 2
324.236 363.193 8
504.02 365.25 7
102.653 364.342 5
180.801 371.922 7
570.003 372.493 11
57.0636 371.056 11
32.3228 376.402 2
566.158 382.112 5
550.8 379.864 26
340.256 385.598 40
30.5251 394.863 4
575.566 395.93 1
241.326 399.261 2
139.803 401.28 4
96.8559 408.461 1
109.643 407.719 1
119.307 409.288 10
127.685 419.425 5
295.575 419.674 12
64.4111 421.4 1
322.954 423.034 4
44.6744 429.112 5
341.083 428.68 1
183.594 430.717 6
566.324 443.784 1
172.009 443.965 4
245.909 445.515 2
471.838 444.05 1
35.0152 445.76 1
282.833 447.038 1
617.121 454.615 1
490.092 456.938 1
587.541 456.954 7
170.216 457.358 4
64.6133 466.518 2
585.772 81.1706 2
246.628 230.704 12
170.377 263.371 13
559.967 270.672 9
229.83 285.076 8
112.477 294.038 6
157.726 331.381 18
547.912 356.867 8
100.115 367.718 3
611.66 383.179 2
237.028 405.251 8
62.7216 405.574 4
153.135 422.998 6
310.501 424.406 2
227.637 431.281 15
247.977 434.29 1
274.48 434.966 2
606.133 445.444 2
503.411 447.966 7
88.5577 469.573 1
17.8375 48.7932 1
18.9616 71.0707 1
509.054 136.193 2
619.177 129.897 1
577.024 164.984 1
490.048 179.047 20
616.474 195.532 1
406.362 221.628 4
390.121 224.903 19
154.683 234.433 37
506.154 259.838 5
78.999 295.089 18
20.1368 300.334 1
615.168 320 1
511.951 324.907 4
69.5239 359.708 1
203.441 387.389 3
569.674 386.676 4
163.67 432.059 2
607.073 460.067 2
164.496 28.6933 1
188.117 30.0038 1
222.266 27.9362 1
272.041 30.3187 1
335.875 29.8586 1
355.366 30.3819 1
128.354 30.3532 1
461.654 31.4633 1
485.838 31.5716 1
545.906 32.4711 1
610.626 32.925 1
90.5185 35.3952 2
31.8825 36.5681 1
107.216 49.6323 1
49.1567 51.3125 1
192.755 52.3144 1
540.836 88.5837 2
494.388 112.27 3
530.455 111.546 1
573.375 119.638 3
33.6234 129.377 1
435.376 145.753 3
531.522 147.678 31
87.7309 176.07 1
34.466 176.74 1
553.556 177.984 5
517.224 182.362 9
449.645 188.916 22
479.323 199.93 6
430.02 204.277 2
89.5162 213.182 3
428.485 234.453 15
458.503 233.749 2
244.71 235.825 1
341.722 239.647 2
100.23 244.329 12
335.283 244.685 11
407.62 246.39 1
123.102 252.632 2
254.361 253.764 3
306.551 252.5 1
354.761 254.364 1
485.165 262.088 21
190.285 260.719 2
136.323 271.391 4
567.57 271.655 3
212.908 275.39 1
533.805 277.257 4
235.268 290.921 2
452.057 289.64 1
516.943 295.072 1
119.863 296.502 5
40.5112 296.916 6
469.632 301.147 4
172.682 304.868 4
77.4458 313.864 3
588.602 315.286 2
162.326 328.883 2
440.944 330.945 2
229.314 334.108 10
36.7962 348.26 3
83.2196 351.394 3
174.341 355.163 10
550.713 362.365 3
105.502 369.976 1
583.523 375.124 4
64.5749 382.538 1
547.218 385.046 1
265.553 391.449 1
112.378 397.002 1
84.6381 406.745 1
190.197 406.816 1
40.6777 411.347 1
321.474 427.646 1
348.727 430.746 2
233.326 434.881 5
278.697 437.815 2
261.742 451.193 1
42.5383 453.272 1
500.933 454.6 2
116.701 199.199 5
597.095 319.966 2
300.386 335.556 44
247.46 413.45 2
598.926 455.891 2
561.562 456.23 1
587.999 64.9629 2
496.519 179.249 1
380.533 268.885 1
392.818 304.563 1
476.504 316.873 17
560.009 367.88 1
189.814 389.219 1
364.805 435.66 3
552.1 38.8488 2
165.336 44.0163 2
112.101 48.6107 1
562.362 96.2013 1
597.875 94.0387 1
498.725 123.476 12
45.9931 133.669 1
577.82 135.581 1
49.5849 187.822 1
424.868 184.192 5
563.891 186.035 2
477.421 200.633 3
45.3163 233.39 2
267.108 266.923 1
419.108 268.144 1
303.635 276.398 1
495.043 275.616 3
580.577 274.348 2
47.9225 304.862 8
182.781 308.891 1
600.368 325.389 1
240.971 346.443 1
445.15 345.01 1
53.9786 357.616 1
521.128 381.184 1
595.86 381.005 1
52.9491 416.988 2
196.559 430.944 1
508.321 214.495 1
422.92 273.175 3
366.376 425.033 1
181.8 391.197 1
515.18 128.275 1
78.0711 204.54 1
518.502 220.011 1
282.931 364.489 1
361.145 301.158 1
460.382 159.917 8
249.585 233.516 2
334.373 249.877 5
147.346 314.174 2
491.625 352.694 8
546.871 368.123 9
241.919 437.166 6
246.618 438.217 3
79.3356 455.81 1
84.3736 455.917 3
197.612 28.7646 1
98.2108 45.8186 4
36.4046 58.4021 2
590.006 79.4874 5
441.766 141.436 17
535.787 144.097 10
456.804 147.256 20
501.652 171.618 5
609.709 187.924 5
482.406 187.529 4
561.138 192.35 1
411.769 196.781 11
142.333 208.047 28
430.586 226.896 3
327.924 233.064 9
32.199 244.702 2
235.73 250.411 5
460.403 252.405 10
103.366 256.954 4
110.784 255.558 2
553.392 262.331 5
440.036 264.642 22
120.424 272.495 2
25.9271 275.455 2
537.353 275.412 3
225.796 283.638 3
159.379 308.595 1
423.257 325.115 6
528.219 331.074 2
28.1761 341.079 6
134.884 358.696 6
482.463 359.598 4
58.2178 368.797 3
256.067 403.43 4
87.3885 411.746 3
293.069 417.146 1
89.1582 438.508 10
584.668 441.534 1
130.415 447.382 5
117.302 452.651 1
581.321 80.9215 7
601.842 80.1802 10
546.786 280.874 10
76.3417 404.632 4
161.15 409.849 6
502.845 445.869 1
95.1723 191.606 2
63.1033 245.555 2
595.668 110.744 1
565.513 113.732 2
514.671 163.981 1
88.729 165.545 2
79.3408 168.177 2
576.606 176.338 3
451.125 179.598 1
109.809 200.157 4
406.178 215.153 2
417.127 222.634 1
143.544 245.111 18
301.221 247.284 1
438.325 246.902 3
376.352 248.443 1
89.5761 266.786 6
194.644 280.066 4
457.228 282.447 20
548.81 286.207 12
444.665 289.862 1
558.41 299.319 1
586.476 310.756 2
198.776 310.536 1
416.642 327.022 8
499.924 338.071 9
464.217 346.666 16
519.717 362.829 9
598.005 369.366 4
573.614 399.48 1
188.997 402.918 1
79.9134 407.807 9
117.859 411.43 2
563.553 91.3855 3
476.573 196.611 1
290.085 234.243 7
333.053 243.989 3
402.352 270.381 1
228.65 327.515 12
177.693 380.046 4
350.387 395.778 29
113.239 171.596 2
145.582 225.365 5
398.416 309.858 1
216.442 317.517 14
556.029 366.333 1
107.03 375.133 1
65.8816 389.955 4
266.838 396.487 13
528.574 153.475 2
485.851 202.462 3
86.1349 221.103 5
305.407 258.817 2
251.125 262.301 1
353.31 261.111 1
487.866 264.376 6
132.686 271.475 7
451.454 293.049 2
235.032 296.137 2
470.78 309.736 6
440.7 334.725 1
228.429 337.561 18
515.542 372.847 1
184.371 378.745 4
497.159 121.372 1
409.019 258.328 1
125.922 300.259 1
381.155 278.074 1
304.34 288.677 1
595.437 144.176 1
602.724 202.394 2
467.278 124.053 3
622.731 309.504 1
450.711 156.778 1
418.22 192.488 4
407.92 202.226 9
570.669 375.09 2
447.491 316.881 7
152.394 34.7227 3
436.269 318.462 2
332.142 234.332 2
324.588 255.331 3
24.3185 35.9659 4
24.6327 45.4176 3
112.09 209.144 5
195.205 298.1 3
314.222 462.598 4
152.865 355.161 10
26.2276 289.893 6
27.0374 305.382 3
31.5476 406.095 1
52.1749 424.167 7
51.4702 437.552 5
32.6797 423.152 7
32.8385 428.317 5
569.518 24.2856 1
585.068 68.6181 2
593.278 77.2462 1
538.428 44.3448 5
578.891 102.457 3
549.182 111.91 1
528.417 104.129 8
543.367 132.354 4
505.6 96.2718 1
526.666 127.635 18
598.81 206.965 5
504.52 121.814 21
519.048 136.347 2
606.297 254.228 3
502.952 168.612 1
561.476 284.701 2
616.005 354.227 2
614.635 375.151 2
598.966 364.564 3
448.183 218.969 7
558.171 359.071 5
386.673 212.427 22
536.391 361.723 6
568.802 395.226 2
500.468 335.034 2
457.708 310.305 12
471.043 323.878 13
417.195 297.221 11
454.561 336.763 8
473.126 358.476 10
154.169 37.9465 4
421.936 305.137 4
405.202 310.57 4
514.931 442.469 10
310.472 240.057 7
505.332 441.856 1
100.862 43.6428 1
507.752 450.693 3
273.815 238.038 14
255.799 234.028 4
437.294 441.849 4
293.297 303.606 3
387.979 401.435 21
304.458 320.68 8
311.5 327.111 8
321.369 336.228 9
327.123 342.933 4
358.021 376.451 14
269.017 290.656 16
333.49 357.254 14
343.622 364.701 2
245.66 281.466 4
357.434 394.249 4
346.933 389.694 3
333.989 380.994 2
313.872 364.17 23
122.875 187.799 7
107.448 182.517 7
158.579 233.018 4
342.879 436.459 2
141.384 237.686 6
349.516 445.136 2
150.457 254.837 1
118.704 242.898 3
313.517 438.958 4
268.812 411.757 2
197.473 374.759 18
204.781 380.559 15
137.999 316.041 3
259.738 443.606 14
243.001 430.457 8
173.928 364.992 1
232.274 427.605 6
53.8095 248.627 9
217.817 417.464 7
190.643 392.734 3
253.125 454.997 2
215.322 442.708 14
153.337 398.071 2
141.682 410.552 4
46.7694 319.327 5
32.254 309.488 1
38.9315 324.273 8
52.0401 349.698 8
126.255 430.54 8
23.5216 345.89 1
59.4063 401.645 4
101.127 443.867 8
111.263 453.276 1
448.602 222.39 3
428.955 440.412 9
147.912 416.173 6
53.0748 445.245 12
570.844 185.484 2
436.961 167.589 9
425.498 189.934 1
46.4242 284.252 6
535.501 44.8829 3
536.047 112.775 1
503.273 128.068 6
460.252 207.164 15
469.201 220.665 6
593.369 369.456 2
420.792 202.111 4
461.293 279.062 1
436.473 267.784 3
463.699 293.172 1
554.438 390.08 1
450.931 337.762 2
348.072 244.899 3
285.092 249.673 1
273.245 243.449 1
413.651 424.014 10
386.899 403.227 5
317.414 335.489 4
357.335 380.023 2
267.599 295.932 3
335.57 361.271 16
253.906 287.432 1
312.747 367.771 7
131.291 197.915 8
141.959 212.916 9
109.34 186.764 2
253.799 406.062 2
200.746 380.09 5
134.973 320.514 4
243.13 432.793 3
99.4503 305.309 25
76.4114 294.689 7
138.528 358.011 3
100.368 330.688 15
116.826 394.551 8
66.2309 354.099 1
57.7713 405.584 8
472.604 162.146 3
563.996 264.62 4
110.124 189.741 2
96.1268 183.406 2
147.233 309.724 8
193.572 358.193 1
239.892 403.2 4
502.068 139.645 12
561.871 278.027 6
493.588 238.618 14
548.723 365.535 1
426.336 309.478 2
110.431 173.261 2
261.356 397.084 4
97.3206 252.026 7
212.151 363.729 1
160.328 334.267 1
528.678 114.911 1
550.041 237.888 1
429.449 148.623 10
545.703 293.216 5
480.354 262.22 1
427.661 235.548 1
537.828 386.424 1
512.364 371.81 1
372.552 257.285 6
458.187 349.332 2
433.798 333.458 6
350.586 258.626 1
300.791 258.419 2
241.12 238.085 1
253.128 295.893 4
184.424 264.193 4
139.877 221.26 14
174.383 300.143 1
120.118 253.997 12
182.072 379.888 1
133.329 368.091 1
512.95 186.171 1
311.967 360.413 5
466.066 198.557 1
420.966 263.066 1
561.445 280.869 15
540.514 270.75 1
448.928 320.957 2
297.124 460.792 1
202.162 24.8954 1
31.5737 389.896 1
30.4164 367.272 1
27.2135 295.509 2
25.4896 51.5704 2
605.88 294.739 2
603.138 189.774 2
594.654 196.752 6
590.313 194.326 3
584.882 241.618 1
542.834 104.467 3
535.607 350.535 7
530.08 463.131 1
507.725 146.475 15
507.622 158.724 4
501.141 113.547 5
496.391 292.898 10
496.945 166.922 15
493.574 174.353 10
473.072 133.192 1
460.624 181.249 6
453.433 250.581 6
454.992 256.522 2
445.081 273.769 9
433.647 294.286 5
426.776 431.879 6
422.997 426.45 1
420.123 171.817 1
416.558 421.623 1
410.782 416.356 1
406.775 218.535 1
403.148 411.001 1
403.946 294.864 3
399.688 287.747 3
395.904 279.18 6
395.776 241.758 5
396.018 251.057 7
394.1 272.781 3
389.182 187.875 1
382.012 199.964 7
385.218 275.425 9
381.905 250.133 1
379.347 242.739 7
378.162 391.165 2
369.299 384.01 1
356.012 239.852 2
337.84 359.465 1
316.043 247.08 6
314.647 354.777 10
312.087 348.335 14
289.694 222.648 4
286.699 237.399 1
285.281 299.19 3
280.768 414.756 2
258.038 232.815 1
256.347 461.709 1
225.565 388.485 1
218.515 293.891 13
188.968 315.548 1
180.149 355.247 4
167.576 32.0727 1
163.368 418.825 2
145.092 217.866 12
146.535 330.114 8
147.408 434.91 6
139.664 424.121 6
141.323 265.533 6
136.764 423.694 5
134.883 195.587 3
120.475 460.342 1
117.712 418.113 2
107.025 306.87 3
104.078 43.3006 2
94.2333 53.2411 3
93.0177 460.78 5
91.0108 43.0388 4
88.3531 373.888 4
86.4953 367.462 1
73.8807 460.375 2
67.8586 221.112 4
65.8082 231.958 6
62.986 460.528 3
57.2848 214.348 7
41.6971 303.706 6
529.544 189.379 7
214.535 314.227 8
207.855 337.081 4
170.62 457.084 2
426.198 319.521 1
155.964 335.618 1
527.096 188.795 3
508.113 149.812 4
497.563 296.488 1
456.107 313.907 1
437.037 275.599 9
428.71 296.685 3
384.738 189.32 5
326.961 421.347 1
309.455 246.086 10
311.649 352.336 4
274.701 416.876 1
271.703 239.892 1
259.378 289.001 3
245.713 401.731 5
216.112 296.396 1
206.031 339.974 1
201.547 407.815 4
196.832 355.019 2
176.931 356.844 3
144.378 332.498 1
137.089 239.947 1
118.246 187.12 1
119.465 259.76 3
105.6 246.389 2
96.893 176.441 4
96.2216 200.133 2
87.0838 46.2013 2
80.888 238.553 1
53.298 214.16 1
48.0352 351.583 1
567.245 118.575 7
527.167 175.929 1
505.146 130.661 5
161.345 426.71 8
557.528 274.345 1
544.928 364.548 1
480.944 178.569 2
259.251 395.934 1
168.577 300.668 6
529.534 379.671 1
526.563 110.91 1
517.206 184.072 3
516.693 369.9 1
476.181 259.728 1
452.751 213.754 2
387.44 220.788 8
374.963 195.065 1
346.597 395.566 1
301.513 254.514 1
260.531 247.743 2
246.156 290.773 8
234.226 334.451 1
206.479 314.752 2
140.826 310.453 1
136.684 220.335 3
138.657 366.257 2
104.838 269.961 3
461.857 321.198 1
406.794 288.264 1
367.12 169.978 1
364.316 217.488 1
357.528 279.528 1
576.266 457.348 2
527.146 458.975 2
622.697 296.005 1
34.0647 455.933 4
615.009 384.164 2
518.252 436.734 2
490.659 447.193 1
483.051 452.451 1
586.786 281.964 13
492.566 357.844 3
517.41 302.378 2
515.86 281.271 1
457.201 285.465 1
469.918 270.223 1
454.19 262.036 1
395.825 299.221 3
430.483 237.945 4
432.443 218.208 3
452.733 198.803 4
425.458 223.002 2
480.531 161.424 3
380.364 260.074 5
473.224 165.361 1
445.571 169.888 4
525.818 82.0471 1
502.347 105.748 3
170.558 426.341 6
414.96 180.568 1
483.523 104.558 2
387.388 191.092 3
551.973 25.5456 1
339.219 227.816 3
322.253 239.34 1
412.092 147.347 5
196.999 359.067 1
524.893 28.7426 1
203.696 348.256 2
171.829 361.89 1
185.277 340.302 5
80.2458 425.749 3
226.739 270.64 1
270.27 221.189 2
37.6527 423.001 1
77.0343 251.259 1
32.3047 294.073 3
85.3964 240.229 1
32.6232 287.484 1
99.9287 171.899 1
178.562 40.0488 4
592.873 300.24 5
472.089 175.907 2
555.67 359.243 2
591.134 298.76 1
507.637 326.597 5
427.557 315.593 2
427.214 300.143 6
532.711 171.411 3
479.512 222.801 1
393.334 295.42 1
488.598 173.501 3
391.319 250.736 3
492.011 95.9334 2
413.876 173.441 1
464.626 119.552 13
448.342 132.748 2
334.639 225.859 3
406.157 149.173 6
417.206 138.588 4
42.5337 434.746 1
143.955 328.198 1
195.393 260.022 9
73.915 247.392 1
54.6157 208.742 3
271.085 417.454 3
401.675 221.25 2
531.454 71.0838 1
471.751 96.7336 6
78.2931 234.384 5
508.15 291.718 2
469.85 196.232 5
430.271 143.354 1
223.305 332.058 2
153.654 328.091 1
74.5769 346.283 2
537.495 380.184 1
458.758 214.169 3
484.23 172.784 1
430.791 230.042 1
501.725 132.741 6
375.318 257.01 1
191.896 376.414 9
464.284 94.245 2
391.833 161.841 2
236.159 234.344 2
92.9712 303.489 1
86.0574 212.854 1
401.72 278.093 1
472.482 205.553 1
220.762 338.564 1
361.265 266.284 1
366.94 212.425 2
512.951 260.369 8
467.16 107.663 2
76.9666 165.269 2
53.9093 165.936 3
467.69 176.777 1
415.154 202.649 5
605.111 213.529 3
298.293 244.285 1
88.6676 245.503 1
554.903 294.613 1
81.1985 363.972 3
231.118 241.99 4
164.224 262.707 1
111.256 290.906 1
407.418 316.025 4
234.726 430.237 1
52.7185 155.99 4
475.234 240.021 8
488.808 242.245 4
525.01 107.655 1
525.628 146.844 4
514.334 171.466 7
46.3122 173.18 3
448.812 182.42 3
490.799 195.62 1
76.3772 229.02 4
96.3049 241.677 2
390.816 243.671 3
36.5404 250.471 1
249.554 251.178 1
376.016 252.928 3
437.875 250.75 1
288.253 254.435 3
107.723 266.193 1
89.7494 271.348 3
229.551 291.449 3
443.521 294.227 2
198.184 314.458 1
508.542 321.419 5
520.405 365.82 1
506.301 368.144 2
551.397 384.936 1
143.294 220.585 2
225.912 333.653 3
61.7169 384.292 2
423.734 177.209 1
86.242 185.58 1
556.469 181.718 3
450.121 193.572 1
112.202 203.458 4
490.53 210.487 2
83.3992 231.638 1
486.022 269.754 1
292.676 275.696 1
128.718 298.513 1
170.319 315.145 2
411.25 269.232 6
131.07 302.767 1
543.37 269.526 2
583.152 71.8186 1
550.38 167.305 1
415.701 201.054 2
448.538 260.821 2
348.041 243.743 3
152.455 246.056 5
197.579 302.656 1
135.959 318.533 1
150.197 343.646 9
182.074 427.423 1
562.719 87.6826 4
232.115 399.936 3
143.35 251.302 2
270.828 395.043 4
546.857 233.739 5
446.849 181.848 2
443.237 210.992 3
418.185 204.686 1
573.975 359.749 2
433.354 272.552 1
544.395 382.569 1
343.664 252.231 3
282.529 252.491 1
246.413 247.878 3
85.3773 168.252 3
251.761 292.853 4
140.897 216.896 1
170.359 297.393 2
131.272 327.571 2
171.989 407.152 3
55.1323 375.633 2
312.261 357.576 1
415.586 291.517 2
90.1683 347.702 1
109.934 376.357 1
526.522 156.976 1
540.313 299.856 3
481.52 266.379 3
343.757 266.913 1
432.576 340.111 1
294.136 267.656 1
251.062 259.021 1
293.403 337.52 4
235.176 300.656 1
116.075 261.565 2
128.52 277.119 7
414.891 252.746 1
33.4099 436.081 1
597.056 103.858 1
533.832 38.8379 2
503.195 296.57 2
439.462 165.803 3
466.558 271.869 1
423.929 197.27 5
459.466 317.615 1
379.393 207.274 10
307.788 20.9309 1
242.145 21.9153 1
306.382 238.327 2
309.588 346.968 2
295.123 332.751 1
147.396 255.573 1
104.164 359.267 4
37.1702 241.375 1
384.556 228.476 3
532.245 45.8516 1
539.833 302.507 1
540.709 379.809 1
455.813 207.784 4
427 269.804 1
382.599 213.711 2
266.538 242.204 1
309.734 367.133 2
263.994 292.792 3
211.328 300.666 2
126.289 243.365 4
156.763 365.335 2
77.3217 242.764 4
103.105 327.798 3
72.8845 295.334 1
305.67 248.616 1
261.771 239.965 10
208.43 305.302 1
465.969 323.845 1
414.707 193.512 5
166.199 358.082 1
496.144 136.202 4
471.372 261.029 2
428.811 335.009 2
367.432 208.367 2
366.156 261.443 1
295.325 258.187 1
242.802 295.702 2
177.468 264.794 1
136.351 312.47 1
421.105 236.662 9
406.885 194.582 2
342.965 210.99 2
456.965 246.676 1
433.237 193.094 1
555.475 252.108 1
536.18 175.256 1
469.96 350.404 1
501.462 93.1105 1
432.892 285.586 4
394.207 256.283 1
409.733 149.11 1
214.917 414.998 1
214.441 280.021 10
51.8457 325.372 1
51.6173 243.328 1
57.0133 209.658 1
156.922 448.55 1
450.135 283.942 2
425.715 199.596 1
525.354 359.163 1
495.363 362.105 1
494.107 294.132 1
503.924 142.525 1
452.414 311.209 1
404.264 176.944 2
412.685 138.682 2
403.004 148.801 1
267.475 238.248 3
94.6656 287.82 2
171.127 43.9404 5
83.8663 46.7219 1
522.569 173.275 3
424.918 275.992 2
464.342 98.8729 1
195.548 378.536 1
461.941 237.795 1
494.826 128.796 3
416.877 274.015 1
450.961 98.3884 1
341.137 391.751 1
380.728 220.68 2
367.861 257.889 2
301.243 341.786 1
143.467 269.88 2
475.349 308.354 3
403.85 284.468 3
344.467 274.789 1
345.958 212.298 1
26.0962 285.099 3
531.197 434.584 1
478.916 435.151 1
465.457 435.576 2
506.147 280.181 2
290.941 410.462 1
604.264 181.364 2
500.621 231.34 7
475.502 244.873 2
247.723 380.265 3
538.371 169.186 2
589.831 120.003 1
533.262 74.9475 3
101.534 388.832 1
239.859 220.032 2
40.4439 341.912 3
97.1871 224.753 1
39.6606 156.951 1
493.692 435.977 2
523.453 76.443 2
107.836 273.449 4
50.1543 156.234 1
301.249 420.848 1
562.87 116.587 1
587.874 295.393 2
495.122 349.88 3
566.993 294.764 3
472.724 315.723 2
304.524 408.067 1
498.024 229.643 1
469.526 238.341 4
387.566 283.373 1
466.907 213.619 5
529.954 168.936 3
410.162 168.261 2
384.748 181.126 2
330.57 221.324 1
462.859 116.595 1
496.704 79.8708 3
488.501 86.7808 4
414.273 134.141 1
149.206 229.085 2
78.1909 230.132 4
60.4915 236.838 1
70.5849 151.996 2
140.042 243.912 1
453.658 230.069 4
111.92 299.898 2
202.801 310.59 2
388.708 151.139 1
99.5748 269.778 1
132.913 211.629 1
398.804 269.16 2
21.0484 248.179 1
584.581 110.453 1
475.881 112.263 2
437.758 162.082 1
37.7442 167.627 1
67.0576 170.091 4
24.337 169.178 1
386.701 238.481 1
31.2129 248.882 3
85.9533 264.945 3
244.913 288.418 5
441.193 292.124 1
154.269 348.285 2
66.1196 372.615 1
539.735 376.18 3
577.162 377.405 4
216.588 343.115 3
256.97 409.374 1
46.3234 279.325 2
61.6029 324.857 3
102.798 374.273 2
272.116 396.306 1
567.502 122.738 2
420.364 160.177 1
45.2126 178.932 1
405.583 251.969 10
35.8755 256.315 2
289.596 262.888 2
343.983 263.254 2
116.449 300.35 3
228.593 297.272 5
187.308 319.248 1
507.174 371.773 1
520.762 371.456 3
499.5 119.489 1
405.592 254.534 1
584.855 320.327 1
292.206 287.773 2
113.992 212.254 1
81.8434 242.756 1
549.708 48.5465 3
459.449 131.869 2
445.935 149.206 1
423.143 267.853 4
364.873 246.524 5
280.576 301.945 9
191.884 301.513 2
173.401 370.523 1
159.595 424.638 1
554.27 85.7141 2
580.539 373.677 1
152.335 363.834 4
572.495 166.742 1
406.745 278.869 1
474.703 319.421 1
411.161 293.9 2
65.3269 318.895 7
58.5986 388.733 1
444.326 187.469 2
397.632 192.172 4
575.513 363.219 1
341.738 258.535 1
287.825 260.36 1
84.2254 176.44 4
245.029 253.491 1
280.734 309.652 1
113.898 286.936 3
168.964 345.408 2
55.1344 380.619 1
222.385 342.261 1
287.9 283.882 5
313.88 299.276 2
144.817 323.929 4
456.134 188.3 2
413.803 258.436 2
128.769 288.606 1
416.109 264.234 1
418.624 214.736 1
395.145 210.087 1
332.112 238.988 1
324.391 259.462 2
315.319 257.027 1
249.016 239.946 1
72.6254 165.854 3
229.147 396.844 1
168.137 367.545 1
577.083 371.396 1
306.092 329.009 1
131.613 357.579 1
507.879 351.899 3
470.528 319.758 3
411.956 289.271 5
210.24 396.158 2
520.269 106.14 2
524.6 192.523 1
529.792 202.954 1
505.278 318.927 2
533.676 379.593 3
433.921 329.349 1
262.012 296.707 2
204.451 271.743 1
92.8666 309.994 1
351.237 402.342 3
493.962 143.831 2
343.147 350.14 1
419.096 242.003 6
171.949 268.331 1
429.055 282.952 2
568.077 187.815 1
415.378 195.419 3
537.253 106.189 1
574.605 249.157 1
461.794 21.8994 1
466.897 116.707 3
487.229 357.472 1
352.043 228.432 2
221.078 389.307 1
228.004 446.263 2
83.798 36.4809 5
533.886 107.873 3
526.61 96.1233 3
398.621 204.862 2
98.0159 364.774 1
524.23 45.7386 1
521.429 188.369 1
493.309 268.81 3
456.828 345.267 1
400.041 152.199 1
285.506 435.717 2
236.648 284.992 1
185.837 375.711 2
475.619 305.143 1
378.168 196.524 1
354.781 425.291 6
233.659 331.251 1
481.543 240.145 2
417.433 335.211 2
357.262 203.956 2
356.593 261.922 1
284.876 258.603 1
303.123 372.627 1
282.902 340.053 4
298.784 375.125 1
278.343 342.482 1
364.678 237.092 2
212.025 442.959 2
588.991 242.92 2
544.015 296.136 4
532.182 358.888 3
491.369 328.097 1
501.637 160.654 2
417.839 424.511 2
456.853 174.064 2
246.755 396.2 1
114.842 268.961 1
546.772 182.175 1
438.915 434.913 4
418.401 316.35 1
157.09 324.47 2
536.638 376.963 1
484.531 291.34 7
397.383 147.607 3
330.459 361.315 1
263.535 238.633 2
233.783 239.925 1
197.38 407.381 4
169.334 352.802 2
131.528 425.009 1
125.519 407.611 3
144.85 229.557 1
99.3765 398.455 1
132.205 208.268 5
112.103 260.301 1
457.083 194.146 1
423.263 331.492 2
376.88 149.557 1
368.261 218.497 1
358.86 259.245 1
541.668 324.627 1
534.314 344.173 2
309.27 413.943 1
476.762 179.444 3
393.84 276.573 1
474.551 102.497 1
421.09 135.787 1
101.952 400.395 2
45.5697 328.442 2
92.8316 221.476 1
280.327 419.536 6
519.392 75.9996 2
498.926 83.0163 1
488.798 87.1871 2
472.169 99.8665 1
61.4477 362.001 3
411.666 310.46 5
502.6 187.777 9
451.372 239.036 5
417.296 235.922 4
440.293 193.342 6
444.37 330.173 1
524.327 168.314 2
410.45 133.007 1
94.0082 284.684 2
134.485 202.747 2
91.3508 168.261 1
463.878 194.264 5
441.004 337.837 1
371.588 211.964 1
373.155 150.65 1
603.011 370.593 1
556.081 383.05 2
609.657 280.306 1
572.189 294.912 2
521.79 292.825 2
325.413 367.435 1
169.072 393.39 3
142.866 392.998 1
95.608 387.954 1
77.4771 391.583 2
69.0216 393.031 1
57.6085 392.858 1
129.015 349.079 1
444.681 195.529 3
468.105 180.767 2
323.563 227.056 2
282.875 235.645 3
425.524 132.16 1
483.215 99.6336 1
176.818 248.099 1
506.798 83.4673 1
70.7492 156.028 1
415.947 311.182 3
172.643 386.831 4
151.049 390.36 1
99.8444 373.365 2
538.843 149.765 1
179.482 298.917 2
593.592 65.6266 1
556.315 68.2454 1
481.832 96.695 2
50.9093 313.59 2
561.468 374.504 3
565.879 287.486 1
232.366 383.569 1
493.409 247.736 3
497.461 226.455 2
467.882 211.533 1
521.432 122.746 2
385.804 172.93 1
405.466 153.017 1
423.114 118.459 2
172.232 236.05 1
77.2245 191.194 1
104.627 166.024 4
569.021 126.591 1
517.94 118.236 1
510.985 174.145 1
379.342 210.199 1
482.75 209.905 1
620.868 138.516 1
40.0569 418.611 1
29.0851 76.3383 1
24.3494 173.581 1
38.7965 172.606 1
605.726 218.021 1
394.833 219.464 1
386.711 242.644 2
30.3359 254.402 1
338.951 257.237 1
236.638 259.314 1
329.972 262.262 1
440.593 295.095 1
193.534 317.747 2
482.795 365.353 2
568.873 402.871 1
457.646 125.791 4
477.109 126.912 2
590.331 371.87 2
46.7726 184.188 1
464.055 186.862 1
125.255 206.774 1
481.085 205.692 2
96.1751 247.088 1
249.492 265.027 1
289.04 272.262 2
130.779 283.919 1
529.327 281.92 2
118.579 301.156 1
164.338 323.862 4
69.6016 201.82 3
406.521 267.392 4
477.503 108.678 1
362.99 251.037 1
52.2528 169.305 1
327.174 261.032 1
104.458 263.196 1
194.759 310.069 1
365.347 393.803 1
376.297 397.451 1
571.388 362.067 1
205.599 357.531 2
212.832 326.209 1
74.7465 324.239 4
497.417 192.558 1
244.634 260.28 1
413.112 332.889 1
89.6047 278.426 1
545.483 241.518 2
406.019 257.631 1
541.763 194.528 1
574.733 354.398 3
77.2906 213.957 1
49.9709 255.454 1
585.467 371.896 1
78.2695 321.728 2
461.745 173.173 2
528.152 210.086 2
410.849 212.884 1
334.298 264.213 1
459.205 352.756 1
321.102 272.323 4
232.34 293.8 2
457.697 179.791 1
492.753 287.17 2
96.1955 336.023 2
555.811 194.613 1
561.51 255.102 2
495.503 338.309 2
318.693 261.447 1
278.019 248.576 2
160.597 325.634 1
130.021 323.839 1
143.401 339.045 5
164.029 405.715 1
103.738 381.349 2
120.754 435.763 2
361.448 427.803 2
500.648 330.539 2
209.099 360.127 1
518.175 195.625 1
462.584 169.346 1
424.499 150.999 1
481.437 273.178 1
410.984 209.515 1
496.871 368.983 1
336.029 257.932 2
243.87 250.273 2
290.543 336.047 2
306.554 361.741 2
179.2 260.782 5
180.248 289.458 1
480.978 277.811 1
283.09 285.708 2
415.994 247.166 2
358.679 209.322 1
88.5397 455.69 1
571.006 250.778 2
528.358 366.205 1
509.35 443.594 2
436.56 234.487 1
301.388 321.744 1
224.509 447.314 2
139.685 258.704 3
105.493 323.934 2
108.327 381.89 2
459.921 150.792 1
428.131 326.282 7
372.841 204.447 2
299.348 250.65 1
286.661 314.829 3
252.913 246.664 1
286.278 420.721 1
237.356 332.86 1
174.45 262.881 1
340.138 270.2 1
582.983 384.195 1
319.794 436.618 1
270.079 463.552 5
72.6763 339.986 1
571.707 461.303 1
536.455 457.767 1
478.555 441.668 1
403.05 188.448 1
389.724 288.328 1
323.113 345.558 1
313.441 238.703 1
215.818 388.685 1
191.546 372.278 2
134.531 238.143 1
111.73 460.417 1
312.927 337.885 1
238.171 281.736 1
131.387 239.087 2
526.865 453.684 3
413.001 287.416 1
475.62 295.005 1
416.619 441.597 1
391.903 150.028 2
374.497 189.33 1
238.851 329.453 1
468.901 91.0896 1
212.944 432.019 1
348.444 218.743 2
295.717 375.97 1
564.521 290.842 1
529.313 357.361 1
498.541 359.478 2
533.049 205.951 2
471.104 103.294 1
388.82 181.319 2
314.142 330.785 2
158.913 417.421 1
97.8732 286.446 2
103.869 235.669 2
507.521 79.4115 2
467.779 102.376 1
352.818 402.53 2
397.695 171.833 4
121.677 317.18 2
493.495 77.7894 1
393.11 144.532 1
140.046 226.269 1
247.994 409.94 1
354.24 368.478 2
245.532 391.217 2
348.184 264.713 1
351.865 213.218 1
458.065 331.669 1
106.696 173.007 2
550.282 433.607 1
529.079 339.793 6
441.553 433.097 1
466.814 243.982 1
304.749 411.614 1
447.303 195.443 1
166.053 421.853 1
62.411 343.387 1
126.027 190.707 3
568.661 63.8697 1
306.049 344.617 1
402.704 167.227 1
409.941 307.404 1
454.385 238.101 1
447.748 330.926 4
521.776 166.36 1
457.837 94.5596 1
403.272 128.18 1
125.023 193.698 1
356.703 251.835 1
140.566 390.603 1
404.467 172.877 1
320.804 224.347 1
478.674 92.9212 1
276.296 218.19 1
108.313 233.708 1
48.755 153.507 1
523.822 182.961 2
64.3691 408.744 1
399.645 164.322 2
563.882 120.453 1
81.6325 174.386 1
470.158 310.979 1
520.633 180.843 1
146.131 340.745 1
102.548 162.566 1
31.923 418.249 1
388.737 270.902 3
584.434 292.279 1
609.167 277.214 2
142.146 386.029 1
294.652 295.501 1
284.314 288.797 2
556.708 174.864 4
337.763 221.331 1
284.729 214.182 1
278.707 214.581 1
175.637 243.954 1
479.572 135.929 2
135.204 246.268 1
31.1255 268.612 3
431.311 122.685 2
449.676 103.625 2
127.65 371.357 1
237.662 267.386 1
58.7628 321.88 4
460.902 98.7903 1
403.047 247.973 1
474.648 124.931 1
488.783 330.575 1
425.878 293.562 2
469.276 232.383 1
213.149 303.771 1
442.863 149.632 2
170.327 227.262 1
405.535 142.79 1
64.6279 202.058 1
490.043 214.338 2
285.827 275.272 1
43.2621 276.413 1
67.1368 173.925 1
83.5178 217.034 1
616.219 217.086 1
387.144 248.55 2
30.31 258.177 2
338.319 263.55 1
330.037 267.014 1
622.297 318.759 1
492.85 370.092 2
80.8856 184.774 2
122.745 198.583 2
297.566 326.251 1
485.182 273.984 1
444.072 306.119 2
44.0252 271.243 2
433.963 137.611 3
603.103 219.578 1
241.707 255.925 1
246.978 334.489 1
475.788 118.436 1
460.628 178.079 2
579.96 313.589 2
160.881 313.011 1
459.931 189.267 2
545.272 237.508 2
74.298 239.078 1
492.506 234.617 1
521.902 148.273 1
539.979 199.236 1
323.701 264.893 2
113.339 282.942 1
523.108 226.821 1
285.213 279.297 1
313.016 291.106 1
146.301 321.307 1
112.641 264.318 1
417.486 258.411 1
533.072 201.063 2
434.738 127.244 2
566.465 305.564 1
276.499 304.989 1
124.535 203.351 2
83.6258 181.725 1
127.735 227.05 1
471.992 282.14 1
412.588 281.975 1
81.5077 338.088 1
558.974 257.307 1
504.589 314.283 2
286.281 309.038 1
260.956 291.697 1
148.842 364.831 1
290.87 278.372 1
377.564 223.087 2
422.107 338.008 1
326.986 265.308 2
184.133 287.372 1
419.426 341.12 1
510.158 351.589 1
405.71 260.745 1
413.798 276.946 4
534.546 198.362 1
395.155 167.014 1
310.25 254.023 1
375.91 405.53 2
270.077 248.994 1
252.889 241.621 1
210.24 422.148 2
435.285 209.181 1
207.361 424.12 1
433.323 197.125 1
239.788 336.079 1
143.759 36.6298 2
529.022 135.691 1
519.329 270.569 1
456.053 136.101 1
489.268 296.548 1
391.492 169.741 1
232.846 451.432 2
480.4 301.869 2
483.53 112.465 1
438.191 212.459 1
385.212 155.516 1
360.056 252.171 1
303.357 368.699 1
284.715 336.632 1
299.612 370.318 1
327.324 465.861 2
91.5503 465.508 1
525.297 367.613 1
464.486 352.34 1
247.058 460.342 1
110.379 269.28 1
114.642 192.586 1
427.473 117.064 1
384.074 150.079 1
362.2 189.561 1
256.758 433.95 1
442.671 436.254 1
534.22 369.525 1
489.374 291.138 1
482.365 87.1131 1
463.082 102.461 2
327.353 225.812 2
250.217 403.904 2
194.387 434.907 2
119.325 195.023 1
428.204 153.387 1
237.53 419.267 1
372.495 222.386 1
322.273 378.481 2
282.272 312.841 2
394.042 405.396 2
436.659 115.02 4
257.819 414.808 1
130.841 318.221 3
136.95 284.535 2
390.138 126.516 1
273.618 297.971 1
463.042 241.903 1
301.176 409.512 1
292.628 227.84 2
84.471 410.442 2
408.106 283.708 2
501.188 349.921 1
472.285 213.54 1
507.976 125.169 1
149.286 351.683 2
442.06 106.847 1
271.421 212.493 1
494.04 263.521 2
307.315 324.189 1
458.289 302.271 2
415.695 238.95 1
590.698 85.2247 1
586.339 342.442 1
588.172 289.451 1
164.316 274.806 2
409.367 155.206 1
149.325 220.664 1
113.671 304.534 3
460.029 221.048 2
270.239 277.434 1
267.591 274.279 1
51.8963 316.503 1
174.939 238.984 1
399.329 161.172 1
116.519 225.722 1
466.289 141.583 2
425.674 121.522 1
128.167 177.956 1
346.951 358.988 1
603.931 126.793 2
581.479 269.621 1
492.837 219.542 2
176.848 206.416 1
64.2783 197.515 2
615.378 224.033 1
400.871 256.676 1
184.582 333.788 1
401.643 261.535 2
607.199 195.366 1
493.408 230.473 1
585.891 278.198 1
74.5688 321.522 1
182.063 351.26 1
604.394 229.814 1
468.215 315.278 2
333.17 268.029 1
285.511 267.986 1
276.693 316.398 1
121.42 211.606 1
275.825 322.128 1
521.474 151.269 1
508.364 230.407 1
524.053 342.374 2
461.208 305.913 2
85.0991 337.707 1
427.636 136.195 1
262.384 314.566 1
119.555 209.021 1
426.239 139.274 1
109.067 223.89 1
125.416 308.372 1
437.588 124.787 1
457.528 227.713 1
272.071 310.668 1
173.371 336.459 1
257.73 339.095 1
477.112 325.99 1
416.988 286.509 1
520.209 192.995 1
497.903 365.011 1
195.722 272.967 2
469.719 151.229 1
432.343 210.513 1
271.481 306.458 1
354.156 216.251 1
354.556 202.096 1
529.327 119.736 1
469.15 358.62 1
357.757 423.031 1
286.211 417.592 1
344.824 197.972 1
415.907 283.064 1
421.582 440.505 1
385.935 165.536 1
318.62 429.159 2
295.921 246.997 1
274.526 301.623 1
256.893 291.818 1
216.864 436.356 3
208.41 417.318 1
448.304 125.225 1
271.122 301.848 1
204.557 436.429 2
355.598 223.315 2
261.354 230.213 1
446.517 436.212 1
455.156 119.554 1
353.488 412.384 1
494.626 224.214 4
346.826 437.312 1
187.231 432.873 1
357.323 217.289 1
289.028 339.414 1
450.446 332.943 1
450.645 112.109 1
396.577 214.572 1
277.506 294.852 1
252.043 216.93 2
161.581 388.232 1
140.115 285.655 2
155.748 385.499 1
488.115 222.111 1
503.43 253.437 1
489.695 159.547 1
433.196 109.573 1
147.23 268.969 1
434.106 150.864 1
500.573 248.652 1
124.303 342.783 1
137.309 200.672 2
402.691 300.492 1
514.094 336.223 1
521.104 311.472 2
276.714 284.481 1
145.072 272.588 1
483.813 309.269 1
395.083 287.572 1
55.5062 348.347 1
78.4371 178.036 1
562.397 347.626 1
491.681 338.358 1
518.807 305.081 1
149.081 339.104 1
520.438 336.695 1
40.8052 178.649 1
577.843 277.326 1
215.103 306.981 1
217.618 289.775 1
462.435 312.298 1
115.35 240.478 1
485.165 120.951 1
308.216 309.598 1
520.796 242.976 1
173.377 229.815 1
574.077 193.279 1
181.677 216.385 1
