1371 11278
339.713 3.80314 1
72.5191 4.42085 1
158.049 4.9461 2
294.845 6.92994 2
31.7639 7.72156 1
72.6833 7.67199 2
346.405 8.40618 5
83.843 8.97967 3
315.063 8.16084 4
298.209 9.37533 2
153.955 12.3396 3
159.008 10.2302 1
163.429 10.7004 6
331.782 12.5127 8
55.7638 14.1628 13
128.058 15.7491 33
164.461 13.9973 17
353.389 11.8761 2
22.5079 13.0844 5
34.2941 13.5579 12
305.009 17.7981 14
26.4324 17.9032 16
353.473 16.148 2
161.723 19.4007 14
10.3142 19.4144 5
306.659 18.3379 18
328.917 19.6306 3
344.346 21.5657 18
305.282 23.692 5
351.16 20.6449 4
306.393 31.9105 22
321.438 24.7369 37
231.749 25.6021 16
351.159 26.286 4
224.091 26.198 4
239.865 26.9332 2
210.342 27.4628 16
29.2478 29.9452 1
324.426 30.9819 24
305.638 32.2907 15
322.379 38.4939 15
256.933 34.9391 6
148.666 35.1775 15
310.331 35.4879 23
266.937 38.6256 11
322.6 38.4959 2
339.422 37.5225 6
267.934 40.1112 10
305.453 42.0224 21
320.255 44.3075 46
271.358 41.6966 1
309.066 46.1289 5
277.674 44.63 4
283.831 47.5616 18
220.62 53.8909 239
286.202 48.3158 3
206.959 51.0482 89
191.493 53.9968 104
201.7 51.4545 20
213.226 49.6074 16
172.698 56.7565 91
155.496 59.0003 133
296.268 52.8232 2
188.92 57.7878 25
225.627 55.5965 13
212.393 59.0362 38
300.059 54.1968 8
185.142 53.9386 16
353.253 54.8933 1
123.588 58.1134 107
120.352 57.9841 12
302.85 59.1458 14
108.985 59.7943 86
98.4289 61.3118 49
115.209 56.9694 5
200.896 57.4533 30
333.958 59.0107 24
131.78 56.4249 29
159.624 57.6489 1
85.5105 64.3569 148
91.3867 59.1293 17
147.109 57.6759 19
167.321 60.0947 13
154.464 62.6968 53
174.451 61.7476 20
103.709 59.439 28
223.905 69.62 82
203.253 62.424 6
112.518 65.103 37
76.6986 63.3964 16
118.551 63.8306 22
4.78298 67.1668 4
54.9121 66.5329 8
200.938 68.3849 16
215.363 65.8796 9
225.066 69.5186 37
139.559 68.5032 52
331.065 67.9016 2
335.101 69.9015 7
55.0603 73.3912 35
95.2488 72.473 36
138.604 75.6421 39
340 71.4708 12
79.0185 71.8901 15
167.925 73.6681 70
227.355 73.0294 3
132.25 79.1721 19
148.428 73.8866 68
123.111 76.84 32
207.223 76.9155 41
192.458 76.3328 117
106.957 77.4373 81
186.987 78.2332 24
180.405 78.7793 32
133.187 76.9145 3
174.439 78.9245 21
98.5934 78.8051 10
164.04 81.6716 29
156.173 79.3665 17
82.9393 78.9979 58
87.6626 81.1381 45
97.4598 86.6614 28
95.7165 87.9282 10
86.6742 85.6357 22
353.34 93.5968 2
56.4278 96.2083 2
243.286 97.5672 4
257.261 99.9166 6
262.651 100.527 4
176.09 102.235 35
156.73 101.725 29
185.814 102.982 96
278.237 103.48 13
353.42 105.178 2
304.755 107.591 5
61.0251 109.96 65
353.383 108.808 1
149.136 111.987 86
322.665 110.347 4
136.211 109.413 14
334.08 111.738 4
340.71 111.629 13
353.411 112.418 1
141.617 121.62 138
147.336 116.628 9
131.097 121.381 148
158.089 120.618 168
174.085 122.642 102
165.106 121.885 29
166.076 134.286 24
149.467 124.419 30
145.593 125.487 13
138.259 128.148 30
160.393 131.679 56
183.133 127.687 23
121.757 125.958 13
146.279 129.777 13
353.424 127.776 2
153.612 130.256 8
131.18 135.008 137
128.667 135.758 28
10.9502 131.985 4
353.416 133.41 3
134.767 138.325 18
177.829 141.176 156
164.455 142.648 34
57.0653 139.697 7
186.195 141.018 143
13.405 138.35 2
170.268 139.785 1
145.314 139.734 6
174.371 140.714 1
188.222 142.926 5
57.1507 141.862 1
13.4819 143.572 9
128.173 153.237 40
127.662 146.01 30
124.932 147.564 10
353.327 150.381 2
57.6886 154.908 5
353.395 154.968 1
341.119 161.463 14
332.276 159.77 5
324.91 161.051 8
318.847 162.088 4
300.778 164.853 20
296.944 165.016 3
290.127 166.495 7
286.326 167.278 1
276.399 168.767 8
57.8873 168.828 7
49.6244 169.833 32
268.149 170.283 27
63.0876 168.671 20
183.357 172.818 63
208.623 175.128 3
197.836 179.029 77
61.5733 181.737 9
118.034 185.5 54
187.94 190.162 97
171.084 188.563 31
61.2495 189.168 9
59.3415 205.144 18
62.0929 206.283 10
328.529 215.452 5
57.9219 222.245 21
59.4736 222.412 2
274.488 236.507 41
59.4303 242.593 37
260.624 247.269 20
60.0159 247.616 1
249.029 249.381 33
60.3999 254.173 8
72.7083 257.715 20
63.8424 274.97 9
61.5399 283.388 1
5.07434 2.60137 1
36.3618 2.21311 1
58.4677 2.11514 1
75.1297 2.32096 4
96.9188 2.22641 1
102.066 2.16249 1
106.534 2.15337 1
113.063 2.30606 1
153.74 2.53155 1
161.446 2.23961 1
333.033 2.21369 2
352.238 2.21981 3
49.5868 2.8699 1
53.8719 2.8419 2
80.6798 3.24438 1
84.0601 4.35872 1
34.0128 5.01494 2
57.8786 5.12958 1
137.735 5.72414 2
25.364 6.64742 2
77.8925 9.22206 3
289.649 6.35312 1
37.3864 6.74412 1
58.4217 9.51656 3
5.21713 9.62145 2
77.3909 11.5219 3
151.669 12.6277 3
11.9063 13.2827 6
30.0864 13.8862 7
4.87323 13.6692 1
300.955 14.14 1
127.666 14.6691 2
142.81 17.3717 3
348.044 17.1269 4
4.47218 18.1243 1
140.224 20.592 6
311.368 22.3937 13
4.78912 22.3688 2
335.054 23.6508 14
343.165 24.6995 5
235.297 30.1396 15
225.346 29.2548 6
311.025 29.7542 13
214.487 29.9949 2
40.5968 31.3552 3
159.26 32.264 21
4.86013 32.2268 2
184.426 32.7055 2
327.403 32.7391 22
333.217 36.9826 5
310.199 34.7989 2
251.175 35.7247 1
141.602 34.4531 3
151.228 37.1361 1
128.755 37.5285 18
330.538 38.031 1
4.88282 38.3826 1
119.708 39.7182 14
114.118 40.0109 1
50.9182 42.184 10
337.679 41.6722 14
39.9348 42.2048 7
107.931 41.8309 2
36.3754 45.0552 28
18.2584 44.2706 7
331.781 43.787 3
11.6644 44.315 2
83.9354 44.4031 8
71.9948 47.1947 28
341.474 47.779 19
322.253 48.4273 12
329.664 48.2455 12
59.4183 49.2396 4
223.785 49.6553 9
185.501 53.3317 11
220.553 53.4252 2
38.4784 54.1628 5
208.234 53.9722 3
52.497 55.1644 6
150.535 55.787 3
14.2903 57.004 5
178.16 57.3713 2
338.02 58.8143 9
31.7769 59.2926 2
62.3387 59.5524 2
139.068 58.1198 73
205.653 59.5451 3
20.382 59.8471 3
125.154 60.8124 7
220.735 60.5227 7
342.409 60.2043 1
190.777 64.2392 26
209.657 60.9657 1
109.489 61.4584 2
150.929 62.1873 1
169.775 62.3471 1
174.724 62.0764 2
85.5818 63.9974 2
160.301 64.7726 5
172.981 67.0404 19
154.16 68.9418 10
323.847 67.5603 3
85.4014 68.0918 16
15.7518 68.8603 4
20.2887 68.7204 1
89.3807 69.3048 2
154.409 69.904 2
206.764 70.4823 12
128.051 70.5762 5
206.466 71.1531 5
84.6037 71.1326 1
194.212 71.4184 2
186.215 72.5292 20
4.77682 72.6245 1
159.731 74.1111 24
60.2496 76.4354 6
126.515 74.1218 3
192.264 76.2074 3
122.812 76.4753 1
108.875 78.6293 4
102.243 78.1691 1
138.425 82.0074 13
115.389 82.7919 36
145.415 79.9301 21
139.971 81.3206 1
126.106 82.4276 20
97.3163 83.107 3
242.399 87.7075 32
344.309 94.3095 13
146.093 100.059 38
350.876 95.7435 1
80.262 97.524 1
71.4818 98.3085 7
247.822 102.135 34
315.974 103.83 5
5.02714 103.957 1
127.203 104.302 98
168.2 107.486 16
195.226 105.741 55
136.726 103.577 8
64.4048 103.637 10
283.85 107.29 3
156.674 108.598 43
142.64 109.636 3
146.297 111.519 1
346.867 111.982 5
151.495 115.997 4
59.4886 117.231 5
179.14 119.635 11
167.974 123.72 4
182.255 122.575 7
175.501 124.444 2
135.137 125.778 3
348.333 129.933 8
4.58345 130.574 1
170.54 131.342 6
161.768 134.428 13
169.533 134.634 5
176.649 134.939 11
5.009 135.211 2
181.483 136.71 1
347.894 140.158 2
138.876 144.811 1
174.204 144.767 13
194.472 146.765 6
184.405 147.145 8
163.193 147.435 12
150.5 144.987 16
14.0041 151.52 1
350.69 152.387 3
8.61207 153.02 1
348.646 157.372 6
315.096 157.619 3
306.688 158.503 4
297.765 159.748 5
302.631 159.808 3
196.142 160.348 25
294.836 160.595 1
131.189 164.043 37
324.604 164.588 7
244.974 165.337 10
312.198 165.967 10
314.334 165.586 1
306.964 166.628 1
272.451 172.376 1
37.4095 172.489 1
132.973 175.441 94
267.022 174.328 12
251.378 178.301 47
64.1085 182.212 67
189.715 175.737 40
144.608 176.13 3
246.082 176.578 6
236.881 177.498 7
212.15 180.75 15
216.062 178.484 6
205.188 181.799 21
132.245 180.733 18
173.913 180.878 26
107.658 184.057 12
114.986 180.956 4
96.3651 181.254 2
144.843 183.791 13
179.99 184.286 18
179.416 192.785 20
347.051 199.563 2
180.758 201.98 6
157.548 206.412 15
61.9555 205.314 5
62.102 213.041 20
333.292 214.027 3
327.672 214.969 2
62.0844 216.425 15
321.961 220.508 18
318.341 219.496 1
305.548 219.997 1
62.3975 220.597 4
40.3131 225.149 11
44.0095 225.024 4
48.1441 225.305 9
5.21991 225.686 2
44.5542 228.91 2
271.421 230.54 9
283.941 237.858 13
267.047 237.079 1
280.835 237.858 1
261.635 239.523 2
267.652 243.526 7
77.9101 246.121 10
67.4457 247.714 21
62.9383 250.312 22
79.8546 253.602 6
241.773 254.149 4
345.109 253.912 7
233.9 256.715 5
121.304 255.116 3
173.165 255.095 4
145.215 256.781 21
151.663 255.151 1
160.788 255.855 5
167.31 255.817 6
221.689 256.557 16
337.897 259.489 2
79.1442 260.252 5
329.831 260.814 2
326.085 263.543 1
74.6106 264.317 22
74.9529 267.449 3
262.179 268.593 3
318.72 270.781 3
5.07051 274.339 2
38.2586 275.943 6
64.3743 284.468 2
114.688 19.7278 8
156.076 19.2215 4
303.577 31.1652 1
162.9 35.0367 5
338.057 36.7711 4
342.082 41.9166 4
70.8728 48.2502 8
218.181 57.7078 1
197.721 61.4955 1
128.787 64.6636 26
190.718 64.159 10
103.746 69.9201 14
82.5362 67.7685 1
198.84 69.5188 2
219.135 69.608 7
182.246 70.8779 2
178.204 71.8986 36
105.124 71.9965 7
155.438 73.4199 1
184.573 76.6966 4
85.8667 77.5654 8
348.773 85.4017 7
128.422 97.8944 22
137.734 101.313 8
65.3248 100.428 3
121.369 103.51 11
267.141 101.85 5
173.83 107.468 8
113.81 109.315 24
106.19 109.345 6
67.1116 112.536 13
77.3941 110.363 2
64.6961 110.876 14
123.972 112.889 38
131.246 114.47 1
190.383 117.026 12
138.171 120.887 3
125.613 134.594 2
165.907 142.248 7
159.527 142.975 6
182.24 142.975 1
124.737 156.428 55
136.783 159.519 14
324.056 156.629 3
290.664 170.173 2
285.113 171.28 2
277.707 173.14 5
263.64 174.935 2
258.442 177.244 5
251.202 178.716 3
195.759 182.143 22
61.4261 181.828 3
188.971 182.094 2
82.2612 184.545 2
67.0197 185.349 11
133.295 188.913 29
330.25 209.127 2
339.81 209.78 4
315.278 217.096 34
286.224 227.943 19
280.91 230.851 2
345.048 249.702 2
69.2528 255.449 9
115.182 255.595 2
96.8161 256.055 8
83.0064 256.301 6
235.368 256.523 4
209.673 257.786 13
214.853 257.003 10
230.119 257.856 2
334.254 257.897 10
54.6068 275.841 6
50.3029 9.47128 1
218.964 26.6398 4
244.013 29.1595 16
353.694 30.2517 1
170.51 30.9074 20
249.533 31.8967 6
335.535 30.8843 11
107.134 38.2065 28
298.807 39.5809 12
353.086 41.6921 1
198.219 49.9797 9
292.679 51.3878 5
51.4663 51.3691 6
86.5484 57.8824 4
193.768 60.686 6
353.221 82.171 1
154.585 88.0086 11
340.328 102.91 6
74.0874 106.92 4
118.203 110.201 20
352.956 119.315 1
158.907 129.056 1
167.189 129.261 3
139.594 130.947 13
152.102 130.838 1
352.979 158.174 1
182.476 157.203 19
184.529 167.879 9
184.252 177.713 6
183.87 186.385 20
153.25 189.016 34
120.768 193.992 1
57.2373 231.623 13
59.0773 236.474 4
86.2402 250.814 4
353.069 265.084 1
114.968 4.89368 1
133.259 4.57269 1
163.846 4.77363 1
243.036 4.64037 1
283.438 4.58016 1
315.816 4.8917 1
147.832 6.12128 2
39.6528 9.70253 2
80.7524 13.2969 2
132.774 17.0407 7
322.324 13.6838 7
58.2019 16.1733 1
39.35 16.283 4
31.2785 18.3901 1
163.206 20.3675 1
13.342 21.2249 1
132.78 21.0644 3
313.461 24.6962 4
6.86851 48.5352 1
205.069 52.5886 1
186.811 55.4594 2
122.54 59.1063 1
200.28 59.6634 1
182.18 64.5478 5
116.757 65.798 6
139.184 64.4578 1
164.219 64.5448 8
26.1918 69.0851 12
105.239 70.8696 2
136.966 75.7569 1
220.026 78.1728 23
146.398 78.7169 4
156.649 81.4761 10
168.896 79.7847 6
88.4043 84.0216 3
104.347 85.1175 13
255.79 91.9905 1
150.604 92.8467 5
149.547 101.613 5
68.6488 103.38 9
61.7371 111.908 1
184.056 125.657 2
138.724 139.257 5
17.0881 139.467 4
166.411 153.312 24
155.257 152.206 11
182.804 153.739 9
11.4483 154.236 1
69.3856 176.091 10
63.3651 184.096 2
125.202 193.026 52
159.863 194.64 9
193.481 192.462 6
340.344 204.756 5
183.599 210.846 8
322.498 213.367 11
330.152 216.782 1
284.582 239.145 3
277.84 243.227 8
71.7999 247.758 8
64.5257 254.817 9
251.115 255.743 13
129.788 255.174 6
184.699 256.221 4
344.557 257.702 1
324.759 273.46 1
66.3202 281.793 1
312.326 15.5514 4
313.258 46.2031 4
173.165 93.8077 15
99.6287 100.233 1
44.4274 166.737 26
179.672 195.518 16
276.415 235.854 2
195.328 256.747 6
109.049 17.8772 1
47.7094 36.8872 1
18.3277 39.7764 1
30.9743 42.4627 7
68.5252 42.1825 16
55.5233 76.6761 2
250.228 83.6905 17
345.48 88.5918 5
56.2285 91.5762 5
129.429 109.991 9
55.9206 159.973 5
251.925 158.39 13
119.721 164.231 20
60.2536 270.063 1
119.154 10.2285 1
248.59 9.37204 2
286.229 9.68245 1
335.444 9.80787 1
30.6138 10.67 1
88.1575 15.7222 1
44.8227 17.4723 1
135.629 16.525 1
20.8196 21.2913 1
34.3831 22.8415 1
318.274 32.6987 4
247.497 39.154 2
328.295 42.6974 5
41.9378 48.0025 1
11.5662 51.24 1
75.6335 51.3529 2
191.324 58.5611 2
230.993 63.0753 2
325.853 74.3311 1
215.522 76.1697 22
149.703 83.313 2
161.738 83.2667 1
118.427 87.0381 10
95.2562 88.7263 8
161.063 97.2545 14
78.5771 103.515 14
202.206 107.251 3
163.738 112.432 7
113.609 113.19 1
66.0201 116.26 3
193.466 122.298 1
172.457 126.254 1
10.4366 141.047 1
22.5337 145.86 1
186.733 147.827 4
201.18 155.951 7
126.542 160.642 5
155.378 161.519 15
66.3538 160.86 3
136.616 165.931 2
192.251 173.691 12
121.045 175.395 8
138.315 173.655 22
255.144 184.084 4
202.744 187.85 5
67.7354 188.907 2
129.531 194.428 4
169.439 213.426 1
345.717 215.421 1
68.3305 236.417 2
83.5305 249.031 2
256.219 257.446 1
70.3907 260.759 1
347.308 262.245 1
331.574 273.809 1
341.993 56.2429 1
179.631 85.4235 5
159.396 161.899 1
158.623 21.035 3
107.847 34.8019 1
34.4708 39.5322 1
74.4147 39.4281 1
259.641 82.0287 1
132.579 87.5718 7
59.6299 130.933 9
112.096 163.778 2
177.081 176.826 3
55.0023 193.682 2
185.391 46.8045 3
295.353 48.6588 1
48.9058 52.3372 1
251.786 51.6996 2
18.8976 56.3097 2
77.6581 59.089 1
46.1748 78.9188 1
203.131 82.6046 2
331.584 87.2932 1
72.4312 87.7089 1
216.137 115.974 1
260.583 118.286 1
108.875 122.571 2
73.4585 126.602 1
333.375 131.787 1
189.823 152.773 3
154.262 174.764 5
262.533 189.91 1
212.465 193.979 1
74.9786 198.365 1
142.584 200.855 2
188.493 224.717 1
264.83 262.9 1
253.967 55.7721 1
50.4292 97.7757 1
166.347 178.925 4
53.8811 204.435 1
263.727 69.1006 1
88.1748 142.72 1
266.169 138.36 2
89.9934 218.396 1
224.809 216.57 1
272.26 81.777 1
109.458 155.499 4
315.766 20.7346 3
148.188 63.8872 1
157.697 68.6805 3
152.598 104.815 1
190.477 192.217 1
55.9261 211.992 4
285.449 39.8203 6
151.464 80.0258 2
267.69 92.3322 12
280.855 95.576 4
98.2077 96.7058 5
283.468 96.6797 1
289.301 96.993 3
347.243 103.271 5
61.3 98.2083 20
97.6884 109.264 2
139.61 126.175 1
193.108 152.242 8
238.828 166.384 11
100.906 182.065 2
92.3784 182.483 1
161.659 182.541 10
136.582 255.616 3
281.6 37.4949 6
34.3934 56.9254 5
185.061 93.3453 1
112.85 96.9113 3
189.969 114.067 3
231.985 168.103 4
107.034 183.068 1
76.0994 254.898 2
90.0398 255.456 5
205.627 256.777 4
221.698 46.2952 1
165.156 86.7024 2
138.67 89.3062 5
223.24 97.4783 7
231.213 95.7453 5
202.168 98.2628 3
177.919 128.972 3
203.151 175.136 1
244.371 35.4499 2
338.22 77.2482 1
117.221 80.946 5
155.649 154.438 2
189.37 160.959 8
164.33 206.561 4
178.619 107.373 7
160.14 85.9566 1
121.16 89.7775 2
203.048 76.9537 6
65.121 87.9075 1
242.07 93.0008 5
202.331 110.922 3
254.621 110.658 4
111.453 115.878 3
65.8573 119.797 1
160.393 165.005 6
66.4523 194.872 3
164.548 197.602 2
50.8211 75.6103 2
216.403 124.607 1
261.497 128.489 2
189.216 157.436 6
334.406 18.4818 2
310.025 18.1751 2
268.581 101.88 3
267.582 101.457 1
33.2222 29.3889 2
59.1386 79.65 1
60.8639 87.9417 9
128.858 197.84 1
59.9671 136.143 4
60.3195 144.582 7
61.0581 175.58 7
16.9036 136.186 1
61.564 193.583 9
13.323 147.99 4
63.4204 258.72 4
310.027 52.7399 4
294.281 43.7144 4
264.436 29.3264 5
257.473 25.4249 11
249.23 20.6682 7
239.18 16.8885 9
297.729 96.3759 3
299.892 100.673 1
262.88 90.6506 4
188.234 21.2069 4
180.473 20.7086 1
247.129 87.6533 4
170.361 21.7579 8
222.189 75.2541 1
215.355 73.4388 6
242.306 106.197 8
147.12 15.6473 7
202.306 73.9975 4
291.061 160.537 1
272.29 163.579 1
175.457 76.2218 1
106.001 24.4248 11
311.429 223.63 1
181.668 105.844 1
246.183 185.44 11
329.583 266.004 2
226.673 166.663 4
136.018 79.6005 2
219.838 165.716 6
230.461 177.54 1
226.364 180.055 5
150.04 101.572 2
121.124 80.4419 2
79.3424 86.66 8
56.3776 61.3759 8
147.919 165.821 16
174.949 202.924 2
212.528 245.902 2
169.191 204.165 2
120.029 158.569 1
144.331 205.868 4
166.291 247.955 3
341.896 99.5577 1
269.865 31.5806 9
278.597 162.467 1
43.4383 163.639 1
102.845 245.97 1
134.78 34.1184 11
144.999 55.5887 5
164.314 102.168 4
231.905 174.573 1
138.404 90.1117 2
93.3785 59.2557 1
82.4503 105.837 5
60.7026 124.122 4
61.8954 172.65 2
62.9995 245.774 4
332.163 117.437 2
219.998 77.9443 1
246.552 187.397 1
129.818 81.5253 5
37.8475 57.357 1
174.793 208.647 5
123.409 202.016 2
121.503 28.2726 3
50.3934 44.7134 5
134.295 161.669 1
171.805 86.9898 4
199.173 160.845 5
66.4107 43.232 11
179.369 186.713 2
63.6156 95.7219 2
139.493 179.422 4
113.743 167.29 2
63.4193 167.056 9
66.854 241.012 4
236.722 96.3063 6
210.198 80.4065 3
145.34 84.6392 3
126.939 89.0085 9
172.689 165.337 6
89.2759 90.1512 2
160.444 197.73 2
51.7944 129.009 1
111.633 187.957 7
129.004 214.558 1
52.7546 155.932 7
196.51 82.5922 6
173.209 169.644 8
139.768 170.158 1
206.763 160.12 4
213.631 121.171 1
240.79 173.213 5
328.54 111.217 1
314.046 109.179 6
298.79 106.689 3
248.999 98.8861 2
192.631 28.743 2
183.616 29.7099 3
171.439 143.44 2
62.3099 201.202 1
60.4619 141.236 1
344.675 130.421 4
340.738 96.5443 2
337.775 115.803 5
320.002 17.7956 3
318.792 56.8963 1
307.656 101.208 3
299.525 46.9284 3
214.648 69.1757 1
206.959 32.6633 10
166.51 55.3677 8
159.342 105.345 1
157.421 147.385 1
146.164 37.7928 2
143.003 92.8943 10
134.962 38.1582 3
120.679 175.525 1
102.945 24.8244 6
99.1245 21.9584 2
95.0426 62.3074 2
59.9663 55.7648 9
54.6143 226.252 3
46.5137 54.1673 1
40.0306 228.799 1
18.5679 33.3937 2
17.8319 274.702 2
302.082 169.383 7
185.432 130.8 1
126.933 123.995 1
126.321 185.909 6
91.1277 45.5392 3
54.7185 41.3447 3
37.3578 168.743 12
319.33 52.8021 1
34.6824 50.8354 3
326.962 71.3175 2
319.229 20.7358 1
296.974 36.0372 2
146.294 166.168 1
118.862 141.647 10
54.5959 113.678 3
253.243 29.7134 2
134.766 177.706 1
126.8 34.3035 2
101.224 39.5205 3
171.74 111.981 2
117.096 203.594 1
108.906 113.063 2
108.865 163.662 2
79.4109 176.681 7
71.3762 188.37 1
69.0448 74.7304 1
175.752 198.01 4
253.844 155.308 1
247.055 81.1863 3
204.659 158.772 2
204.436 191.778 2
96.3041 163.664 1
257.204 188.284 2
235.79 172.071 2
235.078 95.4041 2
178.14 150.941 2
164.813 201.191 3
159.795 171.798 3
336.378 162.662 2
331.261 163.483 1
62.7623 238.22 7
148.067 136.582 8
143.99 135.442 2
160.712 91.4796 8
64.9333 28.7713 1
25.2177 33.0787 1
335.521 252.108 2
329.028 257.002 1
324.552 260.374 1
315.738 267.716 2
338.117 201.09 1
329.074 204.953 1
324.594 207.277 1
320.851 208.642 4
276.008 227.789 5
264.734 234.785 2
343.925 83.2027 3
341.483 76.1396 2
345.262 53.3515 1
315.053 64.0805 4
177.821 143.667 1
268.561 43.6121 1
174.507 70.3787 1
118.545 102.012 1
125.619 94.189 1
137.558 33.9326 1
152.968 17.7555 1
89.2063 74.1949 1
63.5139 47.6254 4
20.5229 30.8631 2
257.948 236.869 6
181.918 197.546 1
193.866 98.8932 1
266.471 247.908 1
324.174 114.879 1
273.457 107.022 2
148.609 144.451 2
230.132 31.8076 3
89.1935 111.014 1
333.054 151.012 4
324.761 150.718 2
297.294 31.5026 2
140.079 188.059 3
120.573 136.301 6
53.7656 185.779 3
26.8455 61.6764 6
310.796 151.65 2
40.0189 35.3828 1
195.511 154.972 4
189.871 121.323 4
61.3606 163.422 6
283.667 86.8773 3
176.735 112.058 1
181.172 97.6776 2
109.347 160.698 1
69.7638 66.5429 2
249.023 111.474 2
200.252 151.176 2
119.826 131.058 4
56.8908 130.478 1
112.829 71.2154 5
125.633 118.947 1
177.884 157.005 1
308.601 233.289 2
119.471 69.6066 1
49.3668 61.5101 1
134.723 63.0455 2
115.654 85.2796 2
190.352 127.219 6
165.984 157.64 3
130.022 208.894 1
158.205 212.654 1
165.936 213.353 2
183.766 83.2399 1
77.2667 88.9269 3
203.382 116.305 1
253.919 116.582 2
182.045 118.38 1
65.6907 126.037 1
167.296 172.366 7
67.5198 197.572 1
148.028 199.863 1
261.027 36.3283 3
86.5081 40.8241 1
77.7893 41.8211 1
65.5278 269.307 5
193.636 21.0169 1
234.772 87.6329 1
206.889 90.3028 1
203.694 90.6768 2
93.1756 97.5982 2
118.811 118.152 1
130.012 156.751 1
208.166 19.9483 1
231.654 89.1746 1
224.343 90.4461 1
218.481 90.1868 2
197.119 92.0934 1
256.518 167.882 1
245.244 169.284 1
76.0795 76.8043 1
52.5234 93.6441 1
194.388 86.1689 1
208.154 113.857 1
67.471 122.708 1
109.685 193.607 1
147.563 174.654 1
213.75 130.71 1
312.664 162.922 1
179.445 50.9014 6
334.695 155.347 1
308.034 222.843 1
161.6 174.867 2
107.255 29.4763 9
99.1233 42.842 1
85.8248 96.7781 2
95.3239 245.202 2
72.6181 172.26 3
151.556 143.639 1
86.5556 245.226 1
61.5461 68.0235 3
156.26 93.0707 2
143.015 100.803 1
144.997 194.276 2
115.152 148.602 4
73.7522 175.322 2
242.12 168.648 1
168.795 87.0489 1
210.927 108.42 1
166.252 97.4042 3
123.221 86.4602 2
139.253 195.411 3
104.498 115.253 1
116.621 210.049 1
103.136 189.459 1
83.1486 177.012 5
187.037 88.0622 3
173.82 152.094 2
141.942 145.763 2
339.005 248.253 1
332.434 203.049 1
308.975 215.193 1
333.177 62.9313 1
331.405 22.983 2
118.709 155.249 1
227.246 25.2229 1
318.126 29.1653 1
117.722 195.967 2
167.491 164.335 3
170.912 96.9393 1
106.071 188.235 1
102.099 160.862 2
105.154 112.319 1
206.762 189.861 1
335.637 263.129 1
308.839 61.1905 1
189.758 134.911 1
137.246 93.9403 2
222.525 30.5862 1
336.013 151.014 1
320.304 153.261 1
305.352 154.7 1
285.83 104.208 2
140.622 179.144 2
78.972 94.0983 1
292.958 156.024 1
67.2282 94.6132 3
259.706 41.0582 1
60.3338 167.027 1
240.123 31.9896 3
61.2149 149.197 3
255.213 232.036 1
322.726 148.34 1
234.998 159.014 1
319.152 97.7525 2
289.456 90.5638 2
133.274 83.2809 1
80.6738 89.3178 1
276.053 110.118 2
63.508 230.687 2
62.0098 158.32 4
190.557 167.883 2
278.882 82.0033 1
252.019 76.9228 1
250.82 118.016 1
143.685 64.3582 1
99.0953 68.2462 2
183.835 216.057 2
167.55 219.17 1
203.567 126.243 2
254.242 127.084 2
65.6808 134.489 1
116.193 177.202 2
108.835 86.2942 8
37.8489 72.2996 1
180.327 163.108 1
317.36 226.852 1
172.14 216.978 1
53.6749 181.842 2
207.516 121.717 1
108.58 129.088 1
67.9483 129.788 2
258.359 135.532 1
150.823 138.592 1
177.262 22.1376 1
206.383 167.961 1
211.089 114.604 1
164.781 171.243 2
102.379 123.506 1
98.0033 195.546 1
78.8158 24.3705 2
108.313 254.347 5
269.282 26.2038 1
90.8811 179.191 2
70.2028 265.282 3
203.938 104.626 1
164.928 108.285 2
174.255 160.157 1
155.803 134.955 4
134.754 194.251 2
79.2483 47.0464 1
104.377 257.418 2
160.099 188.913 2
96.9353 39.9687 2
216.482 108.14 1
169.768 197.579 4
115.382 13.1733 1
329.89 62.267 1
110.497 256.116 1
107.69 258.074 1
271.459 246.214 1
222.185 103.215 2
275.14 48.374 1
161.154 52.1117 1
110.721 88.6245 1
242.561 76.0745 1
222.028 93.0244 2
96.7858 155.541 1
343.025 242.257 1
214.115 240.08 1
201.086 240.038 1
191.558 240.124 1
267.438 157.748 1
227.012 161.309 1
293.042 93.0263 2
105.234 165.717 1
237.781 81.2794 1
299.718 27.2723 1
143.38 72.4181 1
286.036 33.8988 1
311.604 42.7258 2
152 181.85 1
288.728 87.1646 1
115.148 159.46 1
232.995 77.0947 2
106.092 150.79 2
190.628 204.132 1
139.506 211.339 2
144.545 211.614 1
178.101 211.362 1
152.348 211.893 1
174.299 212.573 1
196.905 115.601 2
249.687 114.947 1
116.351 120.229 2
156.216 168.82 2
252.743 187.772 1
57.2345 33.7251 3
53.5298 34.495 2
343.952 147.533 2
64.0682 123.299 1
116.44 192.253 1
43.3361 35.562 1
38.4612 181.4 1
206.964 83.0586 1
185.57 200.533 2
112.567 119.867 1
54.8615 178.612 1
304.967 223.485 2
258.793 91.794 1
120.051 121.858 1
199.271 248.445 1
189.576 29.6224 1
198.657 54.034 1
215.001 104.96 1
160.755 156.859 1
113.307 148.478 1
224.134 247.946 3
237.524 11.4516 1
54.3184 133.851 1
45.5898 10.0594 1
218.052 103.288 1
155.582 255.46 5
167.124 31.3433 1
86.8564 178.898 1
236.175 109.189 1
208.624 104.218 1
160.719 93.0631 1
157.02 46.4334 1
122.342 20.1526 1
112.117 141.385 1
103.797 185.066 2
99.7914 25.8428 1
293.978 170.372 1
196.021 32.5505 1
211.976 94.6323 2
199.004 169.703 1
238.642 160.86 1
78.6193 56.2364 1
223.68 167.872 1
132.785 49.1419 2
177.237 43.0472 1
142.044 44.3352 1
76.3092 82.4049 1
342.877 123.081 2
169.213 45.9191 1
115.034 155.824 1
190.586 207.233 1
197.151 128.227 1
250.159 125.486 1
198.141 136.722 1
250.946 131.578 3
199.427 124.888 1
105.448 121.244 1
141.814 151.761 1
240.552 183.898 1
178.344 116.106 1
263.11 171.496 1
189.95 35.1414 2
258.199 18.5341 1
184.307 252.178 1
125.931 252.028 1
277.248 156.517 1
243.203 19.0796 1
97.7046 159.503 1
233.711 73.5843 2
58.6885 199.983 2
194.002 114.308 1
348.082 135.957 2
295.638 223.453 1
296.71 227.095 1
133.116 70.0161 2
145.125 150.425 1
194.312 129.451 1
139.835 192.354 2
239.763 23.7521 1
102.284 19.3236 1
246.596 24.8339 1
135.679 200.233 1
218.193 97.5659 1
117.557 136.368 1
257.892 103.465 1
166.406 93.8338 1
213.091 159.538 1
273.241 154.685 1
229.651 67.8596 1
57.3288 196.811 1
